#Arquivo Dados/ColetaTotal60.txt 
#Parâmetros(Ocupação: 60.00%, Capacidade: 588000.000 bps)
#Coleta|Ocupação|E(n)|E(w)|lambda|Little

100 59.09973 1.37913 0.01384 99.65000 -0.00000000000624145180
200 59.32435 1.47648 0.01480 99.79500 -0.00000000000321942473
300 59.37551 1.66826 0.01674 99.63000 -0.00000000007129319357
400 59.69942 1.68353 0.01683 100.00250 -0.00000000012294854024
500 59.49524 2.40792 0.02415 99.70200 -0.00000000007288880610
600 59.30002 3.33277 0.03351 99.46500 -0.00000000007933520507
700 59.47553 4.24079 0.04252 99.72857 -0.00000000015088996719
800 59.51937 5.17515 0.05188 99.75375 -0.00000000011940670674
900 59.54961 6.03442 0.06053 99.69222 -0.00000000023731061560
1000 59.76924 7.13807 0.07145 99.91000 0.00000000013896173101
1100 59.78592 8.26088 0.08264 99.96091 -0.00000000000910027609
1200 59.82967 9.46829 0.09467 100.01000 0.00000000061242388938
1300 59.83301 10.55640 0.10557 99.99308 0.00000000102494190912
1400 59.86274 11.61463 0.11609 100.04429 0.00000000057859317337
1500 59.87975 12.65752 0.12656 100.01333 0.00000000064642513564
1600 59.94293 13.68393 0.13664 100.14500 0.00000000065155170148
1700 59.99932 13.82050 0.13804 100.12000 0.00000000031353053487
1800 59.98151 13.93592 0.13926 100.06833 0.00000000026507152029
1900 59.99100 14.27179 0.14253 100.12895 0.00000000131340271992
2000 59.89356 14.73208 0.14728 100.02950 0.00000000050615867053
2100 59.83491 15.30262 0.15308 99.96762 -0.00000000005870504083
2200 59.79510 15.94470 0.15958 99.91636 0.00000000016787815582
2300 59.81772 16.53641 0.16547 99.93435 0.00000000067462835318
2400 59.90993 17.06161 0.17055 100.04125 0.00000000114997789069
2500 59.92028 17.52901 0.17515 100.08080 -0.00000000015419843180
2600 59.92922 18.04326 0.18022 100.11769 -0.00000000007096545573
2700 59.93617 18.61884 0.18597 100.11741 -0.00000000040359893205
2800 59.94415 19.14595 0.19121 100.12857 0.00000000107866426902
2900 59.91202 19.56539 0.19548 100.09103 0.00000000159747060025
3000 59.91397 19.93316 0.19920 100.06433 0.00000000119224097261
3100 59.92077 20.31930 0.20301 100.09065 0.00000000041915626525
3200 59.94163 20.71908 0.20704 100.07406 0.00000000134542332830
3300 59.91725 21.18524 0.21172 100.06364 0.00000000215180762098
3400 59.86749 21.81133 0.21808 100.01735 0.00000000113286091619
3500 59.88318 22.47015 0.22462 100.03714 0.00000000083018392161
3600 59.90061 23.10133 0.23096 100.02444 0.00000000227744934023
3700 59.89372 23.78273 0.23773 100.03973 0.00000000289594126457
3800 59.85661 24.53579 0.24536 99.99947 0.00000000302900460269
3900 59.85596 25.25246 0.25256 99.98513 0.00000000412953227169
4000 59.88166 25.91250 0.25911 100.00650 0.00000000605222538752
4100 59.88978 26.50195 0.26505 99.98756 0.00000000599822413960
4200 59.89997 27.01514 0.27010 100.02000 0.00000000607707661970
4300 59.91051 27.63852 0.27637 100.00628 0.00000000442002345835
4400 59.93032 28.38656 0.28378 100.02864 0.00000000120935084169
4500 59.94657 29.17573 0.29173 100.01089 -0.00000000040353498321
4600 59.96976 29.95801 0.29946 100.03957 0.00000000058106763845
4700 59.99643 30.72091 0.30707 100.04574 0.00000000146241063703
4800 59.97482 31.42244 0.31408 100.04563 -0.00000000040078163011
4900 59.93542 32.08802 0.32074 100.04306 -0.00000000093500318599
5000 59.96238 32.76793 0.32749 100.05780 0.00000000127857902044
5100 59.98094 33.53513 0.33522 100.03784 0.00000000211919370940
5200 59.97548 34.35233 0.34346 100.01827 0.00000000250327047979
5300 59.96943 35.25613 0.35252 100.01075 0.00000000160408575312
5400 59.96246 36.15783 0.36158 100.00056 0.00000000429026414395
5500 59.96873 36.71154 0.36703 100.02345 0.00000000394126686842
5600 59.97869 37.19206 0.37172 100.05411 0.00000000175212022668
5700 59.96375 37.62186 0.37605 100.04491 0.00000000444823200496
5800 59.95207 38.05070 0.38036 100.03845 0.00000000677212597111
5900 59.93340 38.45486 0.38444 100.02797 0.00000000731468929871
6000 59.91353 38.82432 0.38813 100.03017 0.00000000743727923691
6100 59.91475 39.23388 0.39220 100.03492 0.00000000918296194641
6200 59.90959 39.66735 0.39653 100.03516 0.00000001097670576655
6300 59.90610 40.13522 0.40127 100.01952 0.00000000996959670374
6400 59.91798 40.63458 0.40617 100.04328 0.00000000978401715201
6500 59.92356 41.07408 0.41056 100.04385 0.00000001084426770603
6600 59.88100 41.55317 0.41548 100.01182 0.00000000756401163926
6700 59.88900 42.02967 0.42025 100.01149 0.00000000576857672741
6800 59.90385 42.49165 0.42473 100.04456 0.00000000458062743292
6900 59.90630 42.97218 0.42955 100.04014 0.00000000481001904973
7000 59.88870 43.46089 0.43447 100.03257 0.00000000282815193486
7100 59.89614 43.99590 0.43972 100.05408 0.00000000126603794115
7200 59.91581 44.59497 0.44562 100.07333 0.00000000191518267911
7300 59.91352 45.15674 0.45127 100.06644 0.00000000729949078959
7400 59.91808 45.78388 0.45757 100.05892 0.00000000769932029243
7500 59.89954 46.40677 0.46391 100.03373 0.00000000429959357007
7600 59.88798 46.97820 0.46971 100.01539 0.00000000037093172978
7700 59.88676 47.48270 0.47473 100.02052 0.00000000550827650159
7800 59.87810 47.75024 0.47750 99.99949 0.00000000827990476182
7900 59.88545 47.17029 0.47166 100.00987 0.00000001059866860942
8000 59.89761 46.60439 0.46602 100.00513 0.00000000975649072643
8100 59.89207 46.05621 0.46055 100.00247 0.00000001089721024528
8200 59.90134 45.53492 0.45537 99.99549 0.00000001091711965273
8300 59.90858 45.06184 0.45065 99.99289 0.00000000900442387319
8400 59.90580 44.57540 0.44579 99.99143 0.00000001105770053300
8500 59.91683 44.10356 0.44107 99.99165 0.00000000969071578538
8600 59.90512 43.65444 0.43654 100.00198 0.00000001013437156416
8700 59.89528 43.24398 0.43245 99.99724 0.00000000868809024723
8800 59.90625 42.86567 0.42868 99.99545 0.00000000748600115230
8900 59.89074 42.50046 0.42512 99.97326 0.00000000520668663739
9000 59.89019 42.15702 0.42174 99.95933 0.00000000348392603655
9100 59.90395 41.80909 0.41819 99.97692 0.00000000671997923973
9200 59.91083 41.49288 0.41502 99.97913 0.00000000744793737795
9300 59.90218 41.22023 0.41232 99.97140 0.00000000233561081586
9400 59.89627 40.95271 0.40970 99.95777 0.00000000170615521711
9500 59.91376 40.71038 0.40720 99.97621 0.00000000457801263565
9600 59.90341 40.50482 0.40518 99.96792 0.00000000078718898067
9700 59.88600 40.34809 0.40367 99.95227 0.00000000164519775581
9800 59.87470 40.22296 0.40242 99.95296 0.00000000326548388330
9900 59.87224 40.13826 0.40156 99.95576 0.00000000452445192423
10000 59.86620 40.04794 0.40064 99.95890 0.00000000240808617491
10100 59.86582 39.99535 0.40011 99.96099 0.00000000210422257396
10200 59.86327 39.91632 0.39937 99.94765 -0.00000000129282540229
10300 59.87057 39.81132 0.39828 99.95883 -0.00000000119708687407
10400 59.88178 39.73882 0.39751 99.96971 0.00000000231261054751
10500 59.88541 39.69450 0.39704 99.97695 -0.00000000322138049569
10600 59.88000 39.64839 0.39659 99.97330 -0.00000000178739867351
10700 59.87837 39.60043 0.39614 99.96523 -0.00000000016692069948
10800 59.86725 39.53017 0.39545 99.96269 0.00000000033048053183
10900 59.87121 39.42854 0.39442 99.96706 0.00000000309969294676
11000 59.88741 39.32511 0.39328 99.99382 0.00000000520187626307
11100 59.89854 39.25812 0.39256 100.00523 0.00000000784276465993
11200 59.90378 39.24264 0.39237 100.01366 0.00000000365654528878
11300 59.89298 39.24295 0.39239 100.00991 0.00000000007295852811
11400 59.89100 39.25556 0.39250 100.01368 0.00000000721971815665
11500 59.90063 39.25599 0.39249 100.01896 0.00000001108760017132
11600 59.90450 39.24119 0.39232 100.02353 0.00000001202126043154
11700 59.91882 39.24418 0.39234 100.02487 0.00000001236688973449
11800 59.92557 39.25592 0.39244 100.03068 0.00000001059507326318
11900 59.92624 39.26684 0.39257 100.02496 0.00000001052165998772
12000 59.93039 39.27657 0.39268 100.02242 0.00000001441950558956
12100 59.91845 39.29368 0.39287 100.01752 0.00000001294123563866
12200 59.92861 39.34347 0.39331 100.03279 0.00000001249588166274
12300 59.93608 39.40564 0.39393 100.03293 0.00000001220189460582
12400 59.93782 39.51978 0.39504 100.04032 0.00000001061602006303
12500 59.94212 39.62424 0.39606 100.04664 0.00000000861771098926
12600 59.93353 39.69970 0.39682 100.04563 0.00000000788553933262
12700 59.93032 39.78809 0.39774 100.03488 0.00000000700641322737
12800 59.93107 39.89139 0.39876 100.03805 0.00000000733322025326
12900 59.93131 39.95144 0.39937 100.03504 0.00000001694673557040
13000 59.94311 39.99111 0.39974 100.04254 0.00000001660242787693
13100 59.94325 40.02060 0.40007 100.03489 0.00000001831691776033
13200 59.94919 40.05637 0.40040 100.04091 0.00000000859840554313
13300 59.95544 40.00656 0.39990 100.04075 0.00000000914590003731
13400 59.95105 39.84834 0.39837 100.02731 0.00000001365134494336
13500 59.95075 39.69916 0.39691 100.02133 0.00000002598070381055
13600 59.95132 39.54338 0.39533 100.02735 0.00000003318538688291
13700 59.94625 39.39206 0.39384 100.02102 0.00000003860156283508
13800 59.93768 39.23553 0.39230 100.01493 0.00000004068425596415
13900 59.95236 39.07887 0.39071 100.02029 0.00000004365042372001
14000 59.94711 38.94487 0.38936 100.02186 0.00000004759956340195
14100 59.93187 38.82422 0.38819 100.01270 0.00000004939744968624
14200 59.93466 38.72480 0.38719 100.01458 0.00000004593562863420
14300 59.94649 38.64572 0.38636 100.02497 0.00000004940072528825
14400 59.94835 38.56582 0.38556 100.02431 0.00000005315710183140
14500 59.95191 38.39627 0.38386 100.02566 0.00000004912882900499
14600 59.94693 38.14556 0.38136 100.02610 0.00000004522667751417
14700 59.94719 37.91765 0.37907 100.02762 0.00000004459966618242
14800 59.94043 37.69548 0.37686 100.02500 0.00000004544413201302
14900 59.93792 37.47749 0.37469 100.02181 0.00000004090245653288
15000 59.94327 37.29043 0.37279 100.03033 0.00000004207451809179
15100 59.93452 37.09934 0.37092 100.01921 0.00000003890466615530
15200 59.93361 36.91143 0.36904 100.02072 0.00000003379329882591
15300 59.92445 36.73861 0.36733 100.01405 0.00000004061130454147
15400 59.92677 36.59842 0.36591 100.02058 0.00000003982707141859
15500 59.92656 36.47828 0.36472 100.01748 0.00000003985683605379
15600 59.93275 36.28430 0.36279 100.01481 0.00000004655800012188
15700 59.93212 36.09255 0.36085 100.02127 0.00000004719812096710
15800 59.94306 35.90951 0.35898 100.03127 0.00000005239445499683
15900 59.94079 35.73957 0.35728 100.03277 0.00000004871493786140
16000 59.93632 35.58581 0.35578 100.02056 0.00000004234140504877
16100 59.92257 35.44918 0.35447 100.00615 0.00000003904845158331
16200 59.92358 35.34647 0.35343 100.00840 0.00000003909057255669
16300 59.92236 35.25772 0.35253 100.01239 0.00000004000578712748
16400 59.92060 35.09997 0.35098 100.00494 0.00000004164349576286
16500 59.92787 34.90527 0.34901 100.01236 0.00000004267578646022
16600 59.92219 34.71582 0.34713 100.00849 0.00000003705397233489
16700 59.93246 34.52457 0.34518 100.01964 0.00000003842153262212
16800 59.92903 34.33045 0.34326 100.01167 0.00000004323104008108
16900 59.92985 34.13706 0.34136 100.00272 0.00000004439949208290
17000 59.94343 33.95276 0.33948 100.01382 0.00000004201277903348
17100 59.93345 33.76850 0.33769 99.99807 0.00000004883084159246
17200 59.94173 33.60040 0.33600 100.00076 0.00000004922463858748
17300 59.93231 33.44426 0.33450 99.98358 0.00000005383436985085
17400 59.92714 33.26777 0.33275 99.97684 0.00000005323789054046
17500 59.92040 33.09671 0.33105 99.97411 0.00000005035177252921
17600 59.92146 32.93394 0.32943 99.97392 0.00000003993372388322
17700 59.92767 32.79669 0.32804 99.97836 0.00000004219681670747
17800 59.92828 32.67611 0.32682 99.98242 0.00000004122990304722
17900 59.92241 32.56631 0.32571 99.98547 0.00000004408038734027
18000 59.92730 32.47843 0.32482 99.99050 0.00000004462041403031
18100 59.93115 32.38841 0.32390 99.99525 0.00000004310499690519
18200 59.93473 32.28756 0.32289 99.99610 0.00000003977603313388
18300 59.94058 32.12141 0.32121 100.00022 0.00000003577098794949
18400 59.94863 31.96430 0.31962 100.00576 0.00000003027012596135
18500 59.95151 31.81354 0.31811 100.00724 0.00000003431747686022
18600 59.95354 31.67993 0.31676 100.01108 0.00000002983988167671
18700 59.94092 31.55881 0.31560 99.99503 0.00000001817128847392
18800 59.94421 31.41701 0.31417 99.99888 0.00000002239471541543
18900 59.94074 31.29114 0.31294 99.99159 0.00000003125668257553
19000 59.94224 31.16852 0.31171 99.99221 0.00000003892561295515
19100 59.93802 31.03423 0.31037 99.99209 0.00000004805682607412
19200 59.94072 30.89137 0.30897 99.98323 0.00000005007505521348
19300 59.94411 30.75780 0.30764 99.98130 0.00000006575719879720
19400 59.95000 30.62252 0.30627 99.98624 0.00000006674882868651
19500 59.95185 30.49385 0.30498 99.98656 0.00000006275082498064
19600 59.95930 30.36807 0.30373 99.98388 0.00000005888541565469
19700 59.96233 30.25296 0.30259 99.97863 0.00000006390927609345
19800 59.96170 30.15248 0.30159 99.97753 0.00000006228784599216
19900 59.95973 30.03763 0.30044 99.97910 0.00000005767626021225
20000 59.95715 29.90664 0.29916 99.97020 0.00000004795035835059
20100 59.95430 29.79694 0.29806 99.97000 0.00000004873087178225
20200 59.95542 29.68005 0.29688 99.97213 0.00000004446267354297
20300 59.95067 29.55545 0.29565 99.96862 0.00000005102404898594
20400 59.95627 29.43996 0.29448 99.97157 0.00000006045570444257
20500 59.96358 29.33179 0.29338 99.98000 0.00000005874564834585
20600 59.96989 29.21967 0.29225 99.98291 0.00000005241007983159
20700 59.96676 29.10792 0.29114 99.97889 0.00000005915662271150
20800 59.96553 28.99839 0.29004 99.98029 0.00000005729985730341
20900 59.96395 28.89029 0.28895 99.98273 0.00000006934159202387
21000 59.96775 28.79263 0.28797 99.98367 0.00000006129632978968
21100 59.96286 28.67391 0.28679 99.98270 0.00000005605270558817
21200 59.96788 28.55034 0.28554 99.98679 0.00000005543049397261
21300 59.97507 28.43109 0.28432 99.99643 0.00000005931030599982
21400 59.97428 28.31034 0.28313 99.99210 0.00000005656906054696
21500 59.98182 28.18819 0.28188 100.00019 0.00000005682971604415
21600 59.98075 28.06626 0.28067 99.99731 0.00000005133939140478
21700 59.98038 27.94783 0.27948 99.99765 0.00000005130949887189
21800 59.97756 27.84201 0.27843 99.99541 0.00000006034789734599
21900 59.97967 27.76463 0.27765 99.99959 0.00000005404433167655
22000 59.97765 27.67728 0.27678 99.99900 0.00000005763912369616
22100 59.97745 27.59762 0.27597 100.00081 0.00000005618299070420
22200 59.98051 27.52164 0.27520 100.00604 0.00000006179777045645
22300 59.98621 27.45604 0.27453 100.00946 0.00000005814323600362
22400 59.98532 27.39009 0.27388 100.00799 0.00000005774067091124
22500 59.97870 27.33261 0.27333 99.99791 0.00000005883738296575
22600 59.98424 27.29362 0.27291 100.00779 0.00000006001940278111
22700 59.98789 27.25468 0.27251 100.01216 0.00000005934511904115
22800 59.98623 27.21330 0.27211 100.00662 0.00000006798949669928
22900 59.98815 27.19051 0.27187 100.01437 0.00000006971555066571
23000 59.98648 27.19132 0.27188 100.01261 0.00000006139128316818
23100 59.98978 27.10643 0.27102 100.01537 0.00000007361681753082
23200 59.98759 27.00580 0.27002 100.01522 0.00000007340098306940
23300 59.98187 26.91698 0.26913 100.01378 0.00000007905474319614
23400 59.98152 26.82093 0.26817 100.01308 0.00000008432897757871
23500 59.97896 26.73056 0.26727 100.01234 0.00000009048575222437
23600 59.98089 26.63397 0.26632 100.00733 0.00000008693438147134
23700 59.98382 26.54804 0.26545 100.01013 0.00000008197266510024
23800 59.98232 26.48593 0.26484 100.00857 0.00000008486970770605
23900 59.98481 26.44123 0.26438 100.01335 0.00000009088047647765
24000 59.97782 26.39969 0.26398 100.00679 0.00000008614693314257
24100 59.98162 26.35395 0.26352 100.00622 0.00000008926128458597
24200 59.98314 26.31585 0.26315 100.00426 0.00000009026852154648
24300 59.98249 26.28931 0.26289 100.00045 0.00000009430574721137
24400 59.97761 26.26071 0.26262 99.99385 0.00000009952680812830
24500 59.98148 26.23125 0.26232 99.99767 0.00000010612669854027
24600 59.97809 26.20655 0.26208 99.99431 0.00000010737847233599
24700 59.97829 26.20381 0.26207 99.98814 0.00000010826448004764
24800 59.98250 26.22765 0.26232 99.98496 0.00000010651920945293
24900 59.98519 26.26243 0.26266 99.98610 0.00000010388276905360
25000 59.98518 26.29705 0.26300 99.98820 0.00000009856027816113
25100 59.99227 26.33159 0.26333 99.99450 0.00000009169797365871
25200 59.98968 26.37752 0.26380 99.99218 0.00000009226376818106
25300 59.98737 26.41281 0.26415 99.99103 0.00000009000575573737
25400 59.99096 26.44690 0.26448 99.99724 0.00000009084353891353
25500 59.99204 26.49086 0.26490 100.00165 0.00000008810941309889
25600 59.99494 26.54171 0.26541 100.00184 0.00000008338729173829
25700 59.99068 26.57763 0.26577 100.00342 0.00000007563458126469
25800 59.99006 26.61247 0.26611 100.00364 0.00000007856437633791
25900 59.98600 26.65251 0.26652 100.00127 0.00000006825828435808
26000 59.99165 26.70029 0.26698 100.00900 0.00000005705551942015
26100 59.99612 26.67766 0.26674 100.01540 0.00000006055810786165
26200 59.99576 26.58535 0.26582 100.01385 0.00000006519427131479
26300 59.99565 26.49744 0.26495 100.01103 0.00000006750886427653
26400 59.99559 26.42473 0.26421 100.01557 0.00000007076494412672
26500 59.99348 26.35949 0.26355 100.01608 0.00000008821766783740
26600 59.99011 26.29947 0.26297 100.01034 0.00000008353967118069
26700 59.99212 26.25452 0.26252 100.00989 0.00000007796514722713
26800 59.98800 26.22623 0.26224 100.00802 0.00000008485302416261
26900 59.98852 26.19542 0.26193 100.00900 0.00000007896346687630
27000 59.98445 26.15076 0.26149 100.00633 0.00000008757657710134
27100 59.98398 26.09869 0.26097 100.00498 0.00000007185750661165
27200 59.98671 26.01537 0.26014 100.00695 0.00000006225230109180
27300 59.98987 25.93200 0.25928 100.01498 0.00000006612440017761
27400 59.99719 25.84497 0.25838 100.02653 0.00000005813633308094
27500 59.99449 25.75831 0.25753 100.02247 0.00000006000376018278
27600 59.99307 25.67740 0.25672 100.02236 0.00000006018207088232
27700 59.99248 25.60934 0.25604 100.02278 0.00000006597506896355
27800 59.99568 25.55676 0.25552 100.01964 0.00000005278199566305
27900 59.99341 25.50650 0.25502 100.01889 0.00000002979630409072
28000 59.99306 25.46279 0.25458 100.02021 0.00000003640739265620
28100 59.99720 25.42489 0.25419 100.02206 0.00000003231604495113
28200 59.99654 25.38622 0.25380 100.02454 0.00000003957387662012
28300 59.99853 25.35376 0.25348 100.02230 0.00000004992245195012
28400 59.99724 25.33204 0.25326 100.02303 0.00000004646907214578
28500 60.00110 25.32666 0.25319 100.03126 0.00000005026640081951
28600 60.00073 25.33487 0.25329 100.02448 0.00000005624230681178
28700 59.99789 25.35614 0.25352 100.01641 0.00000006265958063523
28800 59.99693 25.37269 0.25368 100.01760 0.00000007045212768730
28900 59.99462 25.38845 0.25384 100.01692 0.00000007016140557425
29000 59.99063 25.39329 0.25389 100.01510 0.00000006634086702206
29100 59.98832 25.35454 0.25350 100.01680 0.00000005780448120163
29200 59.98577 25.29679 0.25294 100.01247 0.00000003899153355746
29300 59.99188 25.24410 0.25239 100.02109 0.00000005313360773584
29400 59.98896 25.20787 0.25203 100.02037 0.00000005472459818634
29500 59.98835 25.18055 0.25175 100.02088 0.00000003998377806624
29600 59.99182 25.16158 0.25156 100.02324 0.00000004299121059148
29700 59.99638 25.15283 0.25145 100.03111 0.00000002582646629889
29800 60.00052 25.14717 0.25139 100.03097 0.00000002518338249047
29900 59.99607 25.11934 0.25112 100.02940 0.00000002586218883494
30000 59.99971 25.05530 0.25046 100.03627 0.00000001906312618871
30100 59.99993 24.99699 0.24988 100.03754 0.00000000571402125615
30200 60.00291 24.93868 0.24929 100.04083 0.00000000128009602918
30300 59.99931 24.86787 0.24859 100.03680 -0.00000000273166023135
30400 60.00039 24.79962 0.24789 100.04082 -0.00000001261578219669
30500 60.00358 24.73593 0.24725 100.04475 -0.00000000306988567900
30600 60.00599 24.66461 0.24652 100.04993 -0.00000001869043941838
30700 60.00454 24.59601 0.24585 100.04469 -0.00000001892314571705
30800 60.00089 24.52938 0.24519 100.04081 -0.00000001930995097155
30900 59.99824 24.47066 0.24462 100.03421 -0.00000001922635561868
31000 59.99781 24.41386 0.24406 100.03274 -0.00000002855585634620
31100 59.99560 24.35956 0.24353 100.02621 -0.00000003166593032233
31200 59.99993 24.31701 0.24309 100.03224 -0.00000002809072441323
31300 60.00099 24.28018 0.24271 100.03808 -0.00000002627119854992
31400 60.00154 24.25238 0.24243 100.04041 -0.00000003608283805079
31500 60.00389 24.24680 0.24237 100.04206 -0.00000003871414833156
31600 60.00362 24.23885 0.24230 100.03791 -0.00000002675437471567
31700 60.00711 24.23016 0.24221 100.03826 -0.00000002870022086654
31800 60.01424 24.22836 0.24218 100.04094 -0.00000000998876359404
31900 60.01456 24.22377 0.24214 100.04179 -0.00000002409307597873
32000 60.01397 24.20689 0.24197 100.04275 -0.00000001322494469491
32100 60.01609 24.16023 0.24150 100.04333 -0.00000002312605928978
32200 60.01407 24.12676 0.24117 100.04193 -0.00000001819868344910
32300 60.01534 24.10519 0.24094 100.04495 -0.00000001301474839011
32400 60.01442 24.09222 0.24081 100.04497 -0.00000001503150315330
32500 60.00831 24.09504 0.24086 100.03717 -0.00000000842883096652
32600 60.00848 24.11008 0.24101 100.03853 -0.00000000235316477415
32700 60.00903 24.12132 0.24112 100.03976 0.00000000041958259089
32800 60.01401 24.06950 0.24059 100.04192 0.00000000363557717264
32900 60.01201 24.01057 0.24001 100.04176 0.00000000067199934506
33000 60.01154 23.94900 0.23939 100.04342 -0.00000001006100447398
33100 60.00912 23.88911 0.23879 100.04299 -0.00000002911263408123
33200 60.00970 23.82948 0.23819 100.04298 -0.00000002146862598806
33300 60.00759 23.77090 0.23760 100.04396 -0.00000001921282333228
33400 60.01035 23.71583 0.23705 100.04632 -0.00000002058331816102
33500 60.01095 23.66002 0.23649 100.04642 -0.00000002834768508819
33600 60.01184 23.60925 0.23598 100.04824 -0.00000002348694039256
33700 60.01285 23.55971 0.23548 100.04929 -0.00000002840402757442
33800 60.01318 23.51834 0.23506 100.05219 -0.00000003491309286119
33900 60.01544 23.47636 0.23463 100.05723 -0.00000004160977695733
34000 60.02241 23.44284 0.23428 100.06532 -0.00000003441889617761
34100 60.02407 23.42107 0.23405 100.06859 -0.00000003106267953967
34200 60.02371 23.40273 0.23386 100.06947 -0.00000002900744888734
34300 60.02387 23.38498 0.23369 100.07017 -0.00000003291063421784
34400 60.02357 23.38065 0.23364 100.06991 -0.00000002928264919433
34500 60.02139 23.38433 0.23368 100.06858 -0.00000002106499508159
34600 60.02189 23.38501 0.23370 100.06561 -0.00000000238679120912
34700 60.02294 23.38928 0.23373 100.06755 0.00000000774642572310
34800 60.02133 23.35388 0.23339 100.06580 0.00000000294691560043
34900 60.01775 23.29594 0.23281 100.06298 -0.00000000444237713282
35000 60.01779 23.24937 0.23234 100.06580 -0.00000001604806598721
35100 60.01416 23.20773 0.23193 100.06339 -0.00000002358049755458
35200 60.01636 23.16009 0.23145 100.06361 -0.00000002494136808195
35300 60.01567 23.10414 0.23090 100.06139 -0.00000001926369819216
35400 60.01552 23.05488 0.23041 100.06020 -0.00000002146831690197
35500 60.01666 23.01632 0.23002 100.06349 -0.00000003338805143471
35600 60.02088 22.98497 0.22970 100.06573 -0.00000004335293724012
35700 60.02387 22.96074 0.22946 100.06347 -0.00000004637844597255
35800 60.01989 22.93372 0.22921 100.05751 -0.00000003702186290866
35900 60.02006 22.90649 0.22893 100.05780 -0.00000003420234762075
36000 60.02155 22.88497 0.22871 100.06033 -0.00000003329153841491
36100 60.02109 22.87247 0.22860 100.05673 -0.00000003474574938878
36200 60.02096 22.86977 0.22857 100.05727 -0.00000005059300534072
36300 60.02328 22.87431 0.22861 100.06017 -0.00000005795719815183
36400 60.02354 22.87348 0.22860 100.05929 -0.00000005162704397321
36500 60.02514 22.88017 0.22866 100.06178 -0.00000004308399681463
36600 60.02399 22.89652 0.22882 100.06230 -0.00000003492981903719
36700 60.02039 22.91887 0.22904 100.06289 -0.00000003915506141539
36800 60.01821 22.94984 0.22936 100.06228 -0.00000004167804235067
36900 60.02116 22.98129 0.22967 100.06398 -0.00000004020708388452
37000 60.02004 23.01537 0.23001 100.06395 -0.00000005982714057495
37100 60.02149 23.05687 0.23041 100.06908 -0.00000008011814855990
37200 60.02061 23.10448 0.23089 100.06785 -0.00000005619455123451
37300 60.01998 23.16006 0.23144 100.06807 -0.00000006742041591679
37400 60.02169 23.22580 0.23210 100.06714 -0.00000007094198295476
37500 60.02256 23.28271 0.23267 100.06688 -0.00000006320177448060
37600 60.02173 23.33939 0.23324 100.06713 -0.00000006630726900880
37700 60.01658 23.39290 0.23379 100.06122 -0.00000007449578021124
37800 60.01793 23.45433 0.23440 100.06288 -0.00000006235628546847
37900 60.01792 23.52104 0.23506 100.06493 -0.00000006433057464506
38000 60.01918 23.59030 0.23576 100.06179 -0.00000006630243021277
38100 60.01881 23.65926 0.23645 100.06071 -0.00000009279778367954
38200 60.02227 23.69419 0.23679 100.06335 -0.00000011869231997252
38300 60.02270 23.72063 0.23706 100.06013 -0.00000014141388149369
38400 60.02111 23.75479 0.23741 100.05951 -0.00000014122559122143
38500 60.02460 23.79488 0.23780 100.06418 -0.00000011821384049426
38600 60.02572 23.84042 0.23825 100.06389 -0.00000011076316397407
38700 60.02242 23.88375 0.23869 100.05979 -0.00000008996291001040
38800 60.02437 23.92722 0.23913 100.06131 -0.00000009474242546048
38900 60.02598 23.97686 0.23962 100.06211 -0.00000007802051626982
39000 60.02783 24.03480 0.24019 100.06615 -0.00000008374068016792
39100 60.02972 24.10100 0.24085 100.06675 -0.00000008209253010705
39200 60.03252 24.17354 0.24157 100.06865 -0.00000007444596406003
39300 60.03230 24.21963 0.24202 100.07089 -0.00000008933632500430
39400 60.03717 24.26249 0.24244 100.07820 -0.00000007323369999312
39500 60.03803 24.31261 0.24293 100.08053 -0.00000005369872724259
39600 60.03589 24.36444 0.24345 100.07914 -0.00000004661119845650
39700 60.03559 24.42817 0.24409 100.07872 -0.00000004390658148168
39800 60.03522 24.49831 0.24479 100.08035 -0.00000003210920951346
39900 60.03435 24.57104 0.24551 100.08030 -0.00000003406621473800
40000 60.03126 24.61993 0.24601 100.07570 -0.00000002745247584812
40100 60.03123 24.64069 0.24622 100.07506 -0.00000003867435083293
40200 60.02920 24.66549 0.24647 100.07386 -0.00000004840649125981
40300 60.02930 24.69553 0.24677 100.07315 -0.00000003345015642253
40400 60.02872 24.73900 0.24721 100.07257 -0.00000000810915423699
40500 60.02557 24.79009 0.24773 100.07044 -0.00000001575342523097
40600 60.02521 24.84769 0.24830 100.07123 -0.00000003957702787716
40700 60.02786 24.90292 0.24884 100.07646 -0.00000006823456644156
40800 60.02533 24.95282 0.24934 100.07549 -0.00000006317791090282
40900 60.02221 25.00805 0.24990 100.07311 -0.00000002405090526736
41000 60.01973 25.03406 0.25016 100.07110 -0.00000001720953335393
41100 60.02030 24.99134 0.24974 100.07139 0.00000001302290897343
41200 60.01929 24.95772 0.24940 100.07282 0.00000001007955674481
41300 60.01797 24.93003 0.24912 100.07223 -0.00000000186741644370
41400 60.01505 24.90171 0.24885 100.06804 0.00000000127227650637
41500 60.01474 24.87226 0.24856 100.06386 0.00000002161594636618
41600 60.01606 24.84570 0.24830 100.06291 0.00000002142071409139
41700 60.01634 24.81001 0.24794 100.06477 0.00000001706874641627
41800 60.01640 24.77525 0.24759 100.06622 0.00000001641986457912
41900 60.01593 24.74383 0.24728 100.06470 0.00000002397411336119
42000 60.01470 24.71969 0.24705 100.06110 0.00000004605445980133
42100 60.01319 24.67142 0.24657 100.05819 0.00000004733655956102
42200 60.01261 24.61807 0.24605 100.05469 0.00000005196807251195
42300 60.01562 24.56412 0.24550 100.05626 0.00000002898613971070
42400 60.01537 24.51603 0.24502 100.05748 0.00000004015734234031
42500 60.01711 24.47321 0.24459 100.05984 0.00000004061049807547
42600 60.02146 24.42772 0.24412 100.06378 0.00000004707070644372
42700 60.02150 24.38249 0.24367 100.06461 0.00000006601973367992
42800 60.02189 24.33589 0.24321 100.06252 0.00000005736113095622
42900 60.02622 24.29097 0.24275 100.06676 0.00000006905996841056
43000 60.02913 24.25022 0.24233 100.06949 0.00000007503639309903
43100 60.02977 24.20978 0.24193 100.06889 0.00000009300865499995
43200 60.02870 24.17989 0.24164 100.06530 0.00000006591414347668
43300 60.02727 24.15845 0.24143 100.06513 0.00000007935201296050
43400 60.02483 24.14214 0.24127 100.06267 0.00000009283646917879
43500 60.02162 24.12761 0.24113 100.06028 0.00000010247125459273
43600 60.01967 24.10430 0.24090 100.05878 0.00000009410294765644
43700 60.01815 24.07793 0.24064 100.05659 0.00000012666249915583
43800 60.01759 24.05061 0.24037 100.05696 0.00000013058479808592
43900 60.01898 24.03226 0.24018 100.05841 0.00000013779480312337
44000 60.02283 24.02037 0.24005 100.06207 0.00000014049512131464
44100 60.02404 24.01502 0.24000 100.06324 0.00000012559397433165
44200 60.02393 24.00954 0.23995 100.06247 0.00000012263510384969
44300 60.02408 24.00582 0.23990 100.06456 0.00000009981412674165
44400 60.02029 24.00334 0.23989 100.06104 0.00000012008710115197
44500 60.02317 24.00196 0.23987 100.06317 0.00000011976722902318
44600 60.02366 24.00305 0.23988 100.06309 0.00000012163404150556
44700 60.02731 24.01249 0.23996 100.06723 0.00000012558427897602
44800 60.02769 24.02873 0.24012 100.06868 0.00000012062946908031
44900 60.02950 24.04359 0.24027 100.06815 0.00000010351741508430
45000 60.02958 24.05977 0.24044 100.06762 0.00000009412713453116
45100 60.02652 24.07948 0.24064 100.06492 0.00000009794536381946
45200 60.02867 24.10664 0.24091 100.06564 0.00000009894730723659
45300 60.02729 24.13637 0.24121 100.06333 0.00000011057518634061
45400 60.02534 24.15777 0.24143 100.06156 0.00000012625002909772
45500 60.02412 24.17670 0.24162 100.06064 0.00000013495674267006
45600 60.02348 24.19185 0.24177 100.06127 0.00000015992045732105
45700 60.02027 24.19891 0.24184 100.05976 0.00000015086847326984
45800 60.01986 24.20030 0.24186 100.05801 0.00000015188655666520
45900 60.01723 24.19382 0.24181 100.05146 0.00000017380959960178
46000 60.01784 24.17544 0.24162 100.05396 0.00000017653707828913
46100 60.01754 24.15511 0.24142 100.05241 0.00000016881848807770
46200 60.01744 24.13971 0.24126 100.05554 0.00000018117849620580
46300 60.01681 24.13045 0.24117 100.05767 0.00000017180690647933
46400 60.01776 24.12119 0.24107 100.05769 0.00000015593711921724
46500 60.01615 24.10506 0.24092 100.05540 0.00000015795408714325
46600 60.01777 24.08966 0.24076 100.05592 0.00000015238634887282
46700 60.01580 24.08028 0.24067 100.05653 0.00000014029534867177
46800 60.01902 24.07580 0.24061 100.06111 0.00000015165620581570
46900 60.01965 24.07117 0.24056 100.06154 0.00000017004318664249
47000 60.01753 24.06768 0.24053 100.06170 0.00000015521754193060
47100 60.01486 24.06083 0.24046 100.06318 0.00000014260991676451
47200 60.01616 24.05656 0.24041 100.06483 0.00000014419240912389
47300 60.01749 24.05355 0.24038 100.06564 0.00000014201647147161
47400 60.01776 24.05235 0.24036 100.06637 0.00000014921861435369
47500 60.01858 24.05713 0.24041 100.06724 0.00000015976225853365
47600 60.01788 24.06892 0.24053 100.06586 0.00000015960588228836
47700 60.01538 24.08842 0.24073 100.06405 0.00000015524896923580
47800 60.01492 24.11474 0.24099 100.06550 0.00000013505622575849
47900 60.01563 24.14818 0.24133 100.06489 0.00000014082150912031
48000 60.01093 24.18451 0.24170 100.06042 0.00000014188307417839
48100 60.01225 24.22973 0.24215 100.05988 0.00000012270477967036
48200 60.00824 24.27574 0.24262 100.05672 0.00000012321105558044
48300 60.00866 24.32855 0.24315 100.05760 0.00000012061034126987
48400 60.00671 24.39041 0.24377 100.05519 0.00000010775733372270
48500 60.00770 24.45603 0.24442 100.05548 0.00000011205874983489
48600 60.00716 24.52221 0.24509 100.05198 0.00000011434858393500
48700 60.00837 24.59036 0.24577 100.05273 0.00000012030455209810
48800 60.00974 24.65338 0.24640 100.05270 0.00000011348694783919
48900 60.01201 24.63456 0.24621 100.05409 0.00000011868209526256
49000 60.00936 24.60671 0.24595 100.04898 0.00000012605682897515
49100 60.00838 24.58607 0.24574 100.05012 0.00000013447543523171
49200 60.00666 24.57405 0.24562 100.04815 0.00000013501529139148
49300 60.00635 24.56900 0.24558 100.04619 0.00000012342518118658
49400 60.00946 24.56884 0.24557 100.04753 0.00000011836552715749
49500 60.01204 24.57169 0.24559 100.05162 0.00000012617338285281
49600 60.01428 24.57641 0.24563 100.05448 0.00000013848925561888
49700 60.01267 24.58331 0.24570 100.05276 0.00000012827506168378
49800 60.01075 24.57172 0.24559 100.05159 0.00000012432079188329
49900 60.00719 24.55758 0.24546 100.04882 0.00000011201207072986
50000 60.00513 24.54813 0.24536 100.04838 0.00000010898708779905
50100 60.00521 24.54019 0.24529 100.04731 0.00000010013128104447
50200 60.00463 24.53622 0.24525 100.04643 0.00000009526473832011
50300 60.00710 24.54037 0.24528 100.04867 0.00000008077713431476
50400 60.00479 24.54558 0.24535 100.04393 0.00000009347865059794
50500 60.00613 24.54547 0.24535 100.04418 0.00000011683811251828
50600 60.00655 24.54649 0.24536 100.04370 0.00000013586937797072
50700 60.00739 24.55292 0.24542 100.04314 0.00000016198201180373
50800 60.00659 24.56064 0.24550 100.04283 0.00000016556539605972
50900 60.00863 24.57182 0.24561 100.04297 0.00000017164231636002
51000 60.00917 24.58921 0.24578 100.04596 0.00000015464737401771
51100 60.00823 24.60949 0.24598 100.04716 0.00000014740048470685
51200 60.00866 24.63238 0.24621 100.04611 0.00000015640087980273
51300 60.00840 24.65036 0.24639 100.04452 0.00000017382957295808
51400 60.00555 24.66610 0.24656 100.03942 0.00000017966856802332
51500 60.00533 24.68551 0.24675 100.04099 0.00000016281471104662
51600 60.00451 24.70805 0.24698 100.04072 0.00000016407483016678
51700 60.00492 24.73530 0.24725 100.04190 0.00000017943166952250
51800 60.00879 24.76452 0.24754 100.04400 0.00000018858321482185
51900 60.00918 24.80337 0.24792 100.04659 0.00000019571610820890
52000 60.01316 24.84672 0.24835 100.04833 0.00000019864442535322
52100 60.01483 24.89276 0.24880 100.05069 0.00000021804814664961
52200 60.01380 24.93593 0.24924 100.04839 0.00000021456706633671
52300 60.01530 24.98050 0.24969 100.04725 0.00000022808049138234
52400 60.01552 25.02272 0.25011 100.04544 0.00000024223065508977
52500 60.01795 25.06939 0.25057 100.04844 0.00000021840079966751
52600 60.01744 25.11890 0.25107 100.04772 0.00000020148009127752
52700 60.01838 25.17059 0.25158 100.04998 0.00000021068194300256
52800 60.01790 25.21517 0.25203 100.04884 0.00000022003575494978
52900 60.01672 25.26030 0.25248 100.04677 0.00000020432694114447
53000 60.01833 25.30517 0.25293 100.04642 0.00000023189428688397
53100 60.02092 25.34668 0.25334 100.04861 0.00000024794151443075
53200 60.02028 25.39498 0.25383 100.04765 0.00000025727773333983
53300 60.02136 25.44366 0.25431 100.04974 0.00000026960321264369
53400 60.02448 25.49262 0.25479 100.05228 0.00000023179191899203
53500 60.02289 25.54163 0.25529 100.05082 0.00000023867432474844
53600 60.02430 25.58652 0.25573 100.05200 0.00000024846081103647
53700 60.02436 25.62734 0.25615 100.04991 0.00000026761324889435
53800 60.02314 25.67213 0.25660 100.04740 0.00000027235657640290
53900 60.02176 25.72122 0.25710 100.04269 0.00000027239069311236
54000 60.01871 25.77579 0.25765 100.04046 0.00000027089052778706
54100 60.01696 25.83533 0.25825 100.03860 0.00000029424787939547
54200 60.01813 25.90026 0.25890 100.03989 0.00000028314772393401
54300 60.02035 25.96027 0.25949 100.04260 0.00000028699911780450
54400 60.02177 26.00202 0.25990 100.04458 0.00000028784554118033
54500 60.01910 26.04148 0.26030 100.04376 0.00000031595417837593
54600 60.01943 26.08552 0.26073 100.04621 0.00000030695935038239
54700 60.01955 26.13240 0.26121 100.04550 0.00000031088356067244
54800 60.01816 26.19014 0.26179 100.04305 0.00000030550209118019
54900 60.01756 26.25657 0.26245 100.04233 0.00000033237914465190
55000 60.01752 26.32522 0.26314 100.04204 0.00000032409540651201
55100 60.01760 26.39637 0.26385 100.04187 0.00000031517816267979
55200 60.01841 26.47621 0.26465 100.04266 0.00000031618719731341
55300 60.01957 26.54955 0.26538 100.04537 0.00000031395587285488
55400 60.01652 26.62380 0.26612 100.04406 0.00000030935431283297
55500 60.01506 26.70357 0.26692 100.04216 0.00000029585368466201
55600 60.01358 26.79212 0.26782 100.03948 0.00000029797907785678
55700 60.01112 26.88680 0.26876 100.03840 0.00000028820516462247
55800 60.00915 26.98505 0.26975 100.03740 0.00000028622559611335
55900 60.00914 27.08312 0.27073 100.03726 0.00000029220073471947
56000 60.00877 27.17938 0.27170 100.03541 0.00000027819517001149
56100 60.00925 27.27739 0.27268 100.03551 0.00000025668347092278
56200 60.00785 27.38099 0.27372 100.03436 0.00000027779590183741
56300 60.00519 27.48446 0.27476 100.03080 0.00000029355980046830
56400 60.00377 27.58944 0.27581 100.02965 0.00000023559378803384
56500 60.00408 27.69769 0.27689 100.03078 0.00000023432603057927
56600 60.00424 27.80962 0.27802 100.02882 0.00000027319459405817
56700 60.00512 27.92421 0.27916 100.02981 0.00000028854839584369
56800 60.00535 28.03581 0.28028 100.02947 0.00000027306763072943
56900 60.00319 28.15542 0.28147 100.03072 0.00000026592481816579
57000 60.00344 28.27952 0.28270 100.03244 0.00000027564358617838
57100 60.00140 28.41034 0.28401 100.03117 0.00000029053687811142
57200 59.99970 28.54561 0.28538 100.02740 0.00000026719975920741
57300 59.99956 28.67400 0.28666 100.02742 0.00000029911710797137
57400 60.00127 28.80149 0.28793 100.03106 0.00000029473907403599
57500 59.99938 28.92342 0.28915 100.02934 0.00000031817858570093
57600 59.99783 29.04205 0.29034 100.02823 0.00000032315798037530
57700 59.99693 29.16166 0.29154 100.02790 0.00000032467953303694
57800 59.99407 29.27942 0.29272 100.02583 0.00000035835467215861
57900 59.99545 29.39475 0.29387 100.02556 0.00000033394454490576
58000 59.99686 29.50924 0.29501 100.02812 0.00000031100296382647
58100 59.99716 29.61972 0.29612 100.02759 0.00000030234685155506
58200 59.99545 29.72856 0.29721 100.02632 0.00000031608227146762
58300 59.99478 29.83801 0.29830 100.02684 0.00000030444385856754
58400 59.99399 29.95196 0.29944 100.02659 0.00000027107882516475
58500 59.99566 30.06777 0.30060 100.02697 0.00000028156073383911
58600 59.99418 30.18234 0.30174 100.02679 0.00000029327583916938
58700 59.99521 30.29472 0.30286 100.02813 0.00000030305002596265
58800 59.99672 30.41008 0.30401 100.02828 0.00000032265781158003
58900 59.99771 30.53218 0.30523 100.03080 0.00000031360155716698
59000 59.99682 30.66512 0.30656 100.02876 0.00000032937451166504
59100 59.99645 30.80648 0.30798 100.02853 0.00000034413914562492
59200 59.99711 30.95324 0.30944 100.02867 0.00000033969590873539
59300 59.99599 31.10375 0.31096 100.02627 0.00000035272018550359
59400 59.99607 31.25519 0.31246 100.02800 0.00000036244932033469
59500 59.99528 31.41022 0.31401 100.02889 0.00000036045324236511
59600 59.99569 31.56699 0.31558 100.02820 0.00000035744139381677
59700 59.99449 31.72569 0.31717 100.02704 0.00000034211270616424
59800 59.99571 31.88754 0.31879 100.02791 0.00000036205245024235
59900 59.99459 32.05362 0.32045 100.02838 0.00000037740608860304
60000 59.99452 32.22291 0.32214 100.02912 0.00000041036149411866
60100 59.99494 32.37241 0.32363 100.02774 0.00000042690056289985
60200 59.99440 32.45532 0.32446 100.02869 0.00000043435606045250
60300 59.99590 32.52452 0.32515 100.02934 0.00000044136864119082
60400 59.99706 32.60051 0.32591 100.02964 0.00000043618119605071
60500 59.99915 32.67898 0.32669 100.03147 0.00000044806759547100
60600 60.00153 32.75857 0.32748 100.03185 0.00000046516325369339
60700 60.00288 32.83313 0.32822 100.03329 0.00000047232757793836
60800 60.00242 32.91470 0.32904 100.03104 0.00000048762271376290
60900 60.00068 33.00021 0.32991 100.02905 0.00000047250671997290
61000 60.00219 33.07523 0.33065 100.03079 0.00000049774619981235
61100 60.00209 33.15168 0.33142 100.02997 0.00000051348623486547
61200 60.00242 33.22726 0.33218 100.02814 0.00000050355712488681
61300 60.00241 33.30151 0.33293 100.02535 0.00000052515791537644
61400 60.00193 33.36928 0.33361 100.02425 0.00000051859742455918
61500 60.00137 33.43422 0.33426 100.02468 0.00000055506028218133
61600 60.00122 33.50142 0.33493 100.02424 0.00000056353230348805
61700 60.00209 33.57494 0.33567 100.02227 0.00000053964772916970
61800 60.00270 33.65032 0.33643 100.02262 0.00000053445430836518
61900 60.00039 33.72853 0.33722 100.01929 0.00000054144278749391
62000 60.00311 33.80752 0.33800 100.02366 0.00000054783395597724
62100 60.00545 33.88753 0.33879 100.02614 0.00000053139697797633
62200 60.00360 33.97025 0.33962 100.02387 0.00000055376992236233
62300 60.00397 34.06048 0.34053 100.02308 0.00000052379827053528
62400 60.00479 34.16102 0.34152 100.02598 0.00000050146661578765
62500 60.00309 34.26646 0.34258 100.02467 0.00000053120800913575
62600 60.00049 34.37604 0.34368 100.02335 0.00000051923530008935
62700 60.00164 34.48716 0.34478 100.02549 0.00000051006556844868
62800 60.00052 34.60118 0.34593 100.02443 0.00000053862333970756
62900 60.00152 34.72179 0.34713 100.02537 0.00000055151513578267
63000 60.00394 34.84833 0.34839 100.02678 0.00000057120073648775
63100 60.00491 34.96633 0.34956 100.02829 0.00000056905793854867
63200 60.00437 35.06693 0.35057 100.02809 0.00000053507211816850
63300 60.00568 35.16911 0.35158 100.03122 0.00000053278559164482
63400 60.00758 35.27195 0.35260 100.03388 0.00000052899574853882
63500 60.00741 35.37914 0.35367 100.03398 0.00000053814505918126
63600 60.00709 35.48919 0.35477 100.03352 0.00000053220979623347
63700 60.00674 35.59685 0.35584 100.03493 0.00000052192773836168
63800 60.00676 35.70842 0.35695 100.03625 0.00000054215513500822
63900 60.00756 35.82766 0.35815 100.03634 0.00000055434683332578
64000 60.00790 35.94872 0.35936 100.03553 0.00000056811664705947
64100 60.00781 36.07347 0.36061 100.03498 0.00000056843537521445
64200 60.00625 36.20251 0.36190 100.03368 0.00000056167798589968
64300 60.00355 36.32772 0.36316 100.03199 0.00000055799684162139
64400 60.00222 36.44730 0.36436 100.03093 0.00000056278798865605
64500 60.00188 36.56416 0.36553 100.03060 0.00000057126554509068
64600 59.99925 36.68368 0.36673 100.02916 0.00000058424793536460
64700 60.00006 36.80929 0.36798 100.03119 0.00000058380616252407
64800 60.00009 36.93891 0.36927 100.03147 0.00000060647617772247
64900 60.00068 37.07592 0.37064 100.03193 0.00000058232921418266
65000 59.99954 37.21244 0.37201 100.03054 0.00000059250017869772
65100 59.99922 37.34826 0.37337 100.02972 0.00000058762842058968
65200 60.00025 37.48553 0.37475 100.02919 0.00000058381405665386
65300 60.00025 37.62419 0.37613 100.03000 0.00000057020578481115
65400 59.99857 37.76843 0.37758 100.02893 0.00000057502023764755
65500 59.99829 37.91267 0.37902 100.02834 0.00000057547558895976
65600 59.99792 38.05756 0.38047 100.02899 0.00000057801079123010
65700 59.99676 38.19956 0.38189 100.02743 0.00000057715054424534
65800 59.99782 38.34679 0.38336 100.02695 0.00000056481820820409
65900 59.99877 38.48786 0.38477 100.02818 0.00000056670716475082
66000 59.99831 38.62981 0.38620 100.02612 0.00000055732210313408
66100 59.99689 38.75088 0.38742 100.02372 0.00000057761641159004
66200 59.99533 38.85116 0.38843 100.02030 0.00000060139223023725
66300 59.99664 38.95376 0.38946 100.02051 0.00000061461237521598
66400 59.99763 39.05825 0.39050 100.02053 0.00000061391929051524
66500 59.99754 39.16377 0.39156 100.02090 0.00000060693337644580
66600 59.99661 39.26994 0.39262 100.01925 0.00000062234482101076
66700 59.99678 39.37644 0.39369 100.01936 0.00000064077435979470
66800 59.99666 39.48600 0.39478 100.01967 0.00000063271595251990
66900 59.99702 39.58723 0.39579 100.02123 0.00000061928361816399
67000 59.99656 39.68685 0.39678 100.02169 0.00000062113826260202
67100 59.99689 39.78972 0.39781 100.02143 0.00000064675749200660
67200 59.99855 39.89340 0.39884 100.02235 0.00000064660594745192
67300 60.00147 39.99837 0.39989 100.02303 0.00000066911602658593
67400 60.00412 40.10213 0.40092 100.02558 0.00000067551714977299
67500 60.00167 40.19714 0.40187 100.02481 0.00000065514635139152
67600 60.00227 40.28872 0.40279 100.02425 0.00000066988570068816
67700 60.00238 40.38091 0.40371 100.02480 0.00000066426192546487
67800 60.00276 40.47667 0.40466 100.02522 0.00000065211783351060
67900 60.00198 40.57409 0.40565 100.02321 0.00000066196609083136
68000 60.00104 40.67490 0.40665 100.02337 0.00000063564148433670
68100 59.99927 40.78221 0.40774 100.02091 0.00000065638769797260
68200 59.99740 40.88858 0.40881 100.01805 0.00000064300697744102
68300 59.99790 40.99645 0.40989 100.01865 0.00000065172975638461
68400 59.99707 41.10656 0.41099 100.01848 0.00000065619767752878
68500 59.99753 41.22490 0.41217 100.01874 0.00000064706235036738
68600 59.99906 41.34593 0.41338 100.01987 0.00000062893010976950
68700 60.00023 41.47007 0.41462 100.01983 0.00000064024504098370
68800 60.00171 41.59759 0.41589 100.02103 0.00000066536690468411
68900 60.00184 41.72758 0.41719 100.02151 0.00000066498803619197
69000 60.00189 41.85443 0.41846 100.02109 0.00000067297906980457
69100 60.00150 41.97316 0.41965 100.02023 0.00000068608833458939
69200 60.00040 42.09103 0.42082 100.02194 0.00000068107225814629
69300 59.99947 42.20463 0.42196 100.02152 0.00000068803559116759
69400 59.99875 42.31150 0.42303 100.02048 0.00000066716585678250
69500 59.99934 42.41858 0.42409 100.02144 0.00000068967745647797
69600 59.99849 42.52736 0.42518 100.02086 0.00000069622866050167
69700 59.99623 42.63908 0.42631 100.01980 0.00000069777268407734
69800 59.99760 42.75444 0.42745 100.02092 0.00000069819743231392
69900 59.99819 42.87331 0.42864 100.02083 0.00000067863210517771
70000 59.99860 42.99456 0.42985 100.02143 0.00000064741067262730
70100 59.99723 43.11752 0.43109 100.01964 0.00000065785821590225
70200 59.99677 43.24593 0.43237 100.01960 0.00000064683342060334
70300 59.99651 43.38052 0.43372 100.02044 0.00000066685340982531
70400 59.99523 43.51222 0.43504 100.01928 0.00000069038122063603
70500 59.99508 43.64331 0.43635 100.01949 0.00000067744308296369
70600 59.99567 43.77310 0.43764 100.02000 0.00000068563548438760
70700 59.99525 43.90240 0.43894 100.01911 0.00000067433571615538
70800 59.99479 44.03267 0.44025 100.01831 0.00000071117099054163
70900 59.99504 44.15194 0.44144 100.01836 0.00000071303749393792
71000 59.99581 44.23703 0.44229 100.01796 0.00000069618808851146
71100 59.99422 44.27845 0.44271 100.01640 0.00000070312013633611
71200 59.99530 44.31507 0.44308 100.01687 0.00000073580774540005
71300 59.99366 44.34889 0.44342 100.01477 0.00000071586008232316
71400 59.99344 44.38059 0.44374 100.01408 0.00000073208039452766
71500 59.99538 44.39200 0.44384 100.01758 0.00000073059965188804
71600 59.99504 44.39845 0.44391 100.01666 0.00000072947069895690
71700 59.99493 44.40613 0.44399 100.01700 0.00000072889108793106
71800 59.99579 44.41725 0.44410 100.01646 0.00000070944766150660
71900 59.99664 44.42864 0.44421 100.01652 0.00000071949685320760
72000 59.99702 44.44596 0.44438 100.01865 0.00000071106055088421
72100 59.99533 44.46814 0.44461 100.01537 0.00000071262766709879
72200 59.99832 44.49392 0.44487 100.01586 0.00000069956365678081
72300 59.99830 44.51697 0.44509 100.01692 0.00000071010097713042
72400 59.99621 44.54327 0.44537 100.01438 0.00000069730994312067
72500 59.99668 44.57163 0.44565 100.01440 0.00000067460403130326
72600 59.99565 44.60077 0.44595 100.01394 0.00000067138846304715
72700 59.99599 44.63346 0.44627 100.01475 0.00000067334313058609
72800 59.99578 44.66820 0.44662 100.01426 0.00000067306972795222
72900 59.99594 44.69945 0.44693 100.01429 0.00000067901994071917
73000 59.99713 44.72911 0.44722 100.01492 0.00000065033682261628
73100 59.99703 44.75881 0.44752 100.01471 0.00000066145909016768
73200 59.99561 44.78894 0.44784 100.01187 0.00000067885854804217
73300 59.99602 44.82110 0.44816 100.01194 0.00000066224888684019
73400 59.99539 44.85579 0.44851 100.01114 0.00000066801039366737
73500 59.99580 44.88771 0.44882 100.01211 0.00000066962426359396
73600 59.99577 44.91926 0.44914 100.01208 0.00000070152022146885
73700 59.99654 44.93196 0.44925 100.01464 0.00000069774196731487
73800 59.99660 44.90601 0.44900 100.01427 0.00000067117459678911
73900 59.99540 44.88301 0.44877 100.01375 0.00000066188223257768
74000 59.99449 44.85870 0.44853 100.01297 0.00000063185740373228
74100 59.99348 44.83696 0.44832 100.01206 0.00000063762004742784
74200 59.99182 44.81440 0.44809 100.01150 0.00000064363758411901
74300 59.99223 44.79100 0.44786 100.01140 0.00000059813879005333
74400 59.99143 44.76976 0.44765 100.01148 0.00000059702222898750
74500 59.99226 44.74736 0.44741 100.01380 0.00000055751624472578
74600 59.99454 44.70821 0.44701 100.01697 0.00000054531410142999
74700 59.99495 44.65789 0.44650 100.01751 0.00000056742376841612
74800 59.99364 44.60837 0.44601 100.01615 0.00000056608364218391
74900 59.99439 44.55730 0.44549 100.01769 0.00000057926669683184
75000 59.99368 44.51222 0.44505 100.01728 0.00000059952409259267
75100 59.99235 44.47086 0.44463 100.01706 0.00000065071630217517
75200 59.99290 44.42905 0.44422 100.01668 0.00000063174531561572
75300 59.99316 44.39139 0.44383 100.01797 0.00000059961963927435
75400 59.99267 44.35588 0.44348 100.01714 0.00000060809291113628
75500 59.99237 44.32159 0.44315 100.01595 0.00000061904055570494
75600 59.99202 44.26546 0.44258 100.01718 0.00000057397380004431
75700 59.99052 44.21018 0.44203 100.01569 0.00000059040606004146
75800 59.99115 44.15755 0.44151 100.01533 0.00000054770366375578
75900 59.99246 44.10361 0.44096 100.01713 0.00000055731867121267
76000 59.99111 44.04818 0.44041 100.01675 0.00000054129589699414
76100 59.98887 43.99638 0.43989 100.01628 0.00000056552708116442
76200 59.98881 43.94555 0.43938 100.01740 0.00000058620862120051
76300 59.99017 43.89844 0.43890 100.01873 0.00000057530019148544
76400 59.98993 43.85039 0.43842 100.01865 0.00000055937595533351
76500 59.99006 43.79570 0.43787 100.01974 0.00000056732102393653
76600 59.98927 43.74200 0.43734 100.01913 0.00000054104656754816
76700 59.98894 43.69096 0.43683 100.01888 0.00000056726853614464
76800 59.98765 43.64733 0.43639 100.01805 0.00000056936529801987
76900 59.98722 43.60645 0.43598 100.01826 0.00000056221569622039
77000 59.98764 43.57138 0.43563 100.01961 0.00000058487781018357
77100 59.98901 43.53170 0.43523 100.01892 0.00000058616519993393
77200 59.98944 43.47907 0.43471 100.01751 0.00000059922201245399
77300 59.98844 43.42693 0.43420 100.01658 0.00000056943633808260
77400 59.98974 43.38106 0.43373 100.01791 0.00000061384924521235
77500 59.98979 43.33467 0.43327 100.01699 0.00000062581603543777
77600 59.99052 43.28703 0.43280 100.01678 0.00000066990997282801
77700 59.99057 43.24357 0.43236 100.01691 0.00000063703897978939
77800 59.99085 43.20589 0.43198 100.01720 0.00000064675563038463
77900 59.99071 43.17285 0.43166 100.01696 0.00000064350955852888
78000 59.99091 43.14603 0.43139 100.01571 0.00000065532855586525
78100 59.99198 43.11948 0.43112 100.01627 0.00000066347545413237
78200 59.99079 43.09355 0.43087 100.01591 0.00000065476874766546
78300 59.99052 43.06764 0.43061 100.01513 0.00000067709640205749
78400 59.99137 43.03672 0.43030 100.01628 0.00000063509554593111
78500 59.99147 43.00776 0.43000 100.01698 0.00000064797803389638
78600 59.99166 42.98554 0.42978 100.01809 0.00000063704118957730
78700 59.99303 42.96979 0.42961 100.01971 0.00000066735960757569
78800 59.99360 42.95873 0.42950 100.02043 0.00000067788649005252
78900 59.99397 42.95084 0.42943 100.01932 0.00000065222614864524
79000 59.99582 42.94573 0.42937 100.02023 0.00000066476422233563
79100 59.99461 42.94398 0.42936 100.01941 0.00000067211453824711
79200 59.99514 42.94284 0.42934 100.01982 0.00000064868421389974
79300 59.99713 42.94051 0.42931 100.02163 0.00000065502474910772
79400 59.99587 42.93912 0.42930 100.02127 0.00000071160384607083
79500 59.99560 42.93944 0.42930 100.02096 0.00000070902549964558
79600 59.99762 42.93533 0.42926 100.02112 0.00000072403327067150
79700 59.99902 42.91462 0.42906 100.02082 0.00000074762348845070
79800 59.99774 42.89400 0.42886 100.01979 0.00000072035644649304
79900 59.99863 42.87493 0.42866 100.02015 0.00000067970476891333
80000 59.99965 42.85427 0.42845 100.02224 0.00000067924876390180
80100 60.00047 42.80311 0.42794 100.02210 0.00000069612091380122
80200 60.00100 42.75289 0.42742 100.02550 0.00000071942429258343
80300 60.00108 42.70342 0.42693 100.02401 0.00000076180298691497
80400 60.00026 42.65482 0.42645 100.02345 0.00000076044985775070
80500 60.00141 42.60538 0.42595 100.02388 0.00000077516030927427
80600 60.00295 42.55621 0.42545 100.02550 0.00000074286019469127
80700 60.00144 42.50667 0.42496 100.02458 0.00000074616008305384
80800 60.00143 42.46063 0.42450 100.02531 0.00000075382450148709
80900 60.00010 42.41721 0.42406 100.02565 0.00000072829462993695
81000 59.99953 42.36755 0.42357 100.02480 0.00000073678342715766
81100 60.00037 42.32201 0.42311 100.02630 0.00000075980550207078
81200 60.00146 42.28245 0.42271 100.02719 0.00000079332185265457
81300 60.00096 42.24341 0.42232 100.02673 0.00000078628738009456
81400 60.00088 42.20802 0.42197 100.02663 0.00000079772269145906
81500 59.99924 42.17141 0.42161 100.02510 0.00000078685729931749
81600 59.99991 42.13796 0.42127 100.02569 0.00000077618857829975
81700 59.99986 42.10631 0.42095 100.02585 0.00000075515210085086
81800 59.99982 42.07849 0.42067 100.02693 0.00000072234485060108
81900 59.99876 42.05493 0.42044 100.02534 0.00000073140296308338
82000 59.99954 42.01639 0.42005 100.02700 0.00000071448961591614
82100 60.00067 41.97481 0.41963 100.02861 0.00000074350131740175
82200 60.00164 41.93858 0.41926 100.03022 0.00000067989295615689
82300 59.99990 41.90064 0.41888 100.02914 0.00000067783174984015
82400 59.99818 41.85214 0.41840 100.02791 0.00000065264718074332
82500 59.99848 41.80331 0.41792 100.02767 0.00000065811691740691
82600 59.99841 41.75903 0.41748 100.02531 0.00000066935085385467
82700 59.99852 41.72292 0.41712 100.02638 0.00000071144572189041
82800 59.99945 41.68728 0.41676 100.02674 0.00000070261726392573
82900 60.00001 41.65445 0.41644 100.02559 0.00000074547752149101
83000 60.00129 41.62378 0.41613 100.02611 0.00000078368274358809
83100 60.00063 41.58662 0.41576 100.02584 0.00000081029171639102
83200 60.00265 41.54064 0.41529 100.02773 0.00000078733607722370
83300 60.00296 41.49657 0.41485 100.02725 0.00000076293783024539
83400 60.00313 41.44993 0.41439 100.02743 0.00000078960246696624
83500 60.00230 41.40662 0.41396 100.02662 0.00000081565096365921
83600 60.00118 41.36692 0.41356 100.02525 0.00000079645275263829
83700 60.00267 41.32911 0.41319 100.02527 0.00000081612034819045
83800 60.00235 41.29479 0.41285 100.02484 0.00000084954354662159
83900 60.00260 41.26458 0.41254 100.02546 0.00000089420069571133
84000 60.00100 41.23456 0.41225 100.02411 0.00000085133927996139
84100 60.00236 41.20675 0.41196 100.02542 0.00000086721970404824
84200 60.00352 41.18090 0.41170 100.02588 0.00000085295922502837
84300 60.00409 41.15251 0.41142 100.02657 0.00000085690034268282
84400 60.00428 41.11774 0.41106 100.02794 0.00000088914508467042
84500 60.00432 41.08797 0.41076 100.02826 0.00000088965135347507
84600 60.00282 41.05801 0.41047 100.02785 0.00000087405280879693
84700 60.00355 41.03276 0.41021 100.02868 0.00000084368881658747
84800 60.00240 41.00577 0.40994 100.02807 0.00000084621512286276
84900 60.00167 40.97765 0.40967 100.02711 0.00000082289439973238
85000 60.00176 40.94813 0.40937 100.02651 0.00000078842958828318
85100 60.00226 40.92055 0.40910 100.02612 0.00000075066820670600
85200 60.00215 40.88997 0.40880 100.02529 0.00000075757992590297
85300 60.00264 40.85792 0.40847 100.02557 0.00000075971831137167
85400 60.00192 40.82337 0.40813 100.02529 0.00000074380112380368
85500 60.00117 40.79100 0.40781 100.02526 0.00000074208433886724
85600 60.00211 40.76335 0.40753 100.02533 0.00000074643942582497
85700 60.00135 40.73476 0.40724 100.02576 0.00000075820722145181
85800 60.00030 40.71020 0.40701 100.02329 0.00000077286811261956
85900 59.99973 40.69047 0.40681 100.02320 0.00000078422318949833
86000 59.99991 40.66774 0.40659 100.02185 0.00000079611747594299
86100 60.00084 40.64236 0.40633 100.02236 0.00000082305108151104
86200 60.00185 40.61665 0.40607 100.02426 0.00000086587156999940
86300 60.00197 40.59391 0.40585 100.02304 0.00000087161042472417
86400 60.00419 40.57088 0.40560 100.02561 0.00000085169213548397
86500 60.00527 40.54805 0.40537 100.02802 0.00000086019193901166
86600 60.00492 40.52746 0.40516 100.02783 0.00000085531785742887
86700 60.00451 40.51027 0.40499 100.02854 0.00000080545031977408
86800 60.00498 40.48638 0.40474 100.02983 0.00000081329044121503
86900 60.00563 40.46283 0.40450 100.03063 0.00000080585434147906
87000 60.00630 40.43986 0.40428 100.03025 0.00000079512007289395
87100 60.00656 40.42333 0.40411 100.03032 0.00000079539718456090
87200 60.00634 40.40968 0.40398 100.02998 0.00000077341240256601
87300 60.00465 40.39982 0.40388 100.02877 0.00000075336979676877
87400 60.00375 40.39269 0.40381 100.02808 0.00000073065863404054
87500 60.00467 40.38998 0.40378 100.02871 0.00000072955001684250
87600 60.00503 40.39377 0.40382 100.02993 0.00000069464493179794
87700 60.00466 40.40146 0.40390 100.02877 0.00000065207178323590
87800 60.00635 40.41083 0.40398 100.03082 0.00000068313944012743
87900 60.00637 40.42145 0.40409 100.03148 0.00000065090915057908
88000 60.00706 40.43419 0.40421 100.03311 0.00000066054449376907
88100 60.00785 40.44750 0.40434 100.03287 0.00000066432730960742
88200 60.00826 40.46272 0.40449 100.03320 0.00000060913251331840
88300 60.00644 40.47911 0.40466 100.03161 0.00000060968984882948
88400 60.00556 40.49839 0.40486 100.02955 0.00000062577503001648
88500 60.00517 40.51441 0.40503 100.02807 0.00000057299133970901
88600 60.00538 40.52518 0.40514 100.02698 0.00000058191131557805
88700 60.00389 40.53205 0.40521 100.02639 0.00000061019544972396
88800 60.00384 40.53838 0.40528 100.02662 0.00000064554167522601
88900 60.00439 40.54387 0.40532 100.02811 0.00000065896482936978
89000 60.00498 40.55183 0.40541 100.02708 0.00000062310403592392
89100 60.00398 40.55230 0.40541 100.02716 0.00000060280187597073
89200 60.00525 40.55011 0.40539 100.02770 0.00000058443793449214
89300 60.00487 40.51786 0.40507 100.02701 0.00000061518007044015
89400 60.00399 40.47547 0.40465 100.02698 0.00000064041046243801
89500 60.00343 40.43714 0.40427 100.02555 0.00000067117815660822
89600 60.00386 40.39387 0.40384 100.02482 0.00000064173359959341
89700 60.00221 40.35412 0.40345 100.02334 0.00000062309946002870
89800 60.00317 40.32487 0.40315 100.02366 0.00000059661505247277
89900 60.00252 40.29815 0.40289 100.02311 0.00000062016326296543
90000 60.00041 40.27289 0.40264 100.02170 0.00000059920646577893
90100 59.99948 40.24946 0.40242 100.01950 0.00000060997060558066
90200 59.99882 40.22446 0.40217 100.01806 0.00000065039250785048
90300 59.99892 40.19607 0.40189 100.01679 0.00000062224346919493
90400 59.99782 40.15809 0.40152 100.01529 0.00000060241182353593
90500 59.99716 40.11878 0.40113 100.01456 0.00000056834312545107
90600 59.99759 40.08218 0.40077 100.01409 0.00000063289104446085
90700 59.99690 40.04692 0.40041 100.01465 0.00000060064634510582
90800 59.99501 40.01114 0.40006 100.01230 0.00000063276451101046
90900 59.99526 39.97583 0.39971 100.01268 0.00000064687687739706
91000 59.99522 39.94055 0.39935 100.01267 0.00000064848133263240
91100 59.99632 39.90695 0.39902 100.01334 0.00000064269526234284
91200 59.99541 39.87527 0.39870 100.01326 0.00000063318022824888
91300 59.99637 39.84552 0.39840 100.01452 0.00000062470729034203
91400 59.99716 39.81571 0.39810 100.01549 0.00000063732544930417
91500 59.99760 39.78428 0.39778 100.01580 0.00000060961436076923
91600 59.99852 39.75303 0.39746 100.01663 0.00000061978502685633
91700 59.99971 39.72262 0.39715 100.01866 0.00000063688666784856
91800 59.99834 39.69016 0.39683 100.01744 0.00000063707881992059
91900 59.99877 39.65766 0.39651 100.01800 0.00000062471520578811
92000 59.99871 39.62885 0.39622 100.01643 0.00000067338704212716
92100 59.99988 39.60121 0.39595 100.01688 0.00000065300336160590
92200 60.00031 39.57493 0.39568 100.01629 0.00000066314878921503
92300 60.00135 39.55119 0.39544 100.01713 0.00000067475383502824
92400 60.00226 39.52893 0.39522 100.01672 0.00000067648446844260
92500 60.00259 39.50469 0.39498 100.01649 0.00000063695176066858
92600 60.00347 39.46955 0.39462 100.01877 0.00000067605479614485
92700 60.00292 39.43553 0.39428 100.01871 0.00000067048003415948
92800 60.00456 39.39899 0.39391 100.02065 0.00000064602561167248
92900 60.00404 39.36172 0.39353 100.02121 0.00000067028483385911
93000 60.00300 39.32602 0.39317 100.02175 0.00000067379013302116
93100 60.00338 39.29113 0.39283 100.02062 0.00000065759858358660
93200 60.00314 39.25491 0.39247 100.02013 0.00000067175204776504
93300 60.00329 39.21554 0.39207 100.02071 0.00000066133199538854
93400 60.00286 39.17850 0.39171 100.02017 0.00000066235002549320
93500 60.00250 39.14262 0.39135 100.01982 0.00000064897542983999
93600 60.00352 39.10914 0.39101 100.02046 0.00000063029305152895
93700 60.00351 39.07211 0.39064 100.02002 0.00000064114301778773
93800 60.00270 39.03392 0.39026 100.02093 0.00000063982523812456
93900 60.00346 38.99859 0.38990 100.02106 0.00000065277783534157
94000 60.00416 38.96507 0.38957 100.02148 0.00000072593372379970
94100 60.00265 38.93035 0.38922 100.02092 0.00000073786963383782
94200 60.00179 38.90004 0.38892 100.02065 0.00000074468405131256
94300 60.00019 38.87332 0.38866 100.02007 0.00000077198555459290
94400 60.00064 38.84910 0.38841 100.02091 0.00000076802083270877
94500 60.00209 38.82695 0.38818 100.02182 0.00000082183786531687
94600 60.00133 38.80708 0.38799 100.02101 0.00000078570105443987
94700 60.00196 38.78716 0.38779 100.02098 0.00000078956231419625
94800 60.00002 38.76744 0.38760 100.01918 0.00000074318442244703
94900 59.99975 38.74989 0.38743 100.01770 0.00000073381784204685
95000 59.99942 38.73246 0.38726 100.01736 0.00000076538236726265
95100 60.00102 38.71141 0.38704 100.01927 0.00000074739852351513
95200 60.00076 38.69084 0.38684 100.01871 0.00000072740687073747
95300 59.99889 38.67410 0.38667 100.01746 0.00000073051605653518
95400 59.99721 38.65904 0.38652 100.01691 0.00000073008039436218
95500 59.99871 38.64693 0.38640 100.01850 0.00000073590663163259
95600 60.00017 38.63136 0.38624 100.02021 0.00000073601415806479
95700 59.99994 38.61154 0.38604 100.02038 0.00000073667879973982
95800 60.00134 38.57310 0.38565 100.02126 0.00000074153768991891
95900 60.00048 38.53529 0.38527 100.02115 0.00000078407946091374
96000 60.00068 38.49737 0.38489 100.02220 0.00000077394260955543
96100 59.99937 38.45918 0.38451 100.02066 0.00000074260911020474
96200 59.99860 38.42116 0.38413 100.02143 0.00000078532339387039
96300 59.99768 38.38279 0.38376 100.01900 0.00000079824279453078
96400 59.99749 38.34727 0.38340 100.01796 0.00000076819723915378
96500 59.99803 38.31332 0.38306 100.01790 0.00000077670254228224
96600 59.99753 38.28002 0.38274 100.01627 0.00000074927515214540
96700 59.99628 38.24613 0.38240 100.01588 0.00000076559764039530
96800 59.99658 38.21079 0.38205 100.01482 0.00000078162310757079
96900 59.99743 38.17380 0.38168 100.01581 0.00000080026123328025
97000 59.99581 38.14246 0.38137 100.01423 0.00000080133400359728
97100 59.99517 38.11029 0.38105 100.01353 0.00000080253623480075
97200 59.99474 38.07441 0.38070 100.01262 0.00000080874869468062
97300 59.99342 38.03774 0.38033 100.01161 0.00000082163362691290
97400 59.99228 38.00353 0.37999 100.01156 0.00000082673891199647
97500 59.99245 37.97130 0.37967 100.01101 0.00000083729408828503
97600 59.99215 37.93880 0.37935 100.01070 0.00000087916382085496
97700 59.99146 37.90360 0.37900 100.00909 0.00000088041939250161
97800 59.99275 37.86828 0.37864 100.01084 0.00000089488399623860
97900 59.99333 37.83210 0.37828 100.01045 0.00000089348489495933
98000 59.99607 37.79756 0.37792 100.01388 0.00000091821893732913
98100 59.99656 37.76396 0.37759 100.01426 0.00000096501007362804
98200 59.99539 37.73028 0.37725 100.01384 0.00000096695356432974
98300 59.99443 37.69437 0.37689 100.01294 0.00000094739954192846
98400 59.99424 37.65931 0.37655 100.01199 0.00000094922096138816
98500 59.99227 37.62462 0.37621 100.01065 0.00000096272643901330
98600 59.99207 37.59088 0.37587 100.01084 0.00000097932971243608
98700 59.99163 37.55631 0.37552 100.01031 0.00000097696403855707
98800 59.98996 37.52389 0.37521 100.00837 0.00000098351701893762
98900 59.99054 37.49447 0.37491 100.00841 0.00000098880749987984
99000 59.99036 37.46569 0.37463 100.00781 0.00000098768630607537
99100 59.98990 37.43443 0.37432 100.00719 0.00000103917040661372
99200 59.99040 37.40289 0.37400 100.00832 0.00000105360667390642
99300 59.99122 37.37225 0.37369 100.00895 0.00000104654977661767
99400 59.99178 37.34256 0.37339 100.00938 0.00000100747197251394
99500 59.99209 37.31506 0.37312 100.00902 0.00000100239672917724
99600 59.99256 37.29206 0.37289 100.00848 0.00000096759255541201
99700 59.99236 37.27178 0.37269 100.00838 0.00000095325803073365
99800 59.99202 37.25240 0.37249 100.00943 0.00000094317694987467
99900 59.99235 37.23741 0.37234 100.01019 0.00000090935441221518
100000 59.99320 37.22573 0.37222 100.01111 0.00000092265397455549
