#Arquivo Dados/ColetaReal99.txt 
#Parâmetros(Ocupação: 99.00%, Capacidade: 356363.636 bps)
#Coleta|Ocupação|E(n)|E(w)|lambda|Little

100 3.31724 0.18471 9.23549 0.02000 0.00000000000000013878
200 10.56143 0.76093 25.36439 0.03000 0.00000000000000022204
300 13.13358 0.62230 26.67000 0.02333 0.00000000000000077716
400 9.85018 0.67421 38.52618 0.01750 0.00000000000000077716
500 11.23358 0.87362 39.70985 0.02200 0.00000000000000122125
600 12.39100 1.05383 45.16399 0.02333 0.00000000000000022204
700 13.57677 1.11962 43.54072 0.02571 0.00000000000000088818
800 17.03113 1.45644 50.65868 0.02875 0.00000000000000044409
900 15.13878 2.00531 72.19100 0.02778 0.00000000000000044409
1000 14.59072 2.62746 97.31326 0.02700 0.00000000000000088818
1100 14.38399 3.19409 117.11669 0.02727 0.00000000000000133227
1200 14.94737 3.61869 140.07814 0.02583 0.00000000000000310862
1300 15.14073 3.78839 149.23966 0.02538 -0.00000000000000177636
1400 15.35109 3.82109 148.59781 0.02571 -0.00000000000000088818
1500 16.63325 3.83122 151.23226 0.02533 -0.00000000000000044409
1600 15.59367 4.02379 153.28733 0.02625 0.00000000000000088818
1700 16.16917 4.25536 164.41149 0.02588 0.00000000000000000000
1800 17.64953 4.48169 175.37030 0.02556 -0.00000000000000355271
1900 16.72061 4.69868 185.98950 0.02526 -0.00000000000000355271
2000 16.08247 5.01078 196.50129 0.02550 -0.00000000000000532907
2100 16.52192 4.94756 196.03552 0.02524 -0.00000000000000355271
2200 16.09278 4.85881 187.53311 0.02591 -0.00000000000000088818
2300 16.17956 4.73038 181.33134 0.02609 -0.00000000000000621725
2400 16.63405 4.61564 178.67007 0.02583 -0.00000000000000710543
2500 16.32592 4.54911 169.74302 0.02680 -0.00000000000000710543
2600 17.80195 4.57444 169.90769 0.02692 -0.00000000000001421085
2700 17.14262 4.70731 176.52425 0.02667 -0.00000000000001509903
2800 16.53038 4.87714 187.06834 0.02607 -0.00000000000001509903
2900 16.80996 5.10827 192.38938 0.02655 -0.00000000000001865175
3000 16.59179 5.37840 206.86145 0.02600 -0.00000000000002042810
3100 17.07370 5.61726 217.66869 0.02581 -0.00000000000002131628
3200 16.76528 5.86132 228.73443 0.02562 -0.00000000000001865175
3300 16.85723 6.08563 244.90939 0.02485 -0.00000000000002042810
3400 18.94468 6.24602 246.93585 0.02529 -0.00000000000001598721
3500 18.40340 6.41741 252.37000 0.02543 -0.00000000000002930989
3600 17.89220 6.69390 259.11869 0.02583 -0.00000000000002220446
3700 17.40862 7.05503 266.36340 0.02649 -0.00000000000001865175
3800 16.95050 7.52380 285.90459 0.02632 -0.00000000000002309264
3900 16.91582 7.93537 303.41125 0.02615 -0.00000000000003108624
4000 16.92356 8.23329 310.69005 0.02650 -0.00000000000002486900
4100 16.96585 8.58099 316.95546 0.02707 -0.00000000000002486900
4200 17.34430 9.02018 323.80133 0.02786 -0.00000000000001598721
4300 17.28646 9.49341 343.03919 0.02767 -0.00000000000000532907
4400 16.99616 9.97214 356.72701 0.02795 -0.00000000000001598721
4500 17.05395 10.38879 371.02821 0.02800 -0.00000000000001243450
4600 17.40318 10.77314 387.15965 0.02783 -0.00000000000000532907
4700 17.06735 11.17704 401.00837 0.02787 0.00000000000000177636
4800 17.75480 11.57578 408.55682 0.02833 0.00000000000000888178
4900 17.39246 12.06386 428.35453 0.02816 0.00000000000000355271
5000 17.18417 12.56389 448.71033 0.02800 0.00000000000001065814
5100 17.12086 13.02057 474.32081 0.02745 0.00000000000002309264
5200 17.13735 13.44267 485.42960 0.02769 0.00000000000001953993
5300 17.52293 13.85499 496.15853 0.02792 0.00000000000004440892
5400 17.19843 14.28043 507.33094 0.02815 0.00000000000005151435
5500 17.23903 14.72221 522.40097 0.02818 0.00000000000004973799
5600 17.68019 15.17450 537.83039 0.02821 0.00000000000003197442
5700 17.37001 15.63461 560.48597 0.02789 0.00000000000003552714
5800 17.23893 16.13286 574.05254 0.02810 0.00000000000004263256
5900 17.33922 16.60224 586.54633 0.02831 0.00000000000004263256
6000 17.30989 17.10294 600.10316 0.02850 0.00000000000005329071
6100 17.73543 17.61429 621.08176 0.02836 0.00000000000004973799
6200 17.44937 18.13064 642.34280 0.02823 0.00000000000004618528
6300 17.33042 18.66611 660.65446 0.02825 0.00000000000007105427
6400 17.44481 19.19341 686.24473 0.02797 0.00000000000007105427
6500 17.44647 19.69132 715.04794 0.02754 0.00000000000007105427
6600 17.44153 20.20463 716.93864 0.02818 0.00000000000007815970
6700 17.90253 20.78767 725.40316 0.02866 0.00000000000009947598
6800 17.63926 21.39247 745.99380 0.02868 0.00000000000009592327
6900 17.38362 22.05211 760.79771 0.02899 0.00000000000009947598
7000 17.38278 22.70346 786.75371 0.02886 0.00000000000010302870
7100 17.60106 23.33672 816.21056 0.02859 0.00000000000009237056
7200 17.57285 23.97522 837.96879 0.02861 0.00000000000008171241
7300 17.54541 24.58983 871.38720 0.02822 0.00000000000008526513
7400 17.39805 25.19726 887.90329 0.02838 0.00000000000010302870
7500 17.45254 25.74637 906.56221 0.02840 0.00000000000012079227
7600 17.40260 26.18527 934.31009 0.02803 0.00000000000012789769
7700 17.42079 26.34844 948.05152 0.02779 0.00000000000010658141
7800 17.56289 26.37090 952.28267 0.02769 0.00000000000010658141
7900 17.44173 26.42648 948.95072 0.02785 0.00000000000009947598
8000 17.44026 26.48164 954.29337 0.02775 0.00000000000008526513
8100 17.44467 26.51912 954.68823 0.02778 0.00000000000007105427
8200 17.59121 26.54787 958.99794 0.02768 0.00000000000006750156
8300 17.52013 26.61371 948.04211 0.02807 0.00000000000006039613
8400 17.45381 26.71544 942.89789 0.02833 0.00000000000007815970
8500 17.46529 26.84821 935.28596 0.02871 0.00000000000010302870
8600 17.53646 26.98721 932.08834 0.02895 0.00000000000011368684
8700 17.51325 27.16513 930.45922 0.02920 0.00000000000009592327
8800 17.52747 27.34489 947.38188 0.02886 0.00000000000010658141
8900 17.51432 27.49138 955.75508 0.02876 0.00000000000010302870
9000 17.70640 27.59842 951.66951 0.02900 0.00000000000007105427
9100 17.51183 27.73202 948.72711 0.02923 0.00000000000005684342
9200 17.49252 27.88287 960.75800 0.02902 0.00000000000005684342
9300 17.51337 27.97198 963.47919 0.02903 0.00000000000006039613
9400 17.51797 28.00353 960.70500 0.02915 0.00000000000006394885
9500 17.50893 27.97945 963.06064 0.02905 0.00000000000005684342
9600 17.52619 27.82306 964.26473 0.02885 0.00000000000006750156
9700 17.69036 27.59287 955.89585 0.02887 0.00000000000005684342
9800 17.75243 27.37590 941.34687 0.02908 0.00000000000008881784
9900 17.57311 27.18059 940.86646 0.02889 0.00000000000006394885
10000 17.53463 26.99079 940.44578 0.02870 0.00000000000007815970
10100 17.63899 26.78589 929.68225 0.02881 0.00000000000002842171
10200 17.56284 26.61296 917.06817 0.02902 0.00000000000001421085
10300 17.56304 26.45040 911.16771 0.02903 0.00000000000001065814
10400 17.55858 26.26333 910.46216 0.02885 0.00000000000002131628
10500 17.53102 26.03602 911.26085 0.02857 0.00000000000001065814
10600 17.43263 25.79553 896.50045 0.02877 0.00000000000003907985
10700 17.50865 25.57761 880.00126 0.02907 0.00000000000004263256
10800 17.45661 25.41283 863.07726 0.02944 0.00000000000003907985
10900 17.74668 25.27284 860.85598 0.02936 0.00000000000004973799
11000 17.58534 25.16899 849.26029 0.02964 0.00000000000008526513
11100 17.42692 25.10222 852.09359 0.02946 0.00000000000008526513
11200 17.44414 25.03962 844.71017 0.02964 0.00000000000008526513
11300 17.43865 25.01923 841.42038 0.02973 0.00000000000006750156
11400 17.93554 24.99702 838.13543 0.02982 0.00000000000008881784
11500 17.77957 24.98948 837.83971 0.02983 0.00000000000009237056
11600 17.62630 24.99899 842.98922 0.02966 0.00000000000009592327
11700 17.47565 25.01894 848.46837 0.02949 0.00000000000010302870
11800 17.48467 25.04585 849.25579 0.02949 0.00000000000012434498
11900 17.65437 25.06813 854.75849 0.02933 0.00000000000012079227
12000 17.50725 25.09308 855.44578 0.02933 0.00000000000013145041
12100 17.52563 25.13759 854.39561 0.02942 0.00000000000013500312
12200 17.54700 25.19979 853.99272 0.02951 0.00000000000013855583
12300 17.49879 25.26834 858.56505 0.02943 0.00000000000019184654
12400 17.54086 25.32803 860.45921 0.02944 0.00000000000019184654
12500 17.51273 25.39842 867.43241 0.02928 0.00000000000020605739
12600 17.48506 25.46771 871.99221 0.02921 0.00000000000018118840
12700 17.59741 25.55696 865.52893 0.02953 0.00000000000028066438
12800 17.49332 25.68704 872.13282 0.02945 0.00000000000027000624
12900 17.50680 25.80235 878.23296 0.02938 0.00000000000027711167
13000 17.61102 25.88827 883.32673 0.02931 0.00000000000029132252
13100 17.50141 25.97192 886.02120 0.02931 0.00000000000028066438
13200 17.56588 26.05021 893.14995 0.02917 0.00000000000027711167
13300 17.51172 26.12732 891.00863 0.02932 0.00000000000026645353
13400 17.51596 26.19222 897.63606 0.02918 0.00000000000025934810
13500 17.55551 26.23027 901.03968 0.02911 0.00000000000023803182
13600 17.52100 26.24141 901.22028 0.02912 0.00000000000025934810
13700 17.55216 26.19481 903.95196 0.02898 0.00000000000021316282
13800 17.73308 26.12943 903.72463 0.02891 0.00000000000018829382
13900 17.60550 26.07800 899.46449 0.02899 0.00000000000017053026
14000 17.63458 26.04867 896.02318 0.02907 0.00000000000022026825
14100 17.63732 26.01871 901.38525 0.02887 0.00000000000023447910
14200 17.71496 25.98773 900.06290 0.02887 0.00000000000021316282
14300 17.59108 25.97777 895.13778 0.02902 0.00000000000020605739
14400 17.55893 25.99847 893.50345 0.02910 0.00000000000019895197
14500 17.55224 26.01877 898.26709 0.02897 0.00000000000019184654
14600 17.68883 26.04823 896.94386 0.02904 0.00000000000015987212
14700 17.56849 26.09730 898.43160 0.02905 0.00000000000017053026
14800 17.58664 26.15406 902.28460 0.02899 0.00000000000018474111
14900 17.61437 26.22059 902.27880 0.02906 0.00000000000013855583
15000 17.67270 26.30563 905.01011 0.02907 0.00000000000013145041
15100 17.69014 26.41355 906.46493 0.02914 0.00000000000011013412
15200 17.57376 26.52644 914.28986 0.02901 0.00000000000011013412
15300 17.57161 26.64390 918.13423 0.02902 0.00000000000011723955
15400 17.56883 26.73132 920.94471 0.02903 0.00000000000017053026
15500 17.67436 26.76639 917.87394 0.02916 0.00000000000020605739
15600 17.60459 26.81380 917.31425 0.02923 0.00000000000018474111
15700 17.58881 26.87453 917.23935 0.02930 0.00000000000016342483
15800 17.61376 26.93794 915.31080 0.02943 0.00000000000017053026
15900 17.60306 27.00190 919.33661 0.02937 0.00000000000014210855
16000 17.61912 27.04996 920.84984 0.02937 0.00000000000007815970
16100 17.62596 27.11992 919.22251 0.02950 0.00000000000006750156
16200 17.73099 27.19408 919.71638 0.02957 0.00000000000006750156
16300 17.62222 27.27265 928.06711 0.02939 0.00000000000006750156
16400 17.68458 27.35173 932.57459 0.02933 0.00000000000007105427
16500 17.60822 27.44213 937.46396 0.02927 0.00000000000007815970
16600 17.59099 27.32587 929.52739 0.02940 0.00000000000015276669
16700 17.65682 27.18525 922.75134 0.02946 0.00000000000011013412
16800 17.60760 27.04209 919.65014 0.02940 0.00000000000012789769
16900 17.53419 26.88551 917.90948 0.02929 0.00000000000012079227
17000 17.43844 26.72778 916.07296 0.02918 0.00000000000012789769
17100 17.40584 26.57726 910.76385 0.02918 0.00000000000014921397
17200 17.31919 26.42343 907.15158 0.02913 0.00000000000014210855
17300 17.44602 26.27536 901.91216 0.02913 0.00000000000009947598
17400 17.34575 26.14231 898.96493 0.02908 0.00000000000012079227
17500 17.30871 26.01280 896.11039 0.02903 0.00000000000010658141
17600 17.29410 25.87625 889.49609 0.02909 0.00000000000012079227
17700 17.29058 25.73336 887.87617 0.02898 0.00000000000011013412
17800 17.28771 25.59224 886.26814 0.02888 0.00000000000010302870
17900 17.22582 25.45940 883.18466 0.02883 0.00000000000008171241
18000 17.20388 25.32218 883.33182 0.02867 0.00000000000008171241
18100 17.23184 25.19435 876.95703 0.02873 0.00000000000013145041
18200 17.42454 25.07735 871.00734 0.02879 0.00000000000018118840
18300 17.32933 24.97782 867.35135 0.02880 0.00000000000015631940
18400 17.23515 24.88752 865.65279 0.02875 0.00000000000014921397
18500 17.24593 24.81321 861.24644 0.02881 0.00000000000011723955
18600 17.31887 24.74561 860.31449 0.02876 0.00000000000008881784
18700 17.25664 24.67988 861.03296 0.02866 0.00000000000009947598
18800 17.26320 24.61861 858.68235 0.02867 0.00000000000010302870
18900 17.26402 24.56684 851.95088 0.02884 0.00000000000005684342
19000 17.26905 24.53063 845.88378 0.02900 0.00000000000007460699
19100 17.26325 24.50494 840.29499 0.02916 0.00000000000009592327
19200 17.26851 24.50480 838.66681 0.02922 0.00000000000009237056
19300 17.26741 24.50055 842.88887 0.02907 0.00000000000011368684
19400 17.36146 24.47280 841.79501 0.02907 0.00000000000011013412
19500 17.27242 24.43768 838.96949 0.02913 0.00000000000008881784
19600 17.26308 24.41577 839.55995 0.02908 0.00000000000006750156
19700 17.46193 24.38552 832.57319 0.02929 0.00000000000001421085
19800 17.37374 24.38037 829.43511 0.02939 0.00000000000001776357
19900 17.28643 24.39518 828.43692 0.02945 0.00000000000000000000
20000 17.28116 24.41986 826.39104 0.02955 0.00000000000003907985
20100 17.36848 24.44373 827.13616 0.02955 -0.00000000000000710543
20200 17.28250 24.47257 828.05007 0.02955 -0.00000000000002131628
20300 17.29233 24.52432 822.88210 0.02980 -0.00000000000007105427
20400 17.29344 24.57393 825.87825 0.02975 -0.00000000000003197442
20500 17.32080 24.62616 823.55019 0.02990 0.00000000000000355271
20600 17.31070 24.68116 822.70547 0.03000 0.00000000000004263256
20700 17.30529 24.61250 823.06749 0.02990 0.00000000000005684342
20800 17.38564 24.52991 821.61389 0.02986 0.00000000000004618528
20900 17.41358 24.46825 813.01514 0.03010 -0.00000000000001421085
21000 17.33066 24.42649 812.92601 0.03005 0.00000000000001065814
21100 17.31250 24.38196 812.73201 0.03000 0.00000000000005684342
21200 17.37021 24.32600 813.42461 0.02991 0.00000000000006039613
21300 17.34970 24.27815 811.81244 0.02991 0.00000000000007815970
21400 17.40389 24.23858 811.74586 0.02986 0.00000000000006750156
21500 17.32294 24.20187 811.76328 0.02981 0.00000000000005684342
21600 17.36205 24.16271 814.21919 0.02968 0.00000000000007105427
21700 17.34143 24.12027 815.28010 0.02959 0.00000000000008171241
21800 17.34390 24.07398 811.14789 0.02968 0.00000000000014210855
21900 17.34242 24.02027 810.54546 0.02963 0.00000000000015631940
22000 17.43693 23.98231 804.28462 0.02982 0.00000000000018118840
22100 17.35803 23.95881 803.47457 0.02982 0.00000000000018474111
22200 17.35061 23.94520 800.57752 0.02991 0.00000000000019895197
22300 17.38799 23.92946 801.24152 0.02987 0.00000000000015987212
22400 17.35469 23.91715 800.81355 0.02987 0.00000000000016697754
22500 17.32117 23.83599 798.07994 0.02987 0.00000000000013855583
22600 17.32852 23.73494 795.86009 0.02982 0.00000000000013145041
22700 17.33879 23.63760 793.74791 0.02978 0.00000000000009947598
22800 17.28322 23.53660 791.49616 0.02974 0.00000000000007815970
22900 17.26260 23.43690 789.27193 0.02969 0.00000000000010658141
23000 17.24792 23.34018 784.83061 0.02974 0.00000000000017763568
23100 17.24550 23.24891 779.46288 0.02983 0.00000000000015276669
23200 17.23768 23.17919 771.53098 0.03004 0.00000000000012789769
23300 17.25717 23.12769 770.92295 0.03000 0.00000000000015276669
23400 17.33211 23.07311 769.10361 0.03000 0.00000000000014210855
23500 17.25836 23.02173 770.67056 0.02987 0.00000000000013855583
23600 17.28420 22.97341 769.03883 0.02987 0.00000000000018829382
23700 17.26675 22.93764 766.74492 0.02992 0.00000000000021316282
23800 17.26724 22.88871 766.17628 0.02987 0.00000000000025934810
23900 17.28023 22.83677 762.28880 0.02996 0.00000000000025934810
24000 17.28349 22.79139 762.89182 0.02987 0.00000000000022382096
24100 17.26878 22.73698 763.17713 0.02979 0.00000000000027711167
24200 17.32666 22.67408 757.89047 0.02992 0.00000000000023092639
24300 17.28474 22.61630 755.95052 0.02992 0.00000000000019184654
24400 17.27678 22.56387 753.15775 0.02996 0.00000000000021316282
24500 17.30121 22.52154 750.71788 0.03000 0.00000000000031619152
24600 17.30117 22.47574 751.22718 0.02992 0.00000000000033040237
24700 17.30777 22.43782 745.91414 0.03008 0.00000000000035171865
24800 17.28643 22.40699 746.89951 0.03000 0.00000000000034816594
24900 17.30576 22.36805 748.60797 0.02988 0.00000000000034816594
25000 17.37352 22.32590 749.19116 0.02980 0.00000000000044408921
25100 17.30430 22.28693 746.86523 0.02984 0.00000000000045830006
25200 17.33618 22.26326 745.06526 0.02988 0.00000000000041211479
25300 17.30755 22.25012 743.63007 0.02992 0.00000000000041922021
25400 17.30035 22.25877 740.98672 0.03004 0.00000000000036592951
25500 17.38386 22.26894 743.26946 0.02996 0.00000000000033395509
25600 17.31595 22.28088 743.66422 0.02996 0.00000000000032684966
25700 17.32558 22.26415 744.06850 0.02992 0.00000000000041922021
25800 17.38158 22.21409 742.38812 0.02992 0.00000000000038369308
25900 17.31447 22.17926 740.26133 0.02996 0.00000000000039790393
26000 17.31890 22.15024 737.39591 0.03004 0.00000000000046540549
26100 17.38295 22.11046 736.07530 0.03004 0.00000000000055422333
26200 17.32587 22.07467 734.88733 0.03004 0.00000000000060751404
26300 17.39924 22.03791 733.66700 0.03004 0.00000000000057198690
26400 17.33333 22.00591 732.60528 0.03004 0.00000000000062883032
26500 17.33187 21.97906 732.63549 0.03000 0.00000000000063948846
26600 17.35302 21.95509 730.92048 0.03004 0.00000000000048672177
26700 17.34254 21.92951 732.81347 0.02993 0.00000000000048672177
26800 17.35474 21.90159 730.96223 0.02996 0.00000000000043698378
26900 17.39840 21.87909 731.11490 0.02993 0.00000000000043343107
27000 17.35395 21.86095 730.50203 0.02993 0.00000000000042632564
27100 17.34644 21.84273 729.88661 0.02993 0.00000000000043343107
27200 17.36245 21.80696 730.47933 0.02985 0.00000000000048316906
27300 17.38620 21.75979 728.88637 0.02985 0.00000000000050803806
27400 17.36430 21.69120 728.35658 0.02978 0.00000000000055422333
27500 17.35690 21.62711 724.41607 0.02985 0.00000000000055422333
27600 17.35707 21.56792 721.54483 0.02989 0.00000000000056132876
27700 17.37006 21.50583 720.32820 0.02986 0.00000000000055422333
27800 17.36300 21.43560 718.82937 0.02982 0.00000000000054356519
27900 17.33021 21.36104 718.03961 0.02975 0.00000000000050448534
28000 17.34398 21.28519 716.32843 0.02971 0.00000000000051159077
28100 17.28226 21.22870 708.46368 0.02996 0.00000000000059330318
28200 17.31626 21.19690 707.39956 0.02996 0.00000000000055067062
28300 17.28673 21.16664 705.55480 0.03000 0.00000000000055422333
28400 17.30633 21.12424 703.31592 0.03004 0.00000000000065369932
28500 17.35151 21.09021 701.36640 0.03007 0.00000000000062527761
28600 17.29084 21.07076 699.91155 0.03010 0.00000000000061817218
28700 17.30412 21.06299 698.04590 0.03017 0.00000000000054711791
28800 17.34526 21.05301 696.92724 0.03021 0.00000000000060751404
28900 17.32809 21.04807 698.38038 0.03014 0.00000000000058619776
29000 17.32574 21.04320 697.43181 0.03017 0.00000000000056488147
29100 17.35944 21.04241 697.41926 0.03017 0.00000000000059685590
29200 17.39402 21.04560 699.92185 0.03007 0.00000000000063948846
29300 17.33466 21.05183 699.34075 0.03010 0.00000000000062527761
29400 17.31129 21.06807 700.68025 0.03007 0.00000000000063238303
29500 17.30951 21.08248 700.37510 0.03010 0.00000000000061461947
29600 17.34574 21.08816 699.78646 0.03014 0.00000000000063948846
29700 17.31467 21.09293 700.73842 0.03010 0.00000000000066080474
29800 17.32030 21.07883 701.84259 0.03003 0.00000000000064659389
29900 17.33546 21.04779 700.81155 0.03003 0.00000000000059330318
30000 17.31217 21.00813 701.04999 0.02997 0.00000000000051159077
30100 17.34882 20.94478 697.38706 0.03003 0.00000000000053290705
30200 17.33790 20.88535 694.64483 0.03007 0.00000000000044764192
30300 17.32620 20.83722 692.28912 0.03010 0.00000000000042987836
30400 17.32319 20.79296 689.31954 0.03016 0.00000000000042632564
30500 17.32891 20.76191 687.55511 0.03020 0.00000000000060751404
30600 17.32156 20.72997 686.51191 0.03020 0.00000000000060396133
30700 17.34755 20.69115 683.76563 0.03026 0.00000000000055067062
30800 17.34424 20.65513 683.32771 0.03023 0.00000000000051869620
30900 17.39676 20.62232 682.25884 0.03023 0.00000000000052580162
31000 17.34064 20.60110 678.67582 0.03035 0.00000000000048316906
31100 17.33636 20.59922 677.20484 0.03042 0.00000000000045119464
31200 17.28443 20.54354 676.11664 0.03038 0.00000000000035171865
31300 17.28675 20.48165 674.81633 0.03035 0.00000000000031263880
31400 17.25692 20.41891 672.77411 0.03035 0.00000000000031619152
31500 17.27488 20.36114 669.49461 0.03041 0.00000000000028421709
31600 17.26962 20.30750 667.75959 0.03041 0.00000000000037658765
31700 17.26712 20.27121 661.78938 0.03063 0.00000000000034461323
31800 17.26560 20.24871 661.09760 0.03063 0.00000000000037303494
31900 17.26589 20.22234 660.95568 0.03060 0.00000000000035882408
32000 17.25970 20.17107 659.32009 0.03059 0.00000000000051869620
32100 17.28375 20.12043 656.36781 0.03065 0.00000000000049027449
32200 17.25871 20.07817 655.03235 0.03065 0.00000000000047606363
32300 17.32587 20.04103 653.86391 0.03065 0.00000000000050093263
32400 17.27240 20.01256 651.66525 0.03071 0.00000000000047606363
32500 17.26445 19.99484 649.83226 0.03077 0.00000000000030553338
32600 17.28333 19.96371 648.87020 0.03077 0.00000000000034816594
32700 17.31482 19.93182 648.52798 0.03073 0.00000000000036592951
32800 17.35823 19.89697 647.44119 0.03073 0.00000000000034816594
32900 17.30547 19.85473 648.03643 0.03064 0.00000000000034816594
33000 17.30730 19.81462 648.05014 0.03058 0.00000000000037658765
33100 17.29911 19.77531 646.80125 0.03057 0.00000000000037303494
33200 17.31623 19.75042 642.22711 0.03075 0.00000000000039435122
33300 17.33798 19.75005 639.76319 0.03087 0.00000000000030908609
33400 17.28607 19.75463 641.20956 0.03081 0.00000000000030553338
33500 17.25142 19.71106 641.08789 0.03075 0.00000000000031974423
33600 17.24011 19.65562 639.33102 0.03074 0.00000000000030553338
33700 17.25538 19.60097 637.59916 0.03074 0.00000000000030908609
33800 17.26489 19.55004 636.60038 0.03071 0.00000000000033395509
33900 17.23464 19.50670 634.01438 0.03077 0.00000000000039790393
34000 17.23651 19.46225 631.40871 0.03082 0.00000000000026645353
34100 17.18674 19.40541 630.81460 0.03076 0.00000000000022737368
34200 17.14088 19.34891 630.22180 0.03070 0.00000000000020250468
34300 17.13780 19.29587 627.93950 0.03073 0.00000000000034816594
34400 17.28871 19.24731 625.21937 0.03078 0.00000000000031619152
34500 17.23860 19.19883 624.86744 0.03072 0.00000000000023447910
34600 17.18878 19.15483 624.65328 0.03066 0.00000000000031619152
34700 17.13924 19.11304 622.16002 0.03072 0.00000000000035171865
34800 17.12825 19.06860 618.44123 0.03083 0.00000000000037658765
34900 17.12746 19.01604 616.78430 0.03083 0.00000000000044053650
35000 17.12306 18.97651 613.27609 0.03094 0.00000000000050448534
35100 17.11205 18.92887 611.22673 0.03097 0.00000000000047251092
35200 17.06344 18.87510 611.22673 0.03088 0.00000000000047251092
35300 17.11294 18.82442 610.19467 0.03085 0.00000000000058975047
35400 17.06666 18.78219 607.20490 0.03093 0.00000000000050803806
35500 17.07590 18.76000 603.24264 0.03110 0.00000000000059330318
35600 17.12896 18.74806 602.37435 0.03112 0.00000000000060751404
35700 17.08098 18.74033 602.18708 0.03112 0.00000000000058619776
35800 17.08853 18.73449 603.14277 0.03106 0.00000000000058619776
35900 17.08251 18.72304 604.45787 0.03097 0.00000000000056132876
36000 17.18020 18.70834 604.03612 0.03097 0.00000000000047961635
36100 17.13261 18.69670 604.25331 0.03094 0.00000000000042632564
36200 17.08528 18.69138 605.21292 0.03088 0.00000000000047961635
36300 17.08872 18.69128 604.17929 0.03094 0.00000000000042277293
36400 17.12514 18.70069 603.99728 0.03096 0.00000000000032684966
36500 17.13872 18.71383 605.00865 0.03093 0.00000000000043343107
36600 17.14374 18.73419 604.64843 0.03098 0.00000000000054356519
36700 17.09703 18.76184 606.12647 0.03095 0.00000000000047251092
36800 17.10336 18.78796 607.55433 0.03092 0.00000000000047251092
36900 17.14180 18.81647 608.52565 0.03092 0.00000000000046895821
37000 17.14563 18.84814 610.13224 0.03089 0.00000000000053645977
37100 17.11186 18.88289 610.77188 0.03092 0.00000000000057198690
37200 17.16157 18.91901 611.98870 0.03091 0.00000000000058975047
37300 17.11556 18.95556 613.75196 0.03088 0.00000000000063948846
37400 17.11748 18.99828 615.18225 0.03088 0.00000000000053645977
37500 17.15774 19.04637 615.19268 0.03096 0.00000000000041566750
37600 17.13849 19.11109 614.69367 0.03109 0.00000000000051159077
37700 17.20507 19.18558 617.67408 0.03106 0.00000000000050448534
37800 17.15955 19.26439 620.79633 0.03103 0.00000000000058619776
37900 17.15795 19.34762 623.00309 0.03106 0.00000000000047606363
38000 17.15647 19.43958 625.49042 0.03108 0.00000000000055067062
38100 17.12994 19.53588 629.17740 0.03105 0.00000000000073185902
38200 17.13182 19.60114 631.86807 0.03102 0.00000000000036592951
38300 17.14039 19.62598 631.65968 0.03107 0.00000000000045474735
38400 17.16270 19.60334 630.98755 0.03107 0.00000000000031619152
38500 17.17131 19.58437 630.96098 0.03104 0.00000000000030198066
38600 17.14057 19.56810 629.96568 0.03106 0.00000000000028421709
38700 17.14474 19.55146 629.48555 0.03106 0.00000000000025579538
38800 17.17621 19.53526 630.06491 0.03101 0.00000000000025224267
38900 17.14888 19.52960 628.89176 0.03105 0.00000000000036948222
39000 17.17876 19.51697 627.50364 0.03110 0.00000000000040856207
39100 17.15655 19.51054 627.87003 0.03107 0.00000000000044408921
39200 17.18847 19.50303 628.71600 0.03102 0.00000000000030908609
39300 17.15896 19.49461 629.01334 0.03099 0.00000000000022026825
39400 17.12678 19.45234 628.21499 0.03096 0.00000000000029132252
39500 17.15101 19.40465 627.23703 0.03094 0.00000000000019539925
39600 17.12350 19.35972 625.83266 0.03093 0.00000000000020250468
39700 17.13110 19.31994 624.59401 0.03093 0.00000000000015276669
39800 17.11516 19.28516 621.49747 0.03103 0.00000000000012789769
39900 17.11609 19.25504 621.58256 0.03098 0.00000000000001065814
40000 17.10972 19.20893 620.64409 0.03095 0.00000000000006394885
40100 17.11713 19.17374 617.06808 0.03107 -0.00000000000009237056
40200 17.09827 19.14680 615.26879 0.03112 -0.00000000000000710543
40300 17.11325 19.11815 614.40306 0.03112 0.00000000000013500312
40400 17.11000 19.08953 614.02614 0.03109 0.00000000000019895197
40500 17.12802 19.06133 613.65969 0.03106 0.00000000000034106051
40600 17.10145 19.03513 612.86778 0.03106 0.00000000000039790393
40700 17.10657 19.00119 613.28178 0.03098 0.00000000000045119464
40800 17.15009 18.96183 611.57528 0.03100 0.00000000000039435122
40900 17.10816 18.93343 609.26629 0.03108 0.00000000000048316906
41000 17.22070 18.91330 607.71573 0.03112 0.00000000000042277293
41100 17.17880 18.90212 607.88498 0.03109 0.00000000000046540549
41200 17.13710 18.90332 606.08309 0.03119 0.00000000000049382720
41300 17.14195 18.91879 604.75703 0.03128 0.00000000000059685590
41400 17.11785 18.94398 605.62233 0.03128 0.00000000000059685590
41500 17.13048 18.97003 606.51480 0.03128 0.00000000000070343731
41600 17.11852 18.97877 607.32075 0.03125 0.00000000000081357143
41700 17.11758 18.93609 605.54831 0.03127 0.00000000000076383344
41800 17.10077 18.89559 604.31195 0.03127 0.00000000000079580786
41900 17.11916 18.85105 603.40649 0.03124 0.00000000000073541173
42000 17.07840 18.81260 602.23256 0.03124 0.00000000000074251716
42100 17.13722 18.77886 600.29617 0.03128 0.00000000000085265128
42200 17.09661 18.74923 598.50024 0.03133 0.00000000000078870244
42300 17.14102 18.73075 597.97036 0.03132 0.00000000000080646601
42400 17.10060 18.71463 597.96561 0.03130 0.00000000000082422957
42500 17.08272 18.70034 598.46722 0.03125 0.00000000000074606987
42600 17.07481 18.66642 598.78722 0.03117 0.00000000000062527761
42700 17.07339 18.62588 596.19568 0.03124 0.00000000000054356519
42800 17.09527 18.59439 594.79820 0.03126 0.00000000000050803806
42900 17.08436 18.56239 594.71739 0.03121 0.00000000000040145665
43000 17.10699 18.53031 593.30113 0.03123 0.00000000000045119464
43100 17.08488 18.50121 592.42349 0.03123 0.00000000000052224891
43200 17.08761 18.47444 591.18204 0.03125 0.00000000000049027449
43300 17.09172 18.45069 591.35068 0.03120 0.00000000000047606363
43400 17.11694 18.42889 591.14115 0.03118 0.00000000000054356519
43500 17.09320 18.40855 591.41198 0.03113 0.00000000000057198690
43600 17.13394 18.38449 591.12359 0.03110 0.00000000000048672177
43700 17.09474 18.36264 590.90373 0.03108 0.00000000000041922021
43800 17.10775 18.34162 589.40778 0.03112 0.00000000000023803182
43900 17.11199 18.32628 588.53223 0.03114 0.00000000000023447910
44000 17.11859 18.31175 588.54407 0.03111 0.00000000000024158453
44100 17.11943 18.29704 588.11903 0.03111 0.00000000000023803182
44200 17.11134 18.28548 588.65126 0.03106 0.00000000000028421709
44300 17.12839 18.28086 587.26777 0.03113 0.00000000000030908609
44400 17.11918 18.28594 586.62996 0.03117 0.00000000000039790393
44500 17.12212 18.29442 586.95160 0.03117 0.00000000000046895821
44600 17.11317 18.30540 588.19946 0.03112 0.00000000000046540549
44700 17.11781 18.31122 588.01128 0.03114 0.00000000000049027449
44800 17.15829 18.31953 589.17088 0.03109 0.00000000000047961635
44900 17.12008 18.33094 589.58395 0.03109 0.00000000000049382720
45000 17.17555 18.34683 589.29847 0.03113 0.00000000000049737992
45100 17.13746 18.37212 590.57908 0.03111 0.00000000000045830006
45200 17.12597 18.40320 590.78442 0.03115 0.00000000000049027449
45300 17.17842 18.43652 591.90252 0.03115 0.00000000000038724579
45400 17.14059 18.47719 592.83702 0.03117 0.00000000000042632564
45500 17.13302 18.52471 593.57347 0.03121 0.00000000000051514348
45600 17.14310 18.57376 596.45326 0.03114 0.00000000000049382720
45700 17.13473 18.62787 596.98000 0.03120 0.00000000000055422333
45800 17.17252 18.67726 598.61336 0.03120 0.00000000000074251716
45900 17.13511 18.73099 599.54846 0.03124 0.00000000000071409545
46000 17.16418 18.79501 601.64961 0.03124 0.00000000000062527761
46100 17.16250 18.86172 603.83698 0.03124 0.00000000000070699002
46200 17.16018 18.93092 605.68444 0.03126 0.00000000000069277917
46300 17.15797 19.00624 608.14704 0.03125 0.00000000000065369932
46400 17.18117 19.08526 610.30758 0.03127 0.00000000000064659389
46500 17.16148 19.16705 613.39831 0.03125 0.00000000000059685590
46600 17.17707 19.25323 615.36395 0.03129 0.00000000000056132876
46700 17.16868 19.34106 618.64901 0.03126 0.00000000000046895821
46800 17.15883 19.43150 622.02052 0.03124 0.00000000000047961635
46900 17.16428 19.51541 625.18621 0.03122 0.00000000000052224891
47000 17.18682 19.59892 628.34206 0.03119 0.00000000000049382720
47100 17.16137 19.68367 631.11016 0.03119 0.00000000000042987836
47200 17.16286 19.75780 632.24963 0.03125 0.00000000000061817218
47300 17.19758 19.83403 634.74274 0.03125 0.00000000000079936058
47400 17.16130 19.91551 635.68713 0.03133 0.00000000000083488771
47500 17.16455 20.00776 638.25950 0.03135 0.00000000000103028697
47600 17.20879 20.09823 641.63373 0.03132 0.00000000000106936682
47700 17.17272 20.19327 643.86291 0.03136 0.00000000000076738615
47800 17.19133 20.29637 646.34660 0.03140 0.00000000000067501560
47900 17.20074 20.41043 648.74546 0.03146 0.00000000000069988459
48000 17.17969 20.53120 653.07991 0.03144 0.00000000000087041485
48100 17.17397 20.65063 656.94129 0.03143 0.00000000000083133500
48200 17.20009 20.77395 659.18652 0.03151 0.00000000000094502184
48300 17.20058 20.90673 663.03012 0.03153 0.00000000000097344355
48400 17.18256 21.04217 667.83006 0.03151 0.00000000000096633812
48500 17.19564 21.17337 672.06039 0.03151 0.00000000000077804430
48600 17.21865 21.30534 676.75797 0.03148 0.00000000000085975671
48700 17.18329 21.43960 681.53298 0.03146 0.00000000000094146912
48800 17.19954 21.57495 685.90069 0.03145 0.00000000000087041485
48900 17.21132 21.71066 691.17921 0.03141 0.00000000000096278541
49000 17.19620 21.84829 696.07684 0.03139 0.00000000000090594199
49100 17.19932 21.98710 699.65433 0.03143 0.00000000000089528385
49200 17.20098 22.13301 704.81807 0.03140 0.00000000000078514972
49300 17.21984 22.28137 709.14873 0.03142 0.00000000000077449158
49400 17.23722 22.43101 714.43718 0.03140 0.00000000000069633188
49500 17.20240 22.58168 720.22750 0.03135 0.00000000000072830630
49600 17.20448 22.73284 726.04570 0.03131 0.00000000000067501560
49700 17.22346 22.88428 731.88472 0.03127 0.00000000000058264504
49800 17.24939 23.03517 737.24396 0.03124 0.00000000000063238303
49900 17.21482 23.18909 742.22938 0.03124 0.00000000000058264504
50000 17.23339 23.34386 745.81010 0.03130 0.00000000000028066438
50100 17.22319 23.49607 750.73553 0.03130 0.00000000000029842795
50200 17.20555 23.65250 754.35534 0.03135 0.00000000000039079850
50300 17.21519 23.80313 759.70650 0.03133 0.00000000000046185278
50400 17.25027 23.95134 764.98586 0.03131 0.00000000000041922021
50500 17.21611 24.10656 768.06396 0.03139 0.00000000000031974423
50600 17.21166 24.27064 772.87257 0.03140 0.00000000000021671553
50700 17.21289 24.41471 778.01753 0.03138 0.00000000000030553338
50800 17.21439 24.49618 782.15339 0.03132 0.00000000000032684966
50900 17.26901 24.50045 782.84547 0.03130 0.00000000000017763568
51000 17.23515 24.49469 781.74540 0.03133 0.00000000000025934810
51100 17.21880 24.49112 781.20851 0.03135 0.00000000000051514348
51200 17.27805 24.48035 781.41772 0.03133 0.00000000000051869620
51300 17.24437 24.47936 779.02688 0.03142 0.00000000000059330318
51400 17.22523 24.48645 779.80398 0.03140 0.00000000000059685590
51500 17.24510 24.49398 780.11131 0.03140 0.00000000000057909233
51600 17.22926 24.50106 780.40419 0.03140 0.00000000000057909233
51700 17.26160 24.50252 780.03703 0.03141 0.00000000000060396133
51800 17.24424 24.51048 780.35816 0.03141 0.00000000000067146289
51900 17.24493 24.52156 780.77856 0.03141 0.00000000000080291329
52000 17.23795 24.53698 780.85856 0.03142 0.00000000000076028073
52100 17.24934 24.55573 782.00086 0.03140 0.00000000000068567374
52200 17.25987 24.57714 782.74952 0.03140 0.00000000000074606987
52300 17.23766 24.60239 784.09803 0.03138 0.00000000000062527761
52400 17.23713 24.61214 784.95190 0.03135 0.00000000000072120088
52500 17.26062 24.62121 783.40210 0.03143 0.00000000000069633188
52600 17.26833 24.63783 784.47327 0.03141 0.00000000000072120088
52700 17.24407 24.66202 782.94478 0.03150 0.00000000000086330942
52800 17.26616 24.68387 783.23818 0.03152 0.00000000000108713039
52900 17.28704 24.70759 783.59203 0.03153 0.00000000000093081098
53000 17.25442 24.74073 783.77691 0.03157 0.00000000000096278541
53100 17.26158 24.77621 784.03869 0.03160 0.00000000000105515596
53200 17.25641 24.81786 785.43140 0.03160 0.00000000000103739239
53300 17.28208 24.86275 786.92682 0.03159 0.00000000000104805054
53400 17.25624 24.91005 788.96605 0.03157 0.00000000000122923893
53500 17.25549 24.95381 790.42548 0.03157 0.00000000000090238927
53600 17.25854 24.99217 790.77928 0.03160 0.00000000000085975671
53700 17.25525 25.02890 792.01658 0.03160 0.00000000000094502184
53800 17.26010 25.05112 792.79435 0.03160 0.00000000000119371180
53900 17.25746 25.07239 792.14649 0.03165 0.00000000000116173737
54000 17.26948 25.08917 792.28947 0.03167 0.00000000000130029321
54100 17.29049 25.11086 792.12681 0.03170 0.00000000000146016532
54200 17.30500 25.13880 792.62522 0.03172 0.00000000000155964130
54300 17.27313 25.17084 794.17569 0.03169 0.00000000000156319402
54400 17.26508 25.20267 796.18178 0.03165 0.00000000000162359015
54500 17.26760 25.21813 796.74657 0.03165 0.00000000000150990331
54600 17.27508 25.22196 797.86734 0.03161 0.00000000000156674673
54700 17.27560 25.22910 797.70636 0.03163 0.00000000000162003744
54800 17.29752 25.23953 797.65081 0.03164 0.00000000000154898316
54900 17.31072 25.25530 797.76514 0.03166 0.00000000000163780101
55000 17.27925 25.27317 799.32385 0.03162 0.00000000000166267000
55100 17.27353 25.29216 800.45841 0.03160 0.00000000000165911729
55200 17.29036 25.31712 800.40365 0.03163 0.00000000000154187774
55300 17.27549 25.33962 801.64829 0.03161 0.00000000000159872116
55400 17.29302 25.34396 800.48762 0.03166 0.00000000000164135372
55500 17.28398 25.35087 801.23771 0.03164 0.00000000000158095759
55600 17.29341 25.36046 801.61536 0.03164 0.00000000000149569246
55700 17.28953 25.37095 802.02138 0.03163 0.00000000000154187774
55800 17.28716 25.37781 802.76734 0.03161 0.00000000000171240799
55900 17.33864 25.37819 801.94492 0.03165 0.00000000000153121960
56000 17.30768 25.37372 802.33122 0.03163 0.00000000000162003744
56100 17.29332 25.37556 801.10798 0.03168 0.00000000000164490643
56200 17.30301 25.38201 802.28847 0.03164 0.00000000000159872116
56300 17.31266 25.38762 803.89372 0.03158 0.00000000000159872116
56400 17.32685 25.39632 803.78934 0.03160 0.00000000000173017156
56500 17.29619 25.40832 804.24093 0.03159 0.00000000000159516844
56600 17.31609 25.42728 803.56444 0.03164 0.00000000000159872116
56700 17.29777 25.45113 805.28973 0.03160 0.00000000000153477231
56800 17.34741 25.47776 804.85928 0.03165 0.00000000000136424205
56900 17.31692 25.51051 806.41555 0.03163 0.00000000000137134748
57000 17.30388 25.54536 808.03866 0.03161 0.00000000000133226763
57100 17.35340 25.58709 806.30385 0.03173 0.00000000000119015908
57200 17.32306 25.63436 807.42598 0.03175 0.00000000000135713663
57300 17.29906 25.68728 809.61550 0.03173 0.00000000000137490019
57400 17.30341 25.73494 811.64046 0.03171 0.00000000000120436994
57500 17.30289 25.78380 812.36637 0.03174 0.00000000000118660637
57600 17.32053 25.83892 813.73536 0.03175 0.00000000000111555210
57700 17.30811 25.89969 815.72717 0.03175 0.00000000000103739239
57800 17.30834 25.96116 817.29587 0.03176 0.00000000000094857455
57900 17.32050 26.02656 819.43321 0.03176 0.00000000000095567998
58000 17.32294 26.09370 821.62581 0.03176 0.00000000000087396756
58100 17.36955 26.16431 824.37431 0.03174 0.00000000000088107299
58200 17.33971 26.23791 825.87680 0.03177 0.00000000000094146912
58300 17.31704 26.32243 827.72263 0.03180 0.00000000000091304742
58400 17.35848 26.40613 830.43524 0.03180 0.00000000000058619776
58500 17.32881 26.49743 832.04494 0.03185 0.00000000000059685590
58600 17.31515 26.59753 833.48414 0.03191 0.00000000000066791017
58700 17.31442 26.70621 836.08247 0.03194 0.00000000000059685590
58800 17.37720 26.82003 837.05822 0.03204 0.00000000000063238303
58900 17.34769 26.94389 840.56944 0.03205 0.00000000000077804430
59000 17.31829 27.07112 845.07714 0.03203 0.00000000000081001872
59100 17.33043 27.19939 849.62151 0.03201 0.00000000000078159701
59200 17.37813 27.32832 853.28947 0.03203 0.00000000000086330942
59300 17.34882 27.46049 857.95934 0.03201 0.00000000000081357143
59400 17.33468 27.59531 862.71656 0.03199 0.00000000000077093887
59500 17.35746 27.73401 866.23272 0.03202 0.00000000000057553962
59600 17.32834 27.87334 869.76501 0.03205 0.00000000000054356519
59700 17.35218 28.01479 873.81563 0.03206 0.00000000000052580162
59800 17.32652 28.15843 878.84869 0.03204 0.00000000000051514348
59900 17.32833 28.30554 881.23788 0.03212 0.00000000000044053650
60000 17.34035 28.46187 885.28372 0.03215 0.00000000000046895821
60100 17.33237 28.61959 890.28852 0.03215 0.00000000000049027449
60200 17.33390 28.77196 896.51774 0.03209 0.00000000000066080474
60300 17.34207 28.91608 901.10586 0.03209 0.00000000000053290705
60400 17.33656 29.06388 904.87542 0.03212 0.00000000000043698378
60500 17.36798 29.21452 908.72919 0.03215 0.00000000000024868996
60600 17.33932 29.36766 913.12466 0.03216 0.00000000000015631940
60700 17.39849 29.52276 918.99067 0.03213 0.00000000000020961011
60800 17.36987 29.67981 924.45301 0.03211 0.00000000000023803182
60900 17.34135 29.83987 930.01450 0.03209 0.00000000000034461323
61000 17.34125 30.00300 933.76672 0.03213 0.00000000000017408297
61100 17.34146 30.16750 938.98853 0.03213 0.00000000000027711167
61200 17.34524 30.33516 943.82917 0.03214 0.00000000000027355895
61300 17.34248 30.50570 948.75679 0.03215 0.00000000000017408297
61400 17.36654 30.68247 953.39260 0.03218 0.00000000000022737368
61500 17.37929 30.86616 958.23774 0.03221 0.00000000000020605739
61600 17.35108 31.05280 963.65354 0.03222 0.00000000000029842795
61700 17.34646 31.24491 968.26254 0.03227 0.00000000000037303494
61800 17.34982 31.43867 974.37798 0.03227 0.00000000000048672177
61900 17.40681 31.63748 978.69058 0.03233 0.00000000000062883032
62000 17.37874 31.84213 985.13578 0.03232 0.00000000000067856831
62100 17.35075 32.05129 991.72139 0.03232 0.00000000000067501560
62200 17.41512 32.26386 997.42149 0.03235 0.00000000000073896445
62300 17.38716 32.48597 1002.41510 0.03241 0.00000000000077449158
62400 17.35930 32.71347 1010.05466 0.03239 0.00000000000076738615
62500 17.36577 32.94117 1017.70794 0.03237 0.00000000000067501560
62600 17.35599 33.16616 1024.77878 0.03236 0.00000000000062527761
62700 17.35988 33.36798 1031.64302 0.03234 0.00000000000084554586
62800 17.38679 33.56217 1038.27807 0.03232 0.00000000000064659389
62900 17.35915 33.75882 1043.96741 0.03234 0.00000000000059685590
63000 17.36204 33.95845 1049.74598 0.03235 0.00000000000056132876
63100 17.36190 34.15708 1057.04368 0.03231 0.00000000000052580162
63200 17.36116 34.36079 1061.90816 0.03236 0.00000000000051869620
63300 17.37786 34.56365 1067.77882 0.03237 0.00000000000014921397
63400 17.36434 34.75440 1073.79577 0.03237 -0.00000000000002842171
63500 17.37543 34.93475 1078.96708 0.03238 -0.00000000000002131628
63600 17.38367 35.11900 1083.73050 0.03241 -0.00000000000024868996
63700 17.43517 35.30804 1089.69089 0.03240 -0.00000000000029132252
63800 17.40784 35.49939 1095.72368 0.03240 -0.00000000000021316282
63900 17.38060 35.69575 1099.78711 0.03246 -0.00000000000007815970
64000 17.37287 35.90342 1103.65951 0.03253 -0.00000000000012079227
64100 17.38684 36.11568 1111.38507 0.03250 -0.00000000000017053026
64200 17.38161 36.32719 1118.02746 0.03249 -0.00000000000016342483
64300 17.38048 36.54030 1124.18256 0.03250 -0.00000000000026290081
64400 17.40753 36.75280 1129.77579 0.03253 -0.00000000000034106051
64500 17.38054 36.97123 1136.62742 0.03253 -0.00000000000029842795
64600 17.38032 37.18924 1144.01186 0.03251 -0.00000000000029842795
64700 17.37838 37.40113 1151.76253 0.03247 -0.00000000000035527137
64800 17.44592 37.60676 1157.68084 0.03248 -0.00000000000036237680
64900 17.41904 37.81418 1164.20310 0.03248 -0.00000000000041922021
65000 17.39224 38.02575 1171.40943 0.03246 -0.00000000000043343107
65100 17.39032 38.24127 1176.51553 0.03250 -0.00000000000041211479
65200 17.38086 38.46064 1183.40435 0.03250 -0.00000000000045474735
65300 17.40253 38.66423 1189.80887 0.03250 -0.00000000000063948846
65400 17.39744 38.83703 1195.26678 0.03249 -0.00000000000056843419
65500 17.39236 39.00933 1201.83977 0.03246 -0.00000000000066791017
65600 17.40159 39.18411 1206.79698 0.03247 -0.00000000000069633188
65700 17.38485 39.36089 1212.95056 0.03245 -0.00000000000074606987
65800 17.40325 39.53830 1219.12832 0.03243 -0.00000000000077449158
65900 17.44879 39.71740 1224.21737 0.03244 -0.00000000000073185902
66000 17.42235 39.90053 1230.00240 0.03244 -0.00000000000072475359
66100 17.39600 40.08683 1237.03987 0.03241 -0.00000000000063948846
66200 17.38803 40.26261 1243.76332 0.03237 -0.00000000000066791017
66300 17.41144 40.39779 1247.49571 0.03238 -0.00000000000073896445
66400 17.39005 40.53045 1252.89674 0.03235 -0.00000000000072475359
66500 17.39130 40.64935 1257.87895 0.03232 -0.00000000000066080474
66600 17.39630 40.76486 1261.58895 0.03231 -0.00000000000083844043
66700 17.41305 40.87921 1264.67686 0.03232 -0.00000000000087396756
66800 17.39276 40.99600 1266.08076 0.03238 -0.00000000000084554586
66900 17.42643 41.10755 1267.90925 0.03242 -0.00000000000079580786
67000 17.40042 41.22709 1269.98403 0.03246 -0.00000000000092370556
67100 17.42066 41.34948 1272.14596 0.03250 -0.00000000000113686838
67200 17.41166 41.47595 1275.01555 0.03253 -0.00000000000103739239
67300 17.39697 41.60556 1279.73217 0.03251 -0.00000000000104449782
67400 17.40806 41.72795 1282.47312 0.03254 -0.00000000000115818466
67500 17.40485 41.84842 1286.91036 0.03252 -0.00000000000096633812
67600 17.44792 41.96651 1291.27726 0.03250 -0.00000000000117239551
67700 17.42215 42.08277 1292.65142 0.03256 -0.00000000000095923269
67800 17.40939 42.20744 1296.04368 0.03257 -0.00000000000066080474
67900 17.41266 42.33888 1296.12719 0.03267 -0.00000000000069633188
68000 17.41543 42.47693 1300.50924 0.03266 -0.00000000000073896445
68100 17.40438 42.61894 1304.42681 0.03267 -0.00000000000068922645
68200 17.43635 42.76446 1307.27758 0.03271 -0.00000000000102318154
68300 17.41082 42.91673 1310.91799 0.03274 -0.00000000000106581410
68400 17.43710 43.07135 1316.97837 0.03270 -0.00000000000094502184
68500 17.41165 43.22966 1321.38850 0.03272 -0.00000000000094502184
68600 17.40977 43.38884 1327.00584 0.03270 -0.00000000000078159701
68700 17.43337 43.55050 1330.33309 0.03274 -0.00000000000107291953
68800 17.40942 43.72053 1335.09641 0.03275 -0.00000000000106581410
68900 17.41826 43.89173 1341.08225 0.03273 -0.00000000000104449782
69000 17.44480 44.06154 1347.02985 0.03271 -0.00000000000092370556
69100 17.41955 44.23218 1353.00730 0.03269 -0.00000000000102318154
69200 17.45098 44.40480 1357.84881 0.03270 -0.00000000000090949470
69300 17.42579 44.58137 1364.01279 0.03268 -0.00000000000083844043
69400 17.42091 44.76257 1368.51220 0.03271 -0.00000000000055422333
69500 17.43601 44.94409 1374.83031 0.03269 -0.00000000000060396133
69600 17.43624 45.12627 1379.35382 0.03272 -0.00000000000068922645
69700 17.43646 45.30946 1386.94313 0.03267 -0.00000000000085975671
69800 17.42319 45.49277 1393.32834 0.03265 -0.00000000000091660013
69900 17.42538 45.67584 1397.87254 0.03268 -0.00000000000092370556
70000 17.46137 45.86004 1403.67423 0.03267 -0.00000000000104449782
70100 17.43646 46.04426 1411.32617 0.03262 -0.00000000000104449782
70200 17.43941 46.23116 1416.59870 0.03264 -0.00000000000109423581
70300 17.44234 46.41833 1423.73862 0.03260 -0.00000000000086686214
70400 17.48155 46.60880 1427.87611 0.03264 -0.00000000000058975047
70500 17.45675 46.80226 1435.83956 0.03260 -0.00000000000058975047
70600 17.43202 46.99789 1442.00392 0.03259 -0.00000000000057553962
70700 17.43280 47.19521 1448.22119 0.03259 -0.00000000000054001248
70800 17.43887 47.39402 1454.48477 0.03258 -0.00000000000058264504
70900 17.43202 47.59337 1462.03188 0.03255 -0.00000000000051869620
71000 17.43135 47.79267 1468.95221 0.03254 -0.00000000000047606363
71100 17.43304 47.99406 1474.02913 0.03256 -0.00000000000023447910
71200 17.43579 48.19309 1479.66717 0.03257 -0.00000000000041211479
71300 17.47938 48.39307 1485.97138 0.03257 -0.00000000000044764192
71400 17.45490 48.59617 1491.73124 0.03258 -0.00000000000029132252
71500 17.43049 48.80391 1498.91728 0.03256 -0.00000000000029132252
71600 17.43966 49.01298 1505.50387 0.03256 -0.00000000000025579538
71700 17.43800 49.22216 1514.04067 0.03251 -0.00000000000022026825
71800 17.43378 49.42162 1519.68822 0.03252 -0.00000000000020605739
71900 17.44614 49.60201 1523.44495 0.03256 -0.00000000000040500936
72000 17.45131 49.75740 1527.08127 0.03258 -0.00000000000058975047
72100 17.43914 49.90247 1532.35437 0.03257 -0.00000000000103739239
72200 17.43966 49.99567 1535.38368 0.03256 -0.00000000000098054898
72300 17.44947 50.08912 1536.46290 0.03260 -0.00000000000078870244
72400 17.43700 50.18709 1539.63782 0.03260 -0.00000000000089528385
72500 17.44236 50.28320 1542.10319 0.03261 -0.00000000000088107299
72600 17.45082 50.38118 1543.32238 0.03264 -0.00000000000037658765
72700 17.43914 50.47893 1547.79327 0.03261 -0.00000000000066080474
72800 17.47731 50.57582 1550.28198 0.03262 -0.00000000000066080474
72900 17.45334 50.67536 1553.50449 0.03262 -0.00000000000074606987
73000 17.46790 50.77863 1555.53491 0.03264 -0.00000000000065369932
73100 17.44400 50.88623 1560.31169 0.03261 -0.00000000000065369932
73200 17.44550 50.99610 1563.19693 0.03262 -0.00000000000076028073
73300 17.45475 51.10836 1564.84650 0.03266 -0.00000000000060396133
73400 17.44512 51.22331 1570.50593 0.03262 -0.00000000000058264504
73500 17.44726 51.34114 1571.66745 0.03267 -0.00000000000075317530
73600 17.44561 51.45899 1574.79495 0.03268 -0.00000000000068212103
73700 17.44874 51.58085 1577.38934 0.03270 -0.00000000000065369932
73800 17.45472 51.70539 1582.03062 0.03268 -0.00000000000060396133
73900 17.45439 51.83138 1585.40511 0.03269 -0.00000000000061817218
74000 17.48471 51.96153 1586.28447 0.03276 -0.00000000000022026825
74100 17.46111 52.09786 1591.28240 0.03274 -0.00000000000028421709
74200 17.46113 52.24073 1592.54825 0.03280 -0.00000000000020605739
74300 17.45502 52.38809 1597.87966 0.03279 -0.00000000000019895197
74400 17.46568 52.53521 1601.89315 0.03280 0.00000000000014921397
74500 17.45181 52.68407 1607.27408 0.03278 0.00000000000010658141
74600 17.45625 52.82323 1612.36201 0.03276 0.00000000000012789769
74700 17.45322 52.96513 1613.57875 0.03282 0.00000000000014210855
74800 17.45467 53.10273 1617.95680 0.03282 0.00000000000014210855
74900 17.45637 53.23603 1622.20444 0.03282 -0.00000000000010658141
75000 17.45502 53.37246 1625.22727 0.03284 -0.00000000000046185278
75100 17.48451 53.50931 1627.60195 0.03288 -0.00000000000051159077
75200 17.46126 53.64950 1633.37735 0.03285 -0.00000000000059685590
75300 17.45908 53.78926 1637.82084 0.03284 -0.00000000000054001248
75400 17.47183 53.93103 1639.01642 0.03290 -0.00000000000004973799
75500 17.48550 54.07534 1642.93289 0.03291 -0.00000000000017763568
75600 17.46237 54.22352 1648.29050 0.03290 -0.00000000000004263256
75700 17.46371 54.37214 1654.32920 0.03287 -0.00000000000002131628
75800 17.46081 54.51989 1660.34855 0.03284 0.00000000000008526513
75900 17.47357 54.65910 1665.44593 0.03282 -0.00000000000012789769
76000 17.49934 54.79941 1669.24042 0.03283 -0.00000000000008526513
76100 17.47634 54.94321 1673.81025 0.03283 -0.00000000000005684342
76200 17.46915 55.08977 1679.13626 0.03281 -0.00000000000002842171
76300 17.50743 55.24109 1680.58029 0.03287 0.00000000000026290081
76400 17.48452 55.39032 1686.65632 0.03284 0.00000000000022737368
76500 17.51594 55.54063 1692.77218 0.03281 0.00000000000034816594
76600 17.49307 55.69282 1697.60045 0.03281 0.00000000000030553338
76700 17.47026 55.84970 1701.22005 0.03283 0.00000000000016342483
76800 17.46641 56.00852 1706.92620 0.03281 0.00000000000019184654
76900 17.49279 56.16192 1712.47080 0.03280 0.00000000000027000624
77000 17.47007 56.31365 1719.33044 0.03275 0.00000000000026290081
77100 17.47733 56.46706 1724.20200 0.03275 0.00000000000034816594
77200 17.49872 56.62218 1727.07719 0.03278 0.00000000000048316906
77300 17.47609 56.78273 1731.48117 0.03279 0.00000000000044053650
77400 17.47202 56.94659 1735.98507 0.03280 0.00000000000063948846
77500 17.48702 57.11094 1740.50258 0.03281 0.00000000000063238303
77600 17.48153 57.27925 1743.77004 0.03285 0.00000000000077449158
77700 17.49561 57.44965 1749.15280 0.03284 0.00000000000085265128
77800 17.47312 57.62490 1753.99741 0.03285 0.00000000000076028073
77900 17.49155 57.79980 1760.20495 0.03284 0.00000000000091660013
78000 17.47936 57.97742 1764.43179 0.03286 0.00000000000112976295
78100 17.47472 58.15700 1771.47481 0.03283 0.00000000000103739239
78200 17.49325 58.33568 1776.42133 0.03284 0.00000000000090238927
78300 17.48718 58.51833 1781.48738 0.03285 0.00000000000078870244
78400 17.47721 58.70428 1786.65188 0.03286 0.00000000000082422957
78500 17.49479 58.88933 1792.48257 0.03285 0.00000000000082422957
78600 17.48463 59.07741 1799.10275 0.03284 0.00000000000085265128
78700 17.52565 59.24876 1804.51907 0.03283 0.00000000000099475983
78800 17.50341 59.39694 1809.92983 0.03282 0.00000000000090238927
78900 17.48123 59.54866 1814.75073 0.03281 0.00000000000085265128
79000 17.50269 59.70279 1818.94338 0.03282 0.00000000000073185902
79100 17.48826 59.86074 1822.54995 0.03284 0.00000000000066080474
79200 17.48141 60.02114 1826.22922 0.03287 0.00000000000073185902
79300 17.53669 60.14857 1831.71340 0.03284 0.00000000000056132876
79400 17.51460 60.25583 1836.58851 0.03281 0.00000000000068922645
79500 17.49257 60.36565 1840.83965 0.03279 0.00000000000066080474
79600 17.49056 60.46421 1843.33646 0.03280 0.00000000000054001248
79700 17.50826 60.53794 1845.07598 0.03281 0.00000000000073185902
79800 17.48632 60.62151 1844.29919 0.03287 0.00000000000073185902
79900 17.49148 60.70687 1847.80145 0.03285 0.00000000000070343731
80000 17.52960 60.79425 1850.66225 0.03285 0.00000000000076028073
80100 17.50772 60.88492 1852.21515 0.03287 0.00000000000083844043
80200 17.50864 60.97986 1854.60160 0.03288 0.00000000000075317530
80300 17.48933 61.07849 1858.50807 0.03286 0.00000000000070343731
80400 17.49302 61.18123 1856.21533 0.03296 0.00000000000072475359
80500 17.49470 61.29051 1860.43979 0.03294 0.00000000000058975047
80600 17.50399 61.39700 1863.17691 0.03295 0.00000000000111555210
80700 17.49769 61.50175 1866.56305 0.03295 0.00000000000135003120
80800 17.49206 61.60716 1869.96952 0.03295 0.00000000000148503432
80900 17.50573 61.71451 1872.03005 0.03297 0.00000000000130739863
81000 17.49228 61.82756 1872.86167 0.03301 0.00000000000160582658
81100 17.54776 61.94500 1876.63031 0.03301 0.00000000000152056145
81200 17.52615 62.06524 1881.18606 0.03299 0.00000000000144240175
81300 17.50459 62.18684 1885.78516 0.03298 0.00000000000147792889
81400 17.51520 62.31152 1888.36845 0.03300 0.00000000000133582034
81500 17.52721 62.44027 1892.48119 0.03299 0.00000000000134292577
81600 17.50573 62.56963 1898.72886 0.03295 0.00000000000135003120
81700 17.50430 62.70096 1900.09970 0.03300 0.00000000000144240175
81800 17.51298 62.83730 1903.73731 0.03301 0.00000000000141398004
81900 17.50912 62.97549 1907.43085 0.03302 0.00000000000137845291
82000 17.51495 63.11443 1912.55840 0.03300 0.00000000000115107923
82100 17.49466 63.21271 1917.16425 0.03297 0.00000000000117239551
82200 17.49584 63.13718 1913.67111 0.03299 0.00000000000093791641
82300 17.48620 63.06481 1912.39265 0.03298 0.00000000000135003120
82400 17.48577 62.98990 1910.33041 0.03297 0.00000000000132871492
82500 17.49607 62.91713 1906.22959 0.03301 0.00000000000127187150
82600 17.49132 62.84804 1901.55621 0.03305 0.00000000000171240799
82700 17.49341 62.77803 1898.26072 0.03307 0.00000000000192557081
82800 17.49059 62.71407 1895.15498 0.03309 0.00000000000193267624
82900 17.49846 62.65299 1893.52281 0.03309 0.00000000000191135996
83000 17.49687 62.59304 1891.92376 0.03308 0.00000000000197530881
83100 17.48867 62.53337 1890.33224 0.03308 0.00000000000202504680
83200 17.49165 62.47730 1886.79187 0.03311 0.00000000000202504680
83300 17.49266 62.41485 1884.43524 0.03312 0.00000000000190425453
83400 17.49273 62.34994 1883.37027 0.03311 0.00000000000199662509
83500 17.49433 62.28555 1880.27592 0.03313 0.00000000000190425453
83600 17.51322 62.22612 1876.66070 0.03316 0.00000000000182609483
83700 17.49230 62.17068 1874.52653 0.03317 0.00000000000189714910
83800 17.49626 62.12096 1870.54847 0.03321 0.00000000000182609483
83900 17.51905 62.07432 1868.68878 0.03322 0.00000000000182609483
84000 17.49820 62.03219 1868.30536 0.03320 0.00000000000172661885
84100 17.52559 61.99256 1867.99515 0.03319 0.00000000000183320026
84200 17.50477 61.95489 1866.40505 0.03319 0.00000000000170530257
84300 17.49573 61.92092 1866.26169 0.03318 0.00000000000164845915
84400 17.51156 61.88486 1865.38646 0.03318 0.00000000000184030569
84500 17.49695 61.85093 1864.57504 0.03317 0.00000000000187583282
84600 17.50860 61.81699 1865.09178 0.03314 0.00000000000186872740
84700 17.49834 61.78312 1864.94299 0.03313 0.00000000000196109795
84800 17.53500 61.74732 1864.07000 0.03313 0.00000000000198241423
84900 17.51434 61.71333 1862.58875 0.03313 0.00000000000224531505
85000 17.50420 61.68443 1860.60211 0.03315 0.00000000000252242671
85100 17.51121 61.65626 1861.27985 0.03313 0.00000000000267874611
85200 17.50740 61.62964 1861.34178 0.03311 0.00000000000272137868
85300 17.53291 61.60329 1860.75087 0.03311 0.00000000000269295697
85400 17.51238 61.58054 1857.63968 0.03315 0.00000000000277111667
85500 17.51387 61.56366 1856.68168 0.03316 0.00000000000262900812
85600 17.52180 61.54776 1856.40897 0.03315 0.00000000000259348099
85700 17.50953 61.53212 1854.83752 0.03317 0.00000000000240873987
85800 17.51231 61.51932 1853.35605 0.03319 0.00000000000269295697
85900 17.50484 61.50369 1853.74267 0.03318 0.00000000000272137868
86000 17.52184 61.47703 1853.14553 0.03317 0.00000000000260769184
86100 17.51171 61.45219 1852.60290 0.03317 0.00000000000248689958
86200 17.53391 61.43027 1850.85260 0.03319 0.00000000000243716158
86300 17.51359 61.41408 1849.27964 0.03321 0.00000000000237321274
86400 17.50885 61.40063 1848.43712 0.03322 0.00000000000241584530
86500 17.51805 61.38314 1848.76111 0.03320 0.00000000000273558953
86600 17.51089 61.35723 1849.47297 0.03318 0.00000000000279243295
86700 17.52328 61.33270 1847.65294 0.03319 0.00000000000284217094
86800 17.52707 61.31027 1848.46524 0.03317 0.00000000000276401124
86900 17.52390 61.29028 1847.42468 0.03318 0.00000000000271427325
87000 17.51932 61.27463 1845.87696 0.03320 0.00000000000278532752
87100 17.52828 61.26181 1845.05651 0.03320 0.00000000000280664381
87200 17.51413 61.25310 1843.72457 0.03322 0.00000000000292743607
87300 17.52344 61.24792 1842.50281 0.03324 0.00000000000306954462
87400 17.52640 61.24472 1842.61232 0.03324 0.00000000000307665005
87500 17.52250 61.23789 1842.61179 0.03323 0.00000000000306954462
87600 17.52102 61.23373 1842.69145 0.03323 0.00000000000296296321
87700 17.51354 61.22945 1844.03268 0.03320 0.00000000000301270120
87800 17.52159 61.22186 1842.11077 0.03323 0.00000000000296296321
87900 17.51800 61.21587 1842.13462 0.03323 0.00000000000290611979
88000 17.51565 61.21073 1841.55366 0.03324 0.00000000000297006864
88100 17.52477 61.20101 1840.20790 0.03326 0.00000000000303401748
88200 17.51778 61.19229 1840.14997 0.03325 0.00000000000289901436
88300 17.51787 61.18458 1838.86956 0.03327 0.00000000000276401124
88400 17.53466 61.17924 1838.28837 0.03328 0.00000000000272137868
88500 17.53094 61.18067 1836.66542 0.03331 0.00000000000260769184
88600 17.52723 61.18410 1837.59692 0.03330 0.00000000000262190269
88700 17.52178 61.18847 1837.31122 0.03330 0.00000000000267874611
88800 17.52034 61.19346 1837.04513 0.03331 0.00000000000252242671
88900 17.52415 61.19915 1838.04216 0.03330 0.00000000000245137244
89000 17.54118 61.20446 1838.40600 0.03329 0.00000000000247268872
89100 17.52149 61.21261 1839.47513 0.03328 0.00000000000243716158
89200 17.53169 61.21989 1840.51698 0.03326 0.00000000000242295073
89300 17.53060 61.22848 1840.35801 0.03327 0.00000000000221689334
89400 17.52319 61.23099 1841.87428 0.03324 0.00000000000238742359
89500 17.52286 61.21868 1841.70470 0.03324 0.00000000000244426701
89600 17.52478 61.20455 1837.16179 0.03331 0.00000000000225242047
89700 17.53114 61.18722 1835.61658 0.03333 0.00000000000217426077
89800 17.52913 61.17159 1834.73920 0.03334 0.00000000000206767936
89900 17.53046 61.15502 1836.28465 0.03330 0.00000000000209610107
90000 17.53178 61.13746 1837.18570 0.03328 0.00000000000218136620
90100 17.52832 61.12112 1836.89569 0.03327 0.00000000000216715534
90200 17.52580 61.10587 1835.41453 0.03329 0.00000000000210320650
90300 17.54188 61.09681 1832.90422 0.03333 0.00000000000212452278
90400 17.53315 61.09130 1831.11849 0.03336 0.00000000000205346851
90500 17.53324 61.08978 1830.67051 0.03337 0.00000000000208899564
90600 17.53293 61.08636 1830.77221 0.03337 0.00000000000203925765
90700 17.52943 61.08318 1830.88041 0.03336 0.00000000000185451654
90800 17.55273 61.07973 1830.98024 0.03336 0.00000000000168398628
90900 17.53342 61.07892 1831.15891 0.03336 0.00000000000175504056
91000 17.54735 61.07915 1831.97188 0.03334 0.00000000000173372428
91100 17.53012 61.07972 1832.79411 0.03333 0.00000000000170530257
91200 17.57146 61.06586 1833.18182 0.03331 0.00000000000090238927
91300 17.55221 61.05208 1833.57083 0.03330 0.00000000000088817842
91400 17.53301 61.04031 1834.01839 0.03328 0.00000000000087396756
91500 17.54016 61.02913 1833.27816 0.03329 0.00000000000093081098
91600 17.53502 61.02035 1833.21217 0.03329 0.00000000000106581410
91700 17.53300 61.01448 1832.63265 0.03329 0.00000000000121502808
91800 17.53423 61.00755 1833.22203 0.03328 0.00000000000086686214
91900 17.54849 60.99845 1831.94681 0.03330 0.00000000000079580786
92000 17.53467 60.99241 1830.76737 0.03332 0.00000000000115107923
92100 17.53670 60.98667 1830.19633 0.03332 0.00000000000119371180
92200 17.53685 60.97866 1831.34610 0.03330 0.00000000000104449782
92300 17.57489 60.96612 1831.16580 0.03329 0.00000000000091660013
92400 17.55587 60.95197 1830.93703 0.03329 0.00000000000123634436
92500 17.53689 60.94021 1830.77940 0.03329 0.00000000000122923893
92600 17.54715 60.93004 1830.66886 0.03328 0.00000000000109423581
92700 17.54799 60.92375 1830.67482 0.03328 0.00000000000094502184
92800 17.54018 60.91722 1831.26588 0.03327 0.00000000000092370556
92900 17.54016 60.90826 1831.78283 0.03325 0.00000000000115818466
93000 17.54144 60.89849 1831.08953 0.03326 0.00000000000088107299
93100 17.57539 60.89226 1829.91253 0.03328 0.00000000000099475983
93200 17.55653 60.88958 1829.43537 0.03328 0.00000000000046185278
93300 17.56323 60.89073 1828.48577 0.03330 0.00000000000033395509
93400 17.54443 60.89717 1828.87330 0.03330 0.00000000000022026825
93500 17.55766 60.90422 1830.45459 0.03327 0.00000000000034816594
93600 17.56437 60.91202 1832.05829 0.03325 0.00000000000027711167
93700 17.54562 60.92140 1833.11990 0.03323 0.00000000000024868996
93800 17.55136 60.93268 1831.29946 0.03327 0.00000000000028421709
93900 17.56636 60.94870 1830.80081 0.03329 0.00000000000063238303
94000 17.54767 60.96651 1832.11384 0.03328 0.00000000000065369932
94100 17.55557 60.98591 1831.13409 0.03330 0.00000000000058264504
94200 17.54508 61.00766 1830.81283 0.03332 0.00000000000061106675
94300 17.54643 61.03084 1831.11949 0.03333 0.00000000000005684342
94400 17.54632 61.05508 1832.62294 0.03332 0.00000000000047606363
94500 17.54728 61.07729 1834.06539 0.03330 0.00000000000051159077
94600 17.54584 61.09772 1835.45401 0.03329 -0.00000000000002131628
94700 17.55209 61.11729 1833.90611 0.03333 0.00000000000016342483
94800 17.55214 61.13772 1835.87442 0.03330 0.00000000000017053026
94900 17.56460 61.15647 1836.62948 0.03330 -0.00000000000025579538
95000 17.54818 61.17673 1838.01064 0.03328 -0.00000000000014210855
95100 17.55210 61.19519 1839.91862 0.03326 0.00000000000002842171
95200 17.55098 61.21258 1841.21252 0.03325 0.00000000000025579538
95300 17.56301 61.19076 1840.16381 0.03325 0.00000000000054001248
95400 17.55200 61.14206 1838.88787 0.03325 0.00000000000051159077
95500 17.54996 61.09482 1835.34292 0.03329 0.00000000000067501560
95600 17.56510 61.04807 1832.97609 0.03331 0.00000000000038369308
95700 17.55413 61.00454 1831.28447 0.03331 0.00000000000007815970
95800 17.55344 60.96346 1830.24115 0.03331 0.00000000000006394885
95900 17.55174 60.92373 1827.52145 0.03334 0.00000000000035527137
96000 17.56251 60.88492 1824.83683 0.03336 0.00000000000099475983
96100 17.55352 60.84872 1825.08186 0.03334 0.00000000000130029321
96200 17.55699 60.80985 1822.96894 0.03336 0.00000000000105160325
96300 17.55397 60.77302 1823.19057 0.03333 0.00000000000120792265
96400 17.56162 60.73643 1822.28186 0.03333 0.00000000000144950718
96500 17.55581 60.70370 1819.79082 0.03336 0.00000000000144950718
96600 17.55681 60.67542 1818.00430 0.03337 0.00000000000159161573
96700 17.56579 60.64850 1817.38756 0.03337 0.00000000000160582658
96800 17.57147 60.62328 1816.25911 0.03338 0.00000000000144240175
96900 17.56101 60.60172 1815.80290 0.03337 0.00000000000142819090
97000 17.55615 60.57639 1815.79410 0.03336 0.00000000000146371804
97100 17.55885 60.51646 1814.74614 0.03335 0.00000000000109423581
97200 17.56630 60.45551 1813.10584 0.03334 0.00000000000098765440
97300 17.56539 60.39576 1810.94231 0.03335 0.00000000000070343731
97400 17.56910 60.33792 1807.72477 0.03338 0.00000000000072475359
97500 17.55789 60.28100 1807.87373 0.03334 0.00000000000090949470
97600 17.56780 60.22011 1806.23329 0.03334 0.00000000000085975671
97700 17.54981 60.16416 1803.63245 0.03336 0.00000000000097344355
97800 17.56109 60.11280 1801.17403 0.03337 0.00000000000085975671
97900 17.55705 60.06382 1799.89212 0.03337 0.00000000000111555210
98000 17.54902 60.01528 1799.17317 0.03336 0.00000000000124344979
98100 17.53967 59.95795 1798.18854 0.03334 0.00000000000150635060
98200 17.52953 59.89732 1797.65187 0.03332 0.00000000000162003744
98300 17.55286 59.83981 1795.55972 0.03333 0.00000000000132871492
98400 17.53502 59.78498 1794.09632 0.03332 0.00000000000107291953
98500 17.54159 59.73358 1792.18937 0.03333 0.00000000000135713663
98600 17.52976 59.68271 1790.84458 0.03333 0.00000000000162714286
98700 17.53714 59.63380 1788.47048 0.03334 0.00000000000111555210
98800 17.53801 59.58844 1787.29140 0.03334 0.00000000000133582034
98900 17.53396 59.54558 1785.64528 0.03335 0.00000000000137845291
99000 17.53585 59.50382 1783.49324 0.03336 0.00000000000140687462
99100 17.56147 59.46342 1782.46368 0.03336 0.00000000000139976919
99200 17.54377 59.42411 1780.92813 0.03337 0.00000000000103739239
99300 17.53627 59.38773 1781.09383 0.03334 0.00000000000121502808
99400 17.53636 59.35095 1780.70757 0.03333 0.00000000000122923893
99500 17.53371 59.31303 1779.74859 0.03333 0.00000000000114397380
99600 17.53519 59.27099 1779.73785 0.03330 0.00000000000135003120
99700 17.54741 59.22593 1777.49099 0.03332 0.00000000000120081722
99800 17.53618 59.18262 1777.43776 0.03330 0.00000000000126476607
99900 17.54881 59.13275 1776.65004 0.03328 0.00000000000103028697
100000 17.58719 59.08447 1774.84137 0.03329 0.00000000000127187150
