#Arquivo Dados/ColetaChamadaReal80.txt 
#Parâmetros(Ocupação: 80.00%, Capacidade: 441000.000 bps)
#Coleta|Ocupação|E(n)|E(w)|lambda|Little

100 3.92457 0.32302 16.15094 0.02000 0.00000000000000000000
200 2.79396 0.21882 14.58779 0.01500 0.00000000000000000000
300 5.32735 0.41928 15.72318 0.02667 -0.00000000000000033307
400 4.33432 0.33781 15.01377 0.02250 0.00000000000000022204
500 5.88156 0.47604 18.30924 0.02600 -0.00000000000000111022
600 6.40547 0.75822 28.43337 0.02667 -0.00000000000000166533
700 9.80836 0.84067 28.02224 0.03000 -0.00000000000000111022
800 8.58232 1.17701 42.80039 0.02750 -0.00000000000000111022
900 8.91551 1.71695 59.43273 0.02889 0.00000000000000022204
1000 13.07169 2.10092 75.03298 0.02800 -0.00000000000000044409
1100 11.88335 2.45223 84.29557 0.02909 0.00000000000000222045
1200 10.89307 3.13337 96.41138 0.03250 -0.00000000000000177636
1300 10.97350 4.04411 125.17485 0.03231 -0.00000000000000444089
1400 11.40619 4.78429 145.60892 0.03286 -0.00000000000000444089
1500 11.59133 5.43936 173.59675 0.03133 -0.00000000000000355271
1600 11.62397 5.69107 175.10982 0.03250 -0.00000000000000444089
1700 11.46295 5.56335 171.95819 0.03235 0.00000000000000266454
1800 11.27883 5.36302 169.35857 0.03167 0.00000000000000888178
1900 11.10234 5.14831 160.35728 0.03211 0.00000000000000976996
2000 12.02300 5.09244 154.31639 0.03300 0.00000000000000888178
2100 11.45047 5.17621 162.23930 0.03190 0.00000000000000355271
2200 12.69849 5.26160 165.36450 0.03182 0.00000000000000532907
2300 12.14638 5.48532 170.48979 0.03217 0.00000000000000976996
2400 12.42030 5.81706 176.72094 0.03292 0.00000000000001421085
2500 11.92349 6.21286 194.15199 0.03200 0.00000000000001421085
2600 12.57553 6.59004 206.43510 0.03192 0.00000000000001509903
2700 12.10977 7.08827 217.48088 0.03259 0.00000000000001154632
2800 12.58830 7.67982 226.35273 0.03393 0.00000000000000444089
2900 12.25954 8.38368 243.12659 0.03448 0.00000000000000710543
3000 12.35619 9.03683 268.42063 0.03367 0.00000000000001243450
3100 12.78538 9.64244 284.68152 0.03387 0.00000000000001065814
3200 12.45588 10.30151 294.32885 0.03500 0.00000000000000355271
3300 12.75240 10.84810 314.02407 0.03455 0.00000000000001421085
3400 12.85549 11.35725 332.88502 0.03412 0.00000000000001598721
3500 13.34165 11.85470 351.62259 0.03371 0.00000000000001776357
3600 12.97104 12.44375 361.27010 0.03444 0.00000000000001776357
3700 12.98242 13.15196 374.32497 0.03514 0.00000000000001776357
3800 12.93915 13.82320 404.06291 0.03421 0.00000000000001953993
3900 12.91560 14.44849 420.51579 0.03436 0.00000000000002309264
4000 12.87250 15.07853 433.91463 0.03475 0.00000000000000710543
4100 12.95062 15.54772 455.32612 0.03415 0.00000000000002486900
4200 12.99203 15.87223 472.78989 0.03357 0.00000000000002131628
4300 13.52902 16.18288 479.90601 0.03372 0.00000000000001065814
4400 13.22154 16.54085 495.10013 0.03341 0.00000000000001065814
4500 13.31178 16.90592 514.03124 0.03289 0.00000000000001776357
4600 13.18170 17.29850 523.50727 0.03304 0.00000000000000710543
4700 13.13970 17.70661 540.39667 0.03277 0.00000000000000355271
4800 13.17231 18.13387 550.90241 0.03292 0.00000000000000000000
4900 13.24394 18.58397 555.25264 0.03347 -0.00000000000000355271
5000 13.29988 19.06927 577.85663 0.03300 -0.00000000000000355271
5100 13.45848 19.50997 599.40282 0.03255 -0.00000000000000355271
5200 13.63957 19.94643 613.73631 0.03250 -0.00000000000001065814
5300 13.38222 20.43981 619.03434 0.03302 -0.00000000000001065814
5400 13.31668 20.94551 646.31863 0.03241 -0.00000000000001065814
5500 13.50947 21.39948 664.95556 0.03218 -0.00000000000001421085
5600 13.56193 21.89751 670.08759 0.03268 -0.00000000000001065814
5700 13.38345 22.43874 683.96163 0.03281 -0.00000000000000355271
5800 13.38220 22.95407 700.70327 0.03276 -0.00000000000002131628
5900 13.62304 23.47956 714.06899 0.03288 -0.00000000000006039613
6000 13.44215 24.01032 731.27876 0.03283 -0.00000000000005684342
6100 13.74968 24.55686 741.56851 0.03311 -0.00000000000007815970
6200 13.52791 25.12825 767.46381 0.03274 -0.00000000000008881784
6300 13.69171 25.66486 784.89621 0.03270 -0.00000000000008881784
6400 13.55374 26.20579 806.33192 0.03250 -0.00000000000008881784
6500 13.50086 26.73783 823.67709 0.03246 -0.00000000000009947598
6600 13.51959 27.28142 833.59900 0.03273 -0.00000000000009947598
6700 13.52600 27.77362 853.59286 0.03254 -0.00000000000006394885
6800 13.59587 28.11127 868.89385 0.03235 -0.00000000000004618528
6900 13.57420 28.43380 883.75319 0.03217 -0.00000000000005329071
7000 13.62348 28.70481 901.04797 0.03186 -0.00000000000003197442
7100 13.66866 28.94606 897.45418 0.03225 -0.00000000000005329071
7200 13.95397 29.23074 899.40740 0.03250 -0.00000000000006750156
7300 13.76282 29.57635 899.61384 0.03288 -0.00000000000008171241
7400 13.67961 30.00236 888.06997 0.03378 -0.00000000000006394885
7500 13.64719 30.48150 910.80194 0.03347 -0.00000000000006750156
7600 13.74654 30.94482 933.25653 0.03316 -0.00000000000007815970
7700 13.65469 31.41721 944.97073 0.03325 -0.00000000000006750156
7800 13.69187 31.85395 966.77371 0.03295 -0.00000000000006039613
7900 13.84265 32.26399 961.83225 0.03354 -0.00000000000004973799
8000 13.78679 32.70663 979.97394 0.03338 -0.00000000000004263256
8100 13.72748 33.17429 987.91078 0.03358 -0.00000000000004973799
8200 13.74753 33.64366 999.55815 0.03366 -0.00000000000004263256
8300 13.74031 34.10541 1021.93102 0.03337 -0.00000000000004263256
8400 13.74176 34.51103 1042.77932 0.03310 -0.00000000000004973799
8500 13.77845 34.84459 1057.78218 0.03294 -0.00000000000004973799
8600 13.98712 35.17787 1057.79621 0.03326 -0.00000000000004973799
8700 13.82635 35.54612 1066.38360 0.03333 -0.00000000000003552714
8800 13.76720 35.95824 1076.30119 0.03341 -0.00000000000002842171
8900 13.82874 36.36191 1085.97652 0.03348 -0.00000000000002131628
9000 13.81555 36.80200 1089.53280 0.03378 -0.00000000000004973799
9100 13.79237 37.27976 1101.44746 0.03385 -0.00000000000003552714
9200 13.88548 37.73891 1123.61796 0.03359 -0.00000000000003552714
9300 13.80525 38.18711 1141.92955 0.03344 -0.00000000000002842171
9400 13.81581 38.59620 1166.57334 0.03309 -0.00000000000002842171
9500 13.94025 38.97143 1179.07180 0.03305 -0.00000000000001421085
9600 13.84781 39.36159 1192.02298 0.03302 -0.00000000000002131628
9700 13.90122 39.73426 1208.22040 0.03289 -0.00000000000001421085
9800 13.96347 40.09905 1228.03339 0.03265 -0.00000000000004263256
9900 13.86192 40.47362 1229.10675 0.03293 -0.00000000000005684342
10000 13.85209 40.84118 1245.15795 0.03280 -0.00000000000007815970
10100 13.87537 41.02286 1240.51156 0.03307 -0.00000000000013500312
10200 13.86839 41.20632 1250.90624 0.03294 -0.00000000000012789769
10300 14.08556 41.36454 1260.51693 0.03282 -0.00000000000012079227
10400 13.95012 41.54730 1256.08125 0.03308 -0.00000000000010658141
10500 13.88695 41.74562 1266.84692 0.03295 -0.00000000000010658141
10600 13.89854 41.88848 1265.00833 0.03311 -0.00000000000007105427
10700 13.89451 42.05992 1257.09813 0.03346 -0.00000000000004973799
10800 13.93200 42.11143 1263.34296 0.03333 -0.00000000000004973799
10900 13.91174 42.14860 1265.61921 0.03330 -0.00000000000004263256
11000 13.92799 42.17177 1267.45755 0.03327 -0.00000000000002842171
11100 13.96936 42.19290 1272.66628 0.03315 -0.00000000000003552714
11200 13.93830 42.21793 1271.07742 0.03321 -0.00000000000003552714
11300 13.94992 42.24352 1269.55270 0.03327 -0.00000000000004973799
11400 13.97792 42.28986 1265.36585 0.03342 -0.00000000000003552714
11500 13.99850 42.34175 1271.35790 0.03330 -0.00000000000002842171
11600 13.95734 42.38275 1283.65500 0.03302 -0.00000000000006394885
11700 14.00441 42.38900 1284.84778 0.03299 -0.00000000000005684342
11800 13.96094 42.38850 1279.24374 0.03314 -0.00000000000006394885
11900 13.96085 42.36592 1286.10820 0.03294 -0.00000000000006394885
12000 13.96273 42.31057 1285.38436 0.03292 -0.00000000000008526513
12100 13.98408 42.26799 1288.26881 0.03281 -0.00000000000007105427
12200 14.00145 42.23474 1288.15957 0.03279 -0.00000000000004973799
12300 14.02532 42.22608 1279.26305 0.03301 -0.00000000000004263256
12400 13.99552 42.24018 1277.50785 0.03306 -0.00000000000006394885
12500 14.00546 42.26771 1282.39407 0.03296 -0.00000000000009237056
12600 13.99045 42.27333 1286.57953 0.03286 -0.00000000000009237056
12700 14.04902 42.24997 1277.55870 0.03307 -0.00000000000005684342
12800 14.12432 42.18720 1276.58681 0.03305 -0.00000000000006394885
12900 14.01483 42.14164 1273.13142 0.03310 -0.00000000000009947598
13000 14.01430 42.12703 1270.65297 0.03315 -0.00000000000007815970
13100 14.03768 42.12185 1262.69168 0.03336 -0.00000000000009237056
13200 14.04628 42.11527 1269.22718 0.03318 -0.00000000000009947598
13300 14.04861 42.10692 1272.77733 0.03308 -0.00000000000007105427
13400 14.04538 42.09054 1276.04796 0.03299 -0.00000000000009237056
13500 14.24389 42.07746 1267.95926 0.03319 -0.00000000000007815970
13600 14.13916 42.06954 1277.11104 0.03294 -0.00000000000008526513
13700 14.03595 42.07850 1269.76984 0.03314 -0.00000000000007815970
13800 14.17832 42.12122 1271.93191 0.03312 -0.00000000000005684342
13900 14.07632 42.17071 1282.65401 0.03288 -0.00000000000006394885
14000 14.04153 42.22644 1285.15255 0.03286 -0.00000000000011368684
14100 14.16180 42.21772 1280.15037 0.03298 -0.00000000000002131628
14200 14.06207 42.24504 1270.93136 0.03324 -0.00000000000001421085
14300 14.05107 42.28636 1281.13331 0.03301 -0.00000000000002131628
14400 14.05485 42.33119 1283.30335 0.03299 -0.00000000000002131628
14500 14.19726 42.37168 1282.64993 0.03303 -0.00000000000004263256
14600 14.10002 42.43582 1280.08871 0.03315 -0.00000000000002131628
14700 14.10640 42.53235 1283.83061 0.03313 0.00000000000002131628
14800 14.07174 42.63438 1287.73228 0.03311 0.00000000000001421085
14900 14.08057 42.71758 1296.31767 0.03295 -0.00000000000002842171
15000 14.07602 42.78197 1301.68265 0.03287 0.00000000000002842171
15100 14.09775 42.78781 1297.38134 0.03298 0.00000000000007815970
15200 14.14625 42.80721 1296.15449 0.03303 0.00000000000011368684
15300 14.08581 42.84582 1292.98046 0.03314 0.00000000000009947598
15400 14.08666 42.87833 1299.85482 0.03299 0.00000000000010658141
15500 14.14097 42.87878 1293.03718 0.03316 0.00000000000014210855
15600 14.09602 42.89659 1296.87356 0.03308 0.00000000000011368684
15700 14.15173 42.91227 1300.62273 0.03299 0.00000000000010658141
15800 14.12347 42.94488 1299.86406 0.03304 0.00000000000012789769
15900 14.11411 42.99269 1297.12302 0.03314 0.00000000000012789769
16000 14.13995 43.06654 1295.23421 0.03325 0.00000000000009947598
16100 14.12192 43.15756 1296.33727 0.03329 0.00000000000010658141
16200 14.34921 43.26000 1305.05043 0.03315 0.00000000000009237056
16300 14.26118 43.38110 1302.23184 0.03331 0.00000000000011368684
16400 14.17422 43.52793 1302.66072 0.03341 0.00000000000010658141
16500 14.18458 43.69801 1313.32808 0.03327 0.00000000000002842171
16600 14.14099 43.87693 1317.10139 0.03331 0.00000000000001421085
16700 14.14472 44.07246 1316.65488 0.03347 -0.00000000000006394885
16800 14.12083 44.27792 1325.96973 0.03339 -0.00000000000004973799
16900 14.14949 44.46717 1334.80503 0.03331 -0.00000000000002842171
17000 14.17107 44.66558 1336.82187 0.03341 0.00000000000003552714
17100 14.13245 44.86756 1350.76633 0.03322 0.00000000000004263256
17200 14.19044 45.05451 1361.92880 0.03308 0.00000000000001421085
17300 14.14242 45.24963 1368.56398 0.03306 0.00000000000001421085
17400 14.13920 45.43627 1379.73999 0.03293 0.00000000000002131628
17500 14.14172 45.62141 1388.47757 0.03286 0.00000000000006394885
17600 14.20946 45.81011 1392.50074 0.03290 0.00000000000000000000
17700 14.15701 46.02870 1395.04808 0.03299 -0.00000000000004973799
17800 14.14924 46.24769 1402.40000 0.03298 -0.00000000000008526513
17900 14.14676 46.46400 1409.67046 0.03296 -0.00000000000003552714
18000 14.15288 46.69070 1414.86967 0.03300 -0.00000000000003552714
18100 14.15311 46.92647 1417.97845 0.03309 -0.00000000000000710543
18200 14.15452 47.15575 1416.22869 0.03330 -0.00000000000006394885
18300 14.17849 47.41026 1424.64326 0.03328 -0.00000000000012789769
18400 14.18021 47.67652 1431.07342 0.03332 -0.00000000000008526513
18500 14.17065 47.94311 1439.84989 0.03330 -0.00000000000009947598
18600 14.18818 48.18359 1452.53612 0.03317 -0.00000000000009237056
18700 14.18268 48.40549 1464.69677 0.03305 -0.00000000000007815970
18800 14.20579 48.61761 1476.59307 0.03293 -0.00000000000010658141
18900 14.17404 48.81975 1485.81861 0.03286 -0.00000000000007815970
19000 14.21394 49.00588 1496.96431 0.03274 -0.00000000000010658141
19100 14.18343 49.18512 1505.50618 0.03267 -0.00000000000017053026
19200 14.16799 49.25260 1510.62285 0.03260 -0.00000000000012789769
19300 14.13097 49.02403 1511.44378 0.03244 -0.00000000000015631940
19400 14.13611 48.78073 1499.75626 0.03253 -0.00000000000017763568
19500 14.17403 48.55587 1488.74134 0.03262 -0.00000000000012789769
19600 14.13265 48.35250 1483.11261 0.03260 -0.00000000000014921397
19700 14.20605 48.15472 1473.05581 0.03269 -0.00000000000014921397
19800 14.13430 47.98023 1466.06248 0.03273 -0.00000000000013500312
19900 14.16823 47.81728 1463.94452 0.03266 -0.00000000000013500312
20000 14.19658 47.66712 1457.70996 0.03270 -0.00000000000009947598
20100 14.15401 47.52728 1449.61823 0.03279 -0.00000000000007105427
20200 14.16141 47.39568 1452.79613 0.03262 -0.00000000000004973799
20300 14.20556 47.26315 1451.50062 0.03256 -0.00000000000007815970
20400 14.30769 47.14058 1448.29488 0.03255 -0.00000000000012789769
20500 14.23790 47.02649 1447.51199 0.03249 -0.00000000000014921397
20600 14.16878 46.92742 1442.84309 0.03252 -0.00000000000012079227
20700 14.18365 46.80910 1444.03633 0.03242 -0.00000000000016342483
20800 14.17807 46.64681 1441.68456 0.03236 -0.00000000000014210855
20900 14.19144 46.45247 1436.17844 0.03234 -0.00000000000007105427
21000 14.14170 46.24509 1432.36993 0.03229 -0.00000000000005684342
21100 14.10338 46.02699 1430.29373 0.03218 -0.00000000000002842171
21200 14.05824 45.81280 1426.18415 0.03212 -0.00000000000002131628
21300 14.03627 45.60406 1422.20555 0.03207 0.00000000000002131628
21400 14.18621 45.39831 1416.21564 0.03206 0.00000000000001421085
21500 14.12022 45.21268 1408.80086 0.03209 0.00000000000000710543
21600 14.05485 45.06077 1388.46297 0.03245 0.00000000000000000000
21700 14.04401 44.94139 1379.38910 0.03258 0.00000000000000000000
21800 14.06441 44.83924 1372.88693 0.03266 -0.00000000000002131628
21900 14.02428 44.71419 1369.56743 0.03265 -0.00000000000004263256
22000 13.97721 44.51164 1365.76872 0.03259 -0.00000000000004973799
22100 13.99689 44.32009 1358.49389 0.03262 -0.00000000000010658141
22200 14.16885 44.13859 1353.42090 0.03261 -0.00000000000010658141
22300 14.10532 43.97929 1339.80610 0.03283 -0.00000000000010658141
22400 14.04235 43.84166 1339.77242 0.03272 -0.00000000000010658141
22500 13.97994 43.71854 1336.50433 0.03271 -0.00000000000014210855
22600 14.00359 43.59006 1333.06553 0.03270 -0.00000000000011368684
22700 14.01256 43.46006 1331.36746 0.03264 -0.00000000000014210855
22800 13.98870 43.32849 1333.18445 0.03250 -0.00000000000013500312
22900 14.06531 43.18685 1329.27258 0.03249 -0.00000000000010658141
23000 14.00416 43.03381 1326.77979 0.03243 -0.00000000000010658141
23100 14.00832 42.88769 1320.94087 0.03247 -0.00000000000001421085
23200 14.04596 42.76337 1307.12807 0.03272 -0.00000000000002131628
23300 14.02817 42.65984 1301.01334 0.03279 0.00000000000001421085
23400 14.03008 42.56108 1300.16891 0.03274 0.00000000000003552714
23500 14.01226 42.45126 1300.65793 0.03264 -0.00000000000001421085
23600 14.14572 42.32056 1293.73730 0.03271 0.00000000000006394885
23700 14.08604 42.20342 1285.63131 0.03283 -0.00000000000007815970
23800 14.02685 42.10198 1284.65013 0.03277 -0.00000000000004263256
23900 14.01230 41.98390 1286.42969 0.03264 -0.00000000000001421085
24000 13.99510 41.81325 1281.63215 0.03263 0.00000000000001421085
24100 14.01112 41.65406 1273.93751 0.03270 0.00000000000003552714
24200 13.99809 41.50490 1269.80844 0.03269 0.00000000000006394885
24300 14.00599 41.34647 1265.38929 0.03267 0.00000000000001421085
24400 14.02605 41.19950 1255.01611 0.03283 -0.00000000000011368684
24500 14.01972 41.07402 1246.98089 0.03294 0.00000000000000710543
24600 14.09594 40.95903 1245.47846 0.03289 0.00000000000000710543
24700 14.03887 40.85651 1238.22795 0.03300 0.00000000000002131628
24800 14.02146 40.76760 1237.49865 0.03294 0.00000000000008526513
24900 14.01023 40.68444 1232.41181 0.03301 0.00000000000016342483
25000 14.03466 40.55766 1230.51165 0.03296 0.00000000000014210855
25100 14.00202 40.41484 1231.08323 0.03283 0.00000000000017053026
25200 14.02867 40.26059 1226.80394 0.03282 0.00000000000029842795
25300 14.00365 40.11453 1221.29684 0.03285 0.00000000000021316282
25400 14.05943 39.96576 1214.27073 0.03291 0.00000000000036237680
25500 14.05683 39.83553 1206.42036 0.03302 0.00000000000036237680
25600 14.01238 39.72821 1199.34229 0.03313 0.00000000000039790393
25700 14.01000 39.61743 1200.66967 0.03300 0.00000000000042632564
25800 14.00977 39.49258 1197.30738 0.03298 0.00000000000044053650
25900 13.95628 39.34014 1195.90336 0.03290 0.00000000000042632564
26000 13.93120 39.19036 1191.75357 0.03288 0.00000000000051159077
26100 13.96456 39.04618 1187.76847 0.03287 0.00000000000051159077
26200 13.95736 38.91904 1181.55147 0.03294 0.00000000000050448534
26300 13.96709 38.79882 1181.02880 0.03285 0.00000000000050448534
26400 14.03347 38.68211 1176.50644 0.03288 0.00000000000046895821
26500 13.98052 38.57855 1172.39860 0.03291 0.00000000000043343107
26600 13.93870 38.49003 1171.43569 0.03286 0.00000000000044053650
26700 13.94468 38.39407 1167.56446 0.03288 0.00000000000031974423
26800 13.95922 38.29773 1165.01609 0.03287 0.00000000000029842795
26900 13.94223 38.21956 1159.08252 0.03297 0.00000000000027000624
27000 13.97103 38.13553 1154.32643 0.03304 0.00000000000011368684
27100 13.95877 38.05688 1152.33676 0.03303 0.00000000000014921397
27200 13.94947 37.97031 1153.95791 0.03290 0.00000000000015631940
27300 13.98117 37.87167 1153.90258 0.03282 0.00000000000012789769
27400 13.95490 37.77380 1150.00225 0.03285 0.00000000000005684342
27500 13.96038 37.69194 1142.80972 0.03298 0.00000000000014210855
27600 14.02336 37.61187 1140.75563 0.03297 0.00000000000009947598
27700 13.97273 37.54008 1140.19757 0.03292 0.00000000000012789769
27800 14.04040 37.47341 1136.05313 0.03299 0.00000000000021316282
27900 13.99008 37.41411 1135.85833 0.03294 0.00000000000019184654
28000 13.98518 37.36582 1132.29772 0.03300 0.00000000000016342483
28100 14.00019 37.33177 1125.56086 0.03317 0.00000000000012789769
28200 13.97880 37.31451 1125.42165 0.03316 0.00000000000017053026
28300 14.01648 37.30139 1127.80902 0.03307 0.00000000000016342483
28400 14.05650 37.29232 1129.10635 0.03303 0.00000000000013500312
28500 14.00718 37.28962 1129.38819 0.03302 0.00000000000014210855
28600 14.00355 37.29603 1128.74758 0.03304 0.00000000000015631940
28700 14.09502 37.31139 1129.57478 0.03303 0.00000000000014921397
28800 14.04608 37.33168 1130.54923 0.03302 0.00000000000016342483
28900 13.99747 37.36917 1129.67465 0.03308 0.00000000000018474111
29000 14.03136 37.41461 1130.23305 0.03310 0.00000000000009237056
29100 14.03588 37.46950 1133.43286 0.03306 0.00000000000014210855
29200 13.98781 37.52323 1136.59579 0.03301 0.00000000000012079227
29300 14.03406 37.58587 1137.67145 0.03304 0.00000000000002131628
29400 14.02552 37.65909 1134.40293 0.03320 0.00000000000009237056
29500 14.01083 37.74933 1136.33174 0.03322 0.00000000000019184654
29600 13.99731 37.84636 1140.78638 0.03318 0.00000000000020605739
29700 14.00745 37.94010 1146.30810 0.03310 0.00000000000019895197
29800 14.02657 38.03420 1147.18535 0.03315 0.00000000000026290081
29900 14.01767 38.13307 1154.02714 0.03304 0.00000000000027000624
30000 14.03578 38.23232 1155.05507 0.03310 0.00000000000035527137
30100 14.02435 38.34045 1158.68232 0.03309 0.00000000000036948222
30200 14.00872 38.44937 1164.66490 0.03301 0.00000000000046185278
30300 14.03972 38.53236 1167.53036 0.03300 0.00000000000062527761
30400 14.02295 38.61861 1167.00387 0.03309 0.00000000000061817218
30500 14.01101 38.71465 1172.58874 0.03302 0.00000000000056132876
30600 14.07536 38.80759 1174.59166 0.03304 0.00000000000052580162
30700 14.02951 38.90666 1177.94340 0.03303 0.00000000000051159077
30800 14.02833 39.01338 1180.36564 0.03305 0.00000000000050448534
30900 14.02036 39.12239 1180.54867 0.03314 0.00000000000055422333
31000 14.02982 39.24027 1182.16571 0.03319 0.00000000000050448534
31100 14.07416 39.36131 1187.32943 0.03315 0.00000000000049737992
31200 14.02905 39.49285 1189.35987 0.03321 0.00000000000046185278
31300 14.02292 39.63386 1191.68078 0.03326 0.00000000000040500936
31400 14.02835 39.77252 1197.37023 0.03322 0.00000000000051869620
31500 14.03664 39.90554 1201.74422 0.03321 0.00000000000050448534
31600 14.06089 40.03814 1206.10591 0.03320 0.00000000000047606363
31700 14.03705 40.18671 1207.50580 0.03328 0.00000000000052580162
31800 14.03495 40.33831 1213.58394 0.03324 0.00000000000051159077
31900 14.04582 40.48224 1219.43680 0.03320 0.00000000000056843419
32000 14.12862 40.62683 1224.16061 0.03319 0.00000000000046185278
32100 14.08460 40.78647 1227.03448 0.03324 0.00000000000051869620
32200 14.04086 40.95737 1229.10295 0.03332 0.00000000000048316906
32300 14.07292 41.13685 1236.01874 0.03328 0.00000000000049737992
32400 14.06764 41.31531 1244.06701 0.03321 0.00000000000057553962
32500 14.04112 41.49365 1252.12965 0.03314 0.00000000000046895821
32600 14.04728 41.66050 1256.36649 0.03316 0.00000000000039079850
32700 14.07154 41.83725 1256.27002 0.03330 0.00000000000058975047
32800 14.04439 42.02710 1260.04482 0.03335 0.00000000000062527761
32900 14.04717 42.05132 1263.45983 0.03328 0.00000000000071764816
33000 14.05636 42.00912 1260.27351 0.03333 0.00000000000067501560
33100 14.10728 41.97127 1256.10216 0.03341 0.00000000000061817218
33200 14.06479 41.93617 1257.70621 0.03334 0.00000000000061817218
33300 14.07311 41.90839 1254.99038 0.03339 0.00000000000044053650
33400 14.05400 41.88575 1253.56983 0.03341 0.00000000000066791017
33500 14.05713 41.85783 1251.99765 0.03343 0.00000000000056132876
33600 14.06745 41.81298 1252.15347 0.03339 0.00000000000044053650
33700 14.06533 41.75960 1252.04481 0.03335 0.00000000000058975047
33800 14.06275 41.68146 1251.18415 0.03331 0.00000000000054711791
33900 14.03778 41.57020 1250.42574 0.03324 0.00000000000056132876
34000 14.04040 41.45308 1246.15799 0.03326 0.00000000000057553962
34100 14.04610 41.33608 1244.09569 0.03323 0.00000000000057553962
34200 14.02081 41.21920 1242.02335 0.03319 0.00000000000054711791
34300 14.13640 41.10682 1238.98418 0.03318 0.00000000000070343731
34400 14.09531 41.00091 1238.30668 0.03311 0.00000000000066791017
34500 14.05445 40.90093 1234.54261 0.03313 0.00000000000058264504
34600 14.02212 40.80848 1232.08841 0.03312 0.00000000000057553962
34700 14.02172 40.70550 1230.38403 0.03308 0.00000000000046185278
34800 14.14261 40.60311 1226.55240 0.03310 0.00000000000039790393
34900 14.10208 40.51185 1224.12426 0.03309 0.00000000000034816594
35000 14.06179 40.43515 1220.02603 0.03314 0.00000000000027000624
35100 14.02652 40.36749 1218.31366 0.03313 0.00000000000021316282
35200 14.09413 40.26988 1213.61271 0.03318 0.00000000000009237056
35300 14.05420 40.16800 1209.83818 0.03320 0.00000000000013500312
35400 14.03748 40.07898 1206.45912 0.03322 0.00000000000016342483
35500 14.03144 39.99804 1202.31181 0.03327 0.00000000000025579538
35600 14.07142 39.93338 1194.64554 0.03343 0.00000000000027000624
35700 14.03200 39.88652 1193.58655 0.03342 0.00000000000022026825
35800 14.07315 39.85036 1189.86060 0.03349 0.00000000000020605739
35900 14.03395 39.82231 1190.35886 0.03345 0.00000000000012789769
36000 14.03824 39.79831 1188.99503 0.03347 0.00000000000007815970
36100 14.05139 39.77673 1186.72736 0.03352 0.00000000000012079227
36200 14.05688 39.76477 1183.78679 0.03359 0.00000000000031974423
36300 14.16252 39.75551 1185.80529 0.03353 0.00000000000028421709
36400 14.12361 39.74245 1188.68122 0.03343 0.00000000000029842795
36500 14.08491 39.73640 1186.88921 0.03348 0.00000000000032684966
36600 14.04643 39.73917 1188.27923 0.03344 0.00000000000034106051
36700 14.04353 39.74334 1187.76926 0.03346 0.00000000000046185278
36800 14.04406 39.71864 1188.32992 0.03342 0.00000000000063238303
36900 14.08960 39.61339 1185.51032 0.03341 0.00000000000067501560
37000 14.05152 39.51159 1184.70726 0.03335 0.00000000000076028073
37100 14.17996 39.40938 1184.83630 0.03326 0.00000000000080291329
37200 14.14184 39.31340 1178.45178 0.03336 0.00000000000090949470
37300 14.10393 39.23348 1176.37371 0.03335 0.00000000000085265128
37400 14.06621 39.15862 1175.38726 0.03332 0.00000000000076738615
37500 14.05657 39.09424 1172.82720 0.03333 0.00000000000075317530
37600 14.03782 39.03450 1172.28199 0.03330 0.00000000000075317530
37700 14.06326 38.97255 1168.86644 0.03334 0.00000000000090238927
37800 14.03867 38.92151 1166.71935 0.03336 0.00000000000083133500
37900 14.04218 38.86335 1165.28561 0.03335 0.00000000000086686214
38000 14.04428 38.79584 1166.33073 0.03326 0.00000000000083844043
38100 14.05934 38.72480 1163.57642 0.03328 0.00000000000095212727
38200 14.08707 38.66140 1161.97132 0.03327 0.00000000000091660013
38300 14.05029 38.60416 1162.37365 0.03321 0.00000000000091660013
38400 14.08386 38.55021 1159.22335 0.03326 0.00000000000095212727
38500 14.04728 38.50860 1157.36244 0.03327 0.00000000000104449782
38600 14.04913 38.47326 1155.69490 0.03329 0.00000000000093081098
38700 14.07013 38.44486 1151.56053 0.03339 0.00000000000083844043
38800 14.08383 38.42476 1151.25914 0.03338 0.00000000000085265128
38900 14.09363 38.41022 1150.23688 0.03339 0.00000000000075317530
39000 14.05750 38.39912 1151.08814 0.03336 0.00000000000076738615
39100 14.06779 38.39568 1149.51857 0.03340 0.00000000000068922645
39200 14.05580 38.39651 1150.72098 0.03337 0.00000000000059685590
39300 14.07856 38.38535 1151.56035 0.03333 0.00000000000060396133
39400 14.06243 38.36239 1150.28775 0.03335 0.00000000000064659389
39500 14.06339 38.33850 1151.61271 0.03329 0.00000000000068212103
39600 14.12475 38.31112 1151.95176 0.03326 0.00000000000074606987
39700 14.08918 38.28359 1151.40789 0.03325 0.00000000000067501560
39800 14.06365 38.25817 1153.54171 0.03317 0.00000000000063948846
39900 14.09685 38.21606 1149.94036 0.03323 0.00000000000069633188
40000 14.06753 38.18357 1149.24216 0.03322 0.00000000000082422957
40100 14.08245 38.15535 1146.08948 0.03329 0.00000000000076028073
40200 14.10216 38.13372 1148.29640 0.03321 0.00000000000083133500
40300 14.09474 38.11416 1147.12516 0.03323 0.00000000000088107299
40400 14.08810 38.10089 1146.14744 0.03324 0.00000000000081712415
40500 14.07099 38.09464 1147.08762 0.03321 0.00000000000076028073
40600 14.08192 38.07950 1147.75615 0.03318 0.00000000000090238927
40700 14.10915 38.06423 1147.56602 0.03317 0.00000000000085265128
40800 14.07457 38.04691 1149.86231 0.03309 0.00000000000084554586
40900 14.08064 38.03107 1149.64593 0.03308 0.00000000000089528385
41000 14.07741 38.01661 1149.46991 0.03307 0.00000000000085265128
41100 14.07699 38.00758 1143.56635 0.03324 0.00000000000066080474
41200 14.08962 38.00238 1142.84536 0.03325 0.00000000000052580162
41300 14.08067 38.00198 1143.93706 0.03322 0.00000000000056132876
41400 14.07996 37.99772 1141.58602 0.03329 0.00000000000053290705
41500 14.06579 37.90855 1138.35365 0.03330 0.00000000000052580162
41600 14.06126 37.81850 1135.92037 0.03329 0.00000000000055422333
41700 14.07245 37.73229 1133.59984 0.03329 0.00000000000046895821
41800 14.05173 37.65127 1130.61998 0.03330 0.00000000000051869620
41900 14.06090 37.56805 1125.16170 0.03339 0.00000000000046895821
42000 14.07121 37.49955 1120.18578 0.03348 0.00000000000051869620
42100 14.05612 37.43889 1117.85611 0.03349 0.00000000000049737992
42200 14.05547 37.36117 1113.44731 0.03355 0.00000000000064659389
42300 14.06099 37.28407 1111.42777 0.03355 0.00000000000061106675
42400 14.06176 37.21472 1108.85751 0.03356 0.00000000000052580162
42500 14.05808 37.14525 1108.61878 0.03351 0.00000000000056843419
42600 14.07634 37.06110 1106.37896 0.03350 0.00000000000060396133
42700 14.05326 36.98627 1102.87270 0.03354 0.00000000000071764816
42800 14.06346 36.91902 1097.31540 0.03364 0.00000000000061106675
42900 14.05139 36.86395 1092.92568 0.03373 0.00000000000079580786
43000 14.04333 36.78298 1092.31210 0.03367 0.00000000000063238303
43100 14.04122 36.70164 1089.42206 0.03369 0.00000000000055422333
43200 14.05901 36.62113 1089.55431 0.03361 0.00000000000055422333
43300 14.04629 36.54579 1085.34484 0.03367 0.00000000000051869620
43400 14.04039 36.46833 1083.31643 0.03366 0.00000000000027711167
43500 14.06114 36.38718 1080.43858 0.03368 0.00000000000023447910
43600 14.07488 36.30614 1079.03715 0.03365 0.00000000000028421709
43700 14.04267 36.22899 1077.74453 0.03362 0.00000000000027711167
43800 14.08929 36.15386 1077.23751 0.03356 0.00000000000031263880
43900 14.05720 36.08279 1075.37983 0.03355 0.00000000000034106051
44000 14.05260 36.01884 1073.00539 0.03357 0.00000000000036948222
44100 14.04383 35.95219 1072.00228 0.03354 0.00000000000029842795
44200 14.06358 35.88806 1069.62390 0.03355 0.00000000000027000624
44300 14.04541 35.83406 1066.11736 0.03361 0.00000000000023447910
44400 14.05060 35.77922 1066.17267 0.03356 0.00000000000031974423
44500 14.04812 35.72460 1065.51242 0.03353 0.00000000000032684966
44600 14.05419 35.66698 1065.47030 0.03348 0.00000000000029132252
44700 14.06275 35.60766 1064.65716 0.03345 0.00000000000027711167
44800 14.05956 35.54760 1064.52692 0.03339 0.00000000000031974423
44900 14.05750 35.48258 1062.11201 0.03341 0.00000000000039790393
45000 14.05801 35.40475 1060.72826 0.03338 0.00000000000039079850
45100 14.03409 35.33085 1058.75181 0.03337 0.00000000000037658765
45200 14.03903 35.25569 1056.03516 0.03338 0.00000000000036237680
45300 14.04326 35.18616 1054.88610 0.03336 0.00000000000043343107
45400 14.03921 35.11797 1053.07518 0.03335 0.00000000000049027449
45500 14.05371 35.05157 1049.93169 0.03338 0.00000000000027000624
45600 14.05362 34.98631 1049.58937 0.03333 0.00000000000029842795
45700 14.03778 34.92361 1048.62604 0.03330 0.00000000000034106051
45800 14.03352 34.86076 1047.65286 0.03328 0.00000000000039790393
45900 14.04068 34.79821 1045.99726 0.03327 0.00000000000053290705
46000 14.07190 34.74381 1042.54093 0.03333 0.00000000000066080474
46100 14.04138 34.69447 1043.32371 0.03325 0.00000000000066791017
46200 14.04985 34.64553 1041.39461 0.03327 0.00000000000093081098
46300 14.03862 34.59894 1039.53998 0.03328 0.00000000000115107923
46400 14.06183 34.55127 1039.00111 0.03325 0.00000000000117950094
46500 14.06590 34.50857 1035.92540 0.03331 0.00000000000152766688
46600 14.06490 34.47831 1032.57661 0.03339 0.00000000000133582034
46700 14.07577 34.45724 1030.18777 0.03345 0.00000000000126476607
46800 14.04570 34.44813 1028.82734 0.03348 0.00000000000131450406
46900 14.05318 34.44946 1025.82836 0.03358 0.00000000000153477231
47000 14.06666 34.45838 1027.62942 0.03353 0.00000000000152766688
47100 14.06439 34.47019 1028.21156 0.03352 0.00000000000153477231
47200 14.07219 34.48383 1029.49836 0.03350 0.00000000000154898316
47300 14.07064 34.49779 1031.44459 0.03345 0.00000000000149924517
47400 14.05526 34.51387 1032.14974 0.03344 0.00000000000170530257
47500 14.05863 34.53241 1032.92802 0.03343 0.00000000000155608859
47600 14.07132 34.55269 1033.75728 0.03342 0.00000000000149924517
47700 14.10884 34.57514 1035.30094 0.03340 0.00000000000149924517
47800 14.07933 34.59995 1036.91399 0.03337 0.00000000000153477231
47900 14.07239 34.62951 1038.01836 0.03336 0.00000000000147082346
48000 14.06199 34.66320 1037.30289 0.03342 0.00000000000139976919
48100 14.05631 34.70131 1039.31071 0.03339 0.00000000000128608235
48200 14.05770 34.73129 1040.42771 0.03338 0.00000000000123634436
48300 14.06032 34.76091 1042.82725 0.03333 0.00000000000135713663
48400 14.06292 34.78993 1045.20945 0.03329 0.00000000000128608235
48500 14.05891 34.79380 1047.48562 0.03322 0.00000000000042632564
48600 14.06891 34.74103 1045.45751 0.03323 0.00000000000026290081
48700 14.10269 34.68344 1044.57850 0.03320 0.00000000000031263880
48800 14.07379 34.62785 1041.82447 0.03324 0.00000000000041211479
48900 14.08454 34.58575 1038.84712 0.03329 0.00000000000018474111
49000 14.06777 34.54888 1037.94914 0.03329 0.00000000000027711167
49100 14.06982 34.50828 1036.30382 0.03330 0.00000000000041922021
49200 14.09234 34.46701 1035.27274 0.03329 0.00000000000038369308
49300 14.08367 34.43207 1033.17153 0.03333 0.00000000000031263880
49400 14.09186 34.40295 1031.87970 0.03334 0.00000000000041922021
49500 14.06848 34.37990 1032.02236 0.03331 0.00000000000040500936
49600 14.08139 34.35737 1028.44035 0.03341 0.00000000000032684966
49700 14.08573 34.34204 1028.19245 0.03340 0.00000000000035527137
49800 14.07300 34.32795 1027.98078 0.03339 0.00000000000016342483
49900 14.07170 34.31563 1027.82101 0.03339 0.00000000000041922021
50000 14.07672 34.29857 1028.13452 0.03336 0.00000000000055422333
50100 14.07344 34.27879 1027.13359 0.03337 0.00000000000081712415
50200 14.10420 34.22262 1025.65716 0.03337 0.00000000000084554586
50300 14.07616 34.16169 1022.81736 0.03340 0.00000000000100897068
50400 14.06559 34.10060 1019.98220 0.03343 0.00000000000092370556
50500 14.07785 34.04437 1016.70044 0.03349 0.00000000000104449782
50600 14.08181 33.99765 1015.51426 0.03348 0.00000000000093081098
50700 14.06809 33.95185 1013.75659 0.03349 0.00000000000102318154
50800 14.09772 33.90106 1013.04331 0.03346 0.00000000000093791641
50900 14.07002 33.85744 1010.75863 0.03350 0.00000000000078159701
51000 14.07113 33.81868 1008.03792 0.03355 0.00000000000080291329
51100 14.09117 33.78937 1006.19860 0.03358 0.00000000000075317530
51200 14.07817 33.76594 1005.12557 0.03359 0.00000000000073896445
51300 14.07670 33.74662 1004.76012 0.03359 0.00000000000068922645
51400 14.10807 33.72703 1004.38563 0.03358 0.00000000000070343731
51500 14.08067 33.71399 1003.62446 0.03359 0.00000000000076028073
51600 14.08293 33.70518 1002.99138 0.03360 0.00000000000084554586
51700 14.08332 33.70158 1003.09251 0.03360 0.00000000000076028073
51800 14.07775 33.69934 1003.23330 0.03359 0.00000000000077449158
51900 14.07845 33.69574 1002.75750 0.03360 0.00000000000054001248
52000 14.06559 33.63483 1000.00630 0.03363 0.00000000000031263880
52100 14.11144 33.57983 997.43957 0.03367 0.00000000000033395509
52200 14.08441 33.52500 997.15394 0.03362 0.00000000000031263880
52300 14.07524 33.47495 993.60952 0.03369 0.00000000000017053026
52400 14.07269 33.43315 993.13901 0.03366 0.00000000000022026825
52500 14.07383 33.38951 992.61004 0.03364 0.00000000000008526513
52600 14.11297 33.34799 992.14034 0.03361 -0.00000000000000710543
52700 14.08619 33.30748 992.81907 0.03355 -0.00000000000000710543
52800 14.11768 33.27158 990.82869 0.03358 0.00000000000014210855
52900 14.09099 33.23704 991.67472 0.03352 0.00000000000013500312
53000 14.07658 33.20347 991.98646 0.03347 0.00000000000008526513
53100 14.10706 33.16650 990.51804 0.03348 0.00000000000004973799
53200 14.08054 33.13324 988.05407 0.03353 0.00000000000014921397
53300 14.09359 33.10274 986.23603 0.03356 0.00000000000017763568
53400 14.11036 33.07719 986.22103 0.03354 0.00000000000016342483
53500 14.08399 33.05388 986.82060 0.03350 0.00000000000012079227
53600 14.08130 33.03196 985.80893 0.03351 0.00000000000004263256
53700 14.09216 33.01024 985.35296 0.03350 0.00000000000008526513
53800 14.08213 32.99067 986.05443 0.03346 0.00000000000017763568
53900 14.10293 32.97081 985.64973 0.03345 -0.00000000000013500312
54000 14.10378 32.95718 984.34053 0.03348 -0.00000000000002131628
54100 14.08688 32.94787 984.79546 0.03346 -0.00000000000002842171
54200 14.08539 32.93744 985.21488 0.03343 0.00000000000001421085
54300 14.08664 32.92367 985.53220 0.03341 0.00000000000002842171
54400 14.11787 32.91084 982.08966 0.03351 0.00000000000006394885
54500 14.09197 32.90963 981.70496 0.03352 -0.00000000000004973799
54600 14.08698 32.91184 980.35281 0.03357 0.00000000000001421085
54700 14.10533 32.91882 981.28571 0.03355 0.00000000000011368684
54800 14.11642 32.92772 982.27502 0.03352 0.00000000000022737368
54900 14.09071 32.94046 983.37759 0.03350 0.00000000000011368684
55000 14.16765 32.95520 984.00436 0.03349 0.00000000000012789769
55100 14.14194 32.97429 984.22712 0.03350 0.00000000000019184654
55200 14.11632 32.99638 986.13992 0.03346 0.00000000000017053026
55300 14.10325 33.02169 987.61473 0.03344 0.00000000000007105427
55400 14.12977 33.05207 987.64000 0.03347 0.00000000000012789769
55500 14.10431 33.08784 988.89351 0.03346 0.00000000000002842171
55600 14.09837 33.12612 990.22174 0.03345 -0.00000000000009237056
55700 14.09487 33.16571 991.05703 0.03346 -0.00000000000015631940
55800 14.11613 33.19539 991.59683 0.03348 -0.00000000000001421085
55900 14.10263 33.23246 990.77029 0.03354 -0.00000000000005684342
56000 14.12979 33.27246 992.67870 0.03352 -0.00000000000009947598
56100 14.10460 33.31654 994.17976 0.03351 0.00000000000000000000
56200 14.10357 33.36324 996.28793 0.03349 -0.00000000000005684342
56300 14.09937 33.41184 997.39466 0.03350 0.00000000000011368684
56400 14.10401 33.45977 997.42640 0.03355 0.00000000000037658765
56500 14.10205 33.51138 998.62485 0.03356 0.00000000000042632564
56600 14.10219 33.55940 1001.82611 0.03350 0.00000000000058264504
56700 14.10432 33.60453 1001.77537 0.03354 0.00000000000061817218
56800 14.12271 33.65307 1002.35673 0.03357 0.00000000000061817218
56900 14.10512 33.71048 1002.67970 0.03362 0.00000000000058264504
57000 14.13205 33.77336 1003.69212 0.03365 0.00000000000051159077
57100 14.10730 33.84349 1005.44400 0.03366 0.00000000000047606363
57200 14.14339 33.92096 1005.84716 0.03372 0.00000000000066080474
57300 14.11871 34.00780 1008.09455 0.03373 0.00000000000069633188
57400 14.11082 34.09480 1012.43743 0.03368 0.00000000000063948846
57500 14.13741 34.17522 1013.97073 0.03370 0.00000000000073185902
57600 14.11287 34.26127 1016.71761 0.03370 0.00000000000065369932
57700 14.11512 34.34861 1018.97939 0.03371 0.00000000000068922645
57800 14.13609 34.43493 1023.31038 0.03365 0.00000000000066080474
57900 14.11167 34.52429 1026.15818 0.03364 0.00000000000081712415
58000 14.13448 34.61569 1028.01330 0.03367 0.00000000000071054274
58100 14.11788 34.70998 1031.53438 0.03365 0.00000000000067501560
58200 14.13089 34.80486 1035.07558 0.03363 0.00000000000044053650
58300 14.11341 34.89986 1039.15322 0.03358 0.00000000000045474735
58400 14.11519 34.99208 1042.08946 0.03358 0.00000000000027711167
58500 14.11533 35.08400 1044.48556 0.03359 0.00000000000014210855
58600 14.11810 35.16242 1047.01117 0.03358 0.00000000000014210855
58700 14.12879 35.23599 1049.39240 0.03358 0.00000000000011368684
58800 14.16417 35.29858 1051.44711 0.03357 0.00000000000024868996
58900 14.14012 35.36672 1053.66715 0.03357 0.00000000000044053650
59000 14.12705 35.43919 1055.48328 0.03358 0.00000000000037658765
59100 14.13005 35.51394 1057.90001 0.03357 0.00000000000042632564
59200 14.12117 35.59181 1060.41019 0.03356 0.00000000000046185278
59300 14.12291 35.65844 1063.65479 0.03352 0.00000000000063238303
59400 14.15600 35.71889 1066.18206 0.03350 0.00000000000060396133
59500 14.13221 35.78200 1068.25334 0.03350 0.00000000000066791017
59600 14.13090 35.85076 1068.88713 0.03354 0.00000000000057553962
59700 14.12433 35.91983 1072.74321 0.03348 0.00000000000062527761
59800 14.12808 35.98789 1074.96284 0.03348 0.00000000000072475359
59900 14.13833 36.05885 1077.80680 0.03346 0.00000000000071054274
60000 14.16814 36.13428 1078.09894 0.03352 0.00000000000061106675
60100 14.14457 36.21727 1080.76369 0.03351 0.00000000000055422333
60200 14.13155 36.30520 1084.11373 0.03349 0.00000000000050448534
60300 14.13467 36.39154 1087.95740 0.03345 0.00000000000051159077
60400 14.13355 36.47445 1090.62215 0.03344 0.00000000000034816594
60500 14.15723 36.52294 1092.79807 0.03342 0.00000000000044764192
60600 14.13387 36.57180 1094.98568 0.03340 0.00000000000044764192
60700 14.13265 36.61273 1096.93625 0.03338 0.00000000000036948222
60800 14.13598 36.64108 1096.88712 0.03340 0.00000000000034106051
60900 14.15247 36.67360 1097.50490 0.03342 0.00000000000040500936
61000 14.13108 36.71242 1096.69828 0.03348 0.00000000000034816594
61100 14.15838 36.69912 1094.88083 0.03352 0.00000000000016342483
61200 14.13525 36.68442 1095.16410 0.03350 0.00000000000020605739
61300 14.13778 36.67293 1093.94191 0.03352 0.00000000000004263256
61400 14.13368 36.66459 1094.41232 0.03350 0.00000000000000710543
61500 14.14218 36.65086 1093.12710 0.03353 0.00000000000008526513
61600 14.14560 36.63778 1092.39451 0.03354 0.00000000000015631940
61700 14.14137 36.62919 1091.27042 0.03357 0.00000000000007815970
61800 14.14603 36.61999 1091.18384 0.03356 0.00000000000017053026
61900 14.17519 36.60844 1091.02662 0.03355 0.00000000000019184654
62000 14.15233 36.60249 1089.98761 0.03358 0.00000000000022737368
62100 14.13948 36.60271 1090.18153 0.03357 0.00000000000021316282
62200 14.13955 36.60095 1090.83798 0.03355 0.00000000000021316282
62300 14.15096 36.59526 1090.85396 0.03355 0.00000000000050448534
62400 14.18838 36.59280 1090.96539 0.03354 0.00000000000048316906
62500 14.16567 36.59414 1090.66953 0.03355 0.00000000000041922021
62600 14.14305 36.60123 1091.06516 0.03355 0.00000000000043343107
62700 14.17883 36.60850 1091.46607 0.03354 0.00000000000046895821
62800 14.15626 36.62262 1090.00018 0.03360 0.00000000000041922021
62900 14.19710 36.64309 1090.79520 0.03359 0.00000000000033395509
63000 14.17456 36.66965 1090.22554 0.03363 0.00000000000018474111
63100 14.15210 36.70263 1091.39314 0.03363 0.00000000000018474111
63200 14.14804 36.73972 1091.65499 0.03366 0.00000000000012079227
63300 14.15644 36.77189 1091.26147 0.03370 0.00000000000046895821
63400 14.14564 36.79708 1092.70945 0.03368 0.00000000000060396133
63500 14.14805 36.81991 1092.04305 0.03372 0.00000000000051159077
63600 14.16154 36.84471 1092.96804 0.03371 0.00000000000044053650
63700 14.15377 36.87401 1094.02624 0.03370 0.00000000000047606363
63800 14.15238 36.90586 1094.14217 0.03373 0.00000000000045474735
63900 14.15937 36.93972 1095.33569 0.03372 0.00000000000049737992
64000 14.15275 36.97542 1097.60050 0.03369 0.00000000000046895821
64100 14.19660 37.01467 1098.44463 0.03370 0.00000000000035527137
64200 14.17448 37.05834 1099.42040 0.03371 -0.00000000000009237056
64300 14.15244 37.10369 1101.97115 0.03367 -0.00000000000005684342
64400 14.15800 37.15322 1103.12012 0.03368 0.00000000000008526513
64500 14.15486 37.20961 1101.93759 0.03377 0.00000000000063238303
64600 14.15502 37.27004 1101.89678 0.03382 0.00000000000045474735
64700 14.17684 37.33091 1103.88941 0.03382 0.00000000000050448534
64800 14.15496 37.39538 1106.49337 0.03380 0.00000000000044053650
64900 14.16555 37.44576 1107.67077 0.03381 0.00000000000039790393
65000 14.15726 37.48766 1109.10237 0.03380 0.00000000000010658141
65100 14.15654 37.53041 1109.55019 0.03382 0.00000000000076028073
65200 14.15560 37.56205 1110.67821 0.03382 0.00000000000095923269
65300 14.16820 37.53591 1111.10380 0.03378 0.00000000000051159077
65400 14.16304 37.49005 1111.44585 0.03373 0.00000000000048316906
65500 14.15957 37.44276 1110.23111 0.03373 0.00000000000034106051
65600 14.14958 37.38794 1110.29822 0.03367 0.00000000000060396133
65700 14.15481 37.33542 1107.42073 0.03371 0.00000000000061817218
65800 14.16729 37.28817 1105.70604 0.03372 0.00000000000081712415
65900 14.16708 37.24640 1102.66757 0.03378 0.00000000000088107299
66000 14.16450 37.21048 1101.29665 0.03379 0.00000000000081001872
66100 14.16130 37.17819 1101.02064 0.03377 0.00000000000077449158
66200 14.15801 37.15062 1099.40594 0.03379 0.00000000000081712415
66300 14.17392 37.12540 1098.84552 0.03379 0.00000000000088107299
66400 14.17506 37.10109 1099.78225 0.03373 0.00000000000080291329
66500 14.15374 37.08021 1098.36715 0.03376 0.00000000000085265128
66600 14.16541 37.06326 1097.07257 0.03378 0.00000000000076028073
66700 14.15488 37.04872 1097.31322 0.03376 0.00000000000093081098
66800 14.15410 37.02666 1097.32962 0.03374 0.00000000000120792265
66900 14.15137 36.97310 1095.43869 0.03375 0.00000000000115107923
67000 14.14610 36.92164 1094.09548 0.03375 0.00000000000094502184
67100 14.14621 36.86970 1091.77266 0.03377 0.00000000000090238927
67200 14.15812 36.81770 1089.45382 0.03379 0.00000000000093081098
67300 14.14782 36.76704 1089.09418 0.03376 0.00000000000089528385
67400 14.15040 36.71572 1087.75368 0.03375 0.00000000000100897068
67500 14.13167 36.66352 1087.34087 0.03372 0.00000000000073896445
67600 14.12424 36.61035 1085.94110 0.03371 0.00000000000092370556
67700 14.12152 36.55781 1085.03459 0.03369 0.00000000000058975047
67800 14.10455 36.50459 1084.10470 0.03367 0.00000000000066080474
67900 14.10930 36.45302 1081.32818 0.03371 0.00000000000075317530
68000 14.09960 36.40640 1080.59139 0.03369 0.00000000000105160325
68100 14.09872 36.35381 1079.20419 0.03369 0.00000000000108002496
68200 14.09738 36.30280 1077.39391 0.03370 0.00000000000106581410
68300 14.11065 36.25491 1077.08164 0.03366 0.00000000000105160325
68400 14.09002 36.20865 1076.34586 0.03364 0.00000000000095923269
68500 14.14333 36.16442 1076.13501 0.03361 0.00000000000091660013
68600 14.12271 36.12551 1074.21333 0.03363 0.00000000000105870868
68700 14.10215 36.08985 1073.32147 0.03362 0.00000000000113686838
68800 14.12447 36.05740 1073.45266 0.03359 0.00000000000103739239
68900 14.10397 36.03187 1069.62339 0.03369 0.00000000000091660013
69000 14.09331 36.01453 1069.73851 0.03367 0.00000000000085975671
69100 14.10857 35.99313 1069.27147 0.03366 0.00000000000073896445
69200 14.09224 35.96771 1069.60271 0.03363 0.00000000000067501560
69300 14.14162 35.93365 1068.29759 0.03364 0.00000000000053290705
69400 14.12124 35.90110 1068.41190 0.03360 0.00000000000044053650
69500 14.10092 35.87368 1067.30351 0.03361 0.00000000000054001248
69600 14.09782 35.84843 1066.71683 0.03361 0.00000000000077449158
69700 14.09849 35.82195 1066.54852 0.03359 0.00000000000060396133
69800 14.10016 35.79642 1065.49673 0.03360 0.00000000000076738615
69900 14.10819 35.77600 1065.05220 0.03359 0.00000000000070343731
70000 14.11406 35.75608 1064.16905 0.03360 0.00000000000084554586
70100 14.09737 35.73741 1064.68010 0.03357 0.00000000000082422957
70200 14.12149 35.69083 1063.45351 0.03356 0.00000000000065369932
70300 14.10140 35.64291 1063.53840 0.03351 0.00000000000066080474
70400 14.10125 35.59773 1062.34863 0.03351 0.00000000000046895821
70500 14.09326 35.55305 1060.72373 0.03352 0.00000000000038369308
70600 14.09883 35.50869 1059.55759 0.03351 0.00000000000012789769
70700 14.09831 35.46138 1059.19723 0.03348 0.00000000000020605739
70800 14.13091 35.41355 1058.37033 0.03346 0.00000000000022737368
70900 14.11098 35.36770 1057.15441 0.03346 0.00000000000051869620
71000 14.09111 35.32551 1056.93696 0.03342 0.00000000000042632564
71100 14.09903 35.28376 1055.83965 0.03342 0.00000000000032684966
71200 14.10424 35.24801 1052.26770 0.03350 0.00000000000027000624
71300 14.11208 35.21922 1052.00272 0.03348 0.00000000000016342483
71400 14.09232 35.19283 1051.36750 0.03347 0.00000000000031263880
71500 14.10459 35.16676 1050.74112 0.03347 0.00000000000042632564
71600 14.16812 35.14050 1050.54689 0.03345 0.00000000000049737992
71700 14.14836 35.11798 1050.02453 0.03344 0.00000000000062527761
71800 14.12866 35.10147 1048.37171 0.03348 0.00000000000055422333
71900 14.10901 35.09039 1048.19251 0.03348 0.00000000000078159701
72000 14.09568 35.08597 1046.90827 0.03351 0.00000000000051159077
72100 14.10312 35.07225 1044.48970 0.03358 0.00000000000018474111
72200 14.10341 35.06035 1044.28935 0.03357 0.00000000000020605739
72300 14.09879 35.04835 1044.94683 0.03354 0.00000000000039079850
72400 14.12223 35.03507 1044.70309 0.03354 0.00000000000046895821
72500 14.10275 35.02582 1044.14955 0.03354 0.00000000000043343107
72600 14.10663 35.01789 1044.92349 0.03351 0.00000000000036237680
72700 14.12921 34.99200 1042.16247 0.03358 0.00000000000021316282
72800 14.10980 34.95322 1040.30842 0.03360 0.00000000000008526513
72900 14.10454 34.91852 1039.85289 0.03358 -0.00000000000003552714
73000 14.10193 34.88388 1038.54948 0.03359 -0.00000000000029132252
73100 14.09219 34.83883 1038.62906 0.03354 -0.00000000000012079227
73200 14.09943 34.79538 1036.63900 0.03357 -0.00000000000029132252
73300 14.09612 34.75626 1034.36220 0.03360 -0.00000000000006394885
73400 14.09331 34.72003 1034.27375 0.03357 0.00000000000004973799
73500 14.10369 34.68494 1032.54077 0.03359 0.00000000000020605739
73600 14.10321 34.65180 1031.70395 0.03359 0.00000000000011368684
73700 14.10444 34.62197 1030.54886 0.03360 0.00000000000008526513
73800 14.10993 34.59922 1028.77609 0.03363 -0.00000000000000710543
73900 14.10319 34.58255 1026.77789 0.03368 -0.00000000000022026825
74000 14.09569 34.56993 1025.32053 0.03372 -0.00000000000028421709
74100 14.12448 34.55159 1025.33954 0.03370 -0.00000000000039079850
74200 14.10545 34.53711 1024.24194 0.03372 -0.00000000000020605739
74300 14.10158 34.52989 1022.95487 0.03376 -0.00000000000014921397
74400 14.10488 34.52660 1022.19623 0.03378 0.00000000000010658141
74500 14.10125 34.52393 1023.08391 0.03374 0.00000000000017053026
74600 14.10130 34.52094 1021.92928 0.03378 0.00000000000004263256
74700 14.11101 34.51906 1021.62203 0.03379 0.00000000000016342483
74800 14.12709 34.50087 1020.02564 0.03382 0.00000000000014210855
74900 14.10823 34.48659 1020.16031 0.03381 0.00000000000005684342
75000 14.12899 34.47383 1020.33817 0.03379 0.00000000000022026825
75100 14.11018 34.46612 1018.25555 0.03385 0.00000000000021316282
75200 14.10755 34.46468 1017.96705 0.03386 -0.00000000000003552714
75300 14.12868 34.46600 1018.55953 0.03384 -0.00000000000012789769
75400 14.10995 34.46983 1018.82607 0.03383 -0.00000000000034106051
75500 14.10566 34.47747 1019.20467 0.03383 -0.00000000000027711167
75600 14.12769 34.48507 1019.98100 0.03381 -0.00000000000043343107
75700 14.10903 34.49367 1021.18533 0.03378 -0.00000000000036237680
75800 14.10518 34.50045 1021.93582 0.03376 -0.00000000000023447910
75900 14.12747 34.45785 1018.83545 0.03382 0.00000000000001421085
76000 14.10888 34.42407 1018.38443 0.03380 -0.00000000000003552714
76100 14.11176 34.39100 1018.34822 0.03377 -0.00000000000005684342
76200 14.10782 34.35750 1018.29709 0.03374 -0.00000000000004973799
76300 14.10621 34.32029 1018.13291 0.03371 -0.00000000000000710543
76400 14.12204 34.28192 1017.53629 0.03369 0.00000000000006394885
76500 14.11725 34.24542 1016.99334 0.03367 0.00000000000005684342
76600 14.11033 34.20842 1016.82779 0.03364 -0.00000000000009237056
76700 14.11695 34.16907 1015.80150 0.03364 -0.00000000000001421085
76800 14.11126 34.13464 1013.74340 0.03367 -0.00000000000024868996
76900 14.10895 34.10462 1012.60423 0.03368 -0.00000000000043343107
77000 14.09692 34.06296 1011.90133 0.03366 -0.00000000000009947598
77100 14.10381 34.01910 1010.74102 0.03366 -0.00000000000019184654
77200 14.08554 33.97838 1009.67325 0.03365 -0.00000000000018474111
77300 14.08692 33.94152 1008.33192 0.03366 -0.00000000000030553338
77400 14.08204 33.90203 1008.07422 0.03363 -0.00000000000020605739
77500 14.06960 33.85868 1007.31200 0.03361 -0.00000000000014921397
77600 14.07370 33.81757 1005.45738 0.03363 -0.00000000000001421085
77700 14.08695 33.78010 1004.86756 0.03362 -0.00000000000002842171
77800 14.06885 33.74493 1003.57618 0.03362 0.00000000000009237056
77900 14.07008 33.71292 1002.38025 0.03363 -0.00000000000025579538
78000 14.07009 33.67675 1001.44346 0.03363 -0.00000000000029842795
78100 14.08239 33.63942 999.33005 0.03366 -0.00000000000022026825
78200 14.07139 33.60540 998.45836 0.03366 -0.00000000000032684966
78300 14.08488 33.56455 997.38307 0.03365 -0.00000000000029842795
78400 14.06692 33.52806 995.68177 0.03367 -0.00000000000002131628
78500 14.07996 33.49507 994.46392 0.03368 -0.00000000000025579538
78600 14.06567 33.46587 992.98491 0.03370 -0.00000000000058975047
78700 14.10092 33.43335 991.41106 0.03372 -0.00000000000071764816
78800 14.08303 33.40527 990.71697 0.03372 -0.00000000000080291329
78900 14.07349 33.38096 989.76252 0.03373 -0.00000000000084554586
79000 14.07123 33.35934 989.25959 0.03372 -0.00000000000102318154
79100 14.07797 33.33961 988.81256 0.03372 -0.00000000000092370556
79200 14.07243 33.32363 987.36673 0.03375 -0.00000000000120792265
79300 14.07221 33.30747 988.13421 0.03371 -0.00000000000125055521
79400 14.07066 33.28964 988.11105 0.03369 -0.00000000000141398004
79500 14.07855 33.27343 987.02900 0.03371 -0.00000000000142819090
79600 14.08286 33.26045 986.78028 0.03371 -0.00000000000141398004
79700 14.07317 33.25020 986.24513 0.03371 -0.00000000000146371804
79800 14.07636 33.24102 986.47572 0.03370 -0.00000000000153477231
79900 14.07299 33.23135 986.32437 0.03369 -0.00000000000131450406
80000 14.10746 33.20591 985.70416 0.03369 -0.00000000000137845291
80100 14.08985 33.18037 984.35107 0.03371 -0.00000000000137845291
80200 14.08642 33.16186 983.57297 0.03372 -0.00000000000111555210
80300 14.07604 33.14508 983.57344 0.03370 -0.00000000000101607611
80400 14.07757 33.12676 982.07666 0.03373 -0.00000000000108713039
80500 14.07714 33.10755 981.64186 0.03373 -0.00000000000098765440
80600 14.07857 33.08763 982.26995 0.03368 -0.00000000000092370556
80700 14.08882 33.06916 981.13268 0.03371 -0.00000000000085975671
80800 14.10451 33.05815 979.50072 0.03375 -0.00000000000106581410
80900 14.08708 33.05199 979.81157 0.03373 -0.00000000000103739239
81000 14.07915 33.04321 979.68523 0.03373 -0.00000000000084554586
81100 14.08336 33.01571 979.00342 0.03372 -0.00000000000071054274
81200 14.08028 32.98781 977.95195 0.03373 -0.00000000000060396133
81300 14.08904 32.95011 976.61108 0.03374 -0.00000000000056843419
81400 14.08514 32.91486 976.05452 0.03372 -0.00000000000044053650
81500 14.10855 32.88116 975.18718 0.03372 -0.00000000000072475359
81600 14.09126 32.84822 975.40552 0.03368 -0.00000000000072475359
81700 14.10451 32.81526 975.26611 0.03365 -0.00000000000097344355
81800 14.08727 32.78663 973.83666 0.03367 -0.00000000000084554586
81900 14.09057 32.76173 973.22672 0.03366 -0.00000000000088817842
82000 14.09799 32.73906 973.03467 0.03365 -0.00000000000089528385
82100 14.08702 32.71853 972.20095 0.03365 -0.00000000000108002496
82200 14.09453 32.69596 971.65875 0.03365 -0.00000000000142819090
82300 14.09274 32.67387 971.13022 0.03365 -0.00000000000122923893
82400 14.09672 32.65205 970.95955 0.03363 -0.00000000000112976295
82500 14.09296 32.63033 970.79065 0.03361 -0.00000000000117239551
82600 14.10417 32.60888 970.62840 0.03360 -0.00000000000125766064
82700 14.11261 32.59377 968.90886 0.03364 -0.00000000000108002496
82800 14.09556 32.58240 969.04551 0.03362 -0.00000000000117239551
82900 14.09350 32.57254 969.22599 0.03361 -0.00000000000137134748
83000 14.10888 32.56312 969.76634 0.03358 -0.00000000000155608859
83100 14.09190 32.55479 969.29522 0.03359 -0.00000000000157029945
83200 14.09307 32.54902 970.28968 0.03355 -0.00000000000159872116
83300 14.11062 32.54406 969.91786 0.03355 -0.00000000000171240799
83400 14.09370 32.54179 969.97329 0.03355 -0.00000000000174793513
83500 14.11370 32.54400 969.46985 0.03357 -0.00000000000177635684
83600 14.09682 32.54981 969.42067 0.03358 -0.00000000000184030569
83700 14.10382 32.55775 969.78081 0.03357 -0.00000000000175504056
83800 14.09576 32.56555 969.79134 0.03358 -0.00000000000171951342
83900 14.09697 32.57297 971.17004 0.03354 -0.00000000000181188398
84000 14.09849 32.57941 971.48401 0.03354 -0.00000000000189714910
84100 14.11592 32.58634 972.50218 0.03351 -0.00000000000193267624
84200 14.09916 32.59593 972.90939 0.03350 -0.00000000000184741111
84300 14.10932 32.60714 973.36466 0.03350 -0.00000000000176925141
84400 14.10037 32.62226 973.59233 0.03351 -0.00000000000179767312
84500 14.10068 32.63918 973.53005 0.03353 -0.00000000000186162197
84600 14.11304 32.65902 974.58650 0.03351 -0.00000000000200373051
84700 14.09788 32.68033 975.68692 0.03349 -0.00000000000198241423
84800 14.09891 32.68872 976.40137 0.03348 -0.00000000000200373051
84900 14.11155 32.69217 975.93715 0.03350 -0.00000000000181188398
85000 14.10349 32.69963 976.27987 0.03349 -0.00000000000201083594
85100 14.10099 32.70467 977.23570 0.03347 -0.00000000000198951966
85200 14.10127 32.70559 977.38213 0.03346 -0.00000000000206767936
85300 14.10260 32.71014 976.60999 0.03349 -0.00000000000193978167
85400 14.11176 32.70904 975.33239 0.03354 -0.00000000000198241423
85500 14.11188 32.70943 974.10533 0.03358 -0.00000000000194688710
85600 14.10436 32.71394 974.36100 0.03357 -0.00000000000182609483
85700 14.10560 32.71944 972.95497 0.03363 -0.00000000000171240799
85800 14.12371 32.72976 973.38424 0.03362 -0.00000000000164135372
85900 14.10727 32.74083 974.17297 0.03361 -0.00000000000160582658
86000 14.10491 32.75389 975.02052 0.03359 -0.00000000000182609483
86100 14.10672 32.76675 975.86201 0.03358 -0.00000000000181188398
86200 14.11164 32.77780 976.64923 0.03356 -0.00000000000197530881
86300 14.11131 32.78659 976.69417 0.03357 -0.00000000000210320650
86400 14.11110 32.78978 975.89969 0.03360 -0.00000000000220268248
86500 14.10806 32.79523 976.18279 0.03360 -0.00000000000187583282
86600 14.11283 32.80134 975.81452 0.03361 -0.00000000000179056769
86700 14.10784 32.81192 975.24618 0.03364 -0.00000000000176925141
86800 14.11178 32.82774 974.83680 0.03368 -0.00000000000150635060
86900 14.12146 32.84935 974.93457 0.03369 -0.00000000000174793513
87000 14.11036 32.87517 975.82382 0.03369 -0.00000000000178346227
87100 14.17497 32.89888 976.65048 0.03369 -0.00000000000194688710
87200 14.15872 32.92789 974.97858 0.03377 -0.00000000000217426077
87300 14.14250 32.96362 975.83041 0.03378 -0.00000000000223110419
87400 14.12632 33.00568 975.54823 0.03383 -0.00000000000215294449
87500 14.12980 33.05451 977.11822 0.03383 -0.00000000000216715534
87600 14.11367 33.10476 979.39097 0.03380 -0.00000000000216715534
87700 14.11902 33.15670 981.05359 0.03380 -0.00000000000209610107
87800 14.11461 33.20981 983.08198 0.03378 -0.00000000000218136620
87900 14.11448 33.26073 984.38336 0.03379 -0.00000000000206057393
88000 14.11402 33.31037 986.30981 0.03377 -0.00000000000194688710
88100 14.11883 33.35547 988.43487 0.03375 -0.00000000000214583906
88200 14.11501 33.40159 988.92919 0.03378 -0.00000000000223110419
88300 14.12861 33.44956 991.13968 0.03375 -0.00000000000205346851
88400 14.12084 33.49847 993.04655 0.03373 -0.00000000000211741735
88500 14.11572 33.54120 994.43745 0.03373 -0.00000000000174793513
88600 14.16125 33.51446 993.43624 0.03374 -0.00000000000135713663
88700 14.14528 33.48139 992.91178 0.03372 -0.00000000000140687462
88800 14.12936 33.45269 991.85281 0.03373 -0.00000000000146371804
88900 14.12747 33.42737 991.55593 0.03371 -0.00000000000147792889
89000 14.14191 33.40360 990.97350 0.03371 -0.00000000000148503432
89100 14.12604 33.38188 990.78134 0.03369 -0.00000000000130739863
89200 14.12880 33.36317 989.35987 0.03372 -0.00000000000120792265
89300 14.12093 33.34781 989.68405 0.03370 -0.00000000000147792889
89400 14.12045 33.33514 988.44505 0.03372 -0.00000000000126476607
89500 14.12890 33.32403 988.56516 0.03371 -0.00000000000115818466
89600 14.12936 33.31244 988.66990 0.03369 -0.00000000000123634436
89700 14.12466 33.30222 988.48755 0.03369 -0.00000000000137134748
89800 14.12613 33.29639 987.78181 0.03371 -0.00000000000135003120
89900 14.12172 33.29371 986.52101 0.03375 -0.00000000000121502808
90000 14.13584 33.29393 986.64933 0.03374 -0.00000000000109423581
90100 14.17298 33.29826 985.92606 0.03377 -0.00000000000082422957
90200 14.15727 33.30867 985.70936 0.03379 -0.00000000000037658765
90300 14.14159 33.32347 986.26977 0.03379 -0.00000000000073185902
90400 14.12595 33.34022 987.21128 0.03377 -0.00000000000092370556
90500 14.14425 33.35908 987.89169 0.03377 -0.00000000000095212727
90600 14.12864 33.38086 988.33515 0.03377 -0.00000000000098765440
90700 14.14026 33.40549 989.18638 0.03377 -0.00000000000103028697
90800 14.12469 33.43328 990.13112 0.03377 -0.00000000000121502808
90900 14.12644 33.45999 992.01330 0.03373 -0.00000000000120792265
91000 14.15508 33.47736 992.32558 0.03374 -0.00000000000178346227
91100 14.13954 33.48987 993.46366 0.03371 -0.00000000000186162197
91200 14.13492 33.50355 993.34329 0.03373 -0.00000000000132871492
91300 14.12661 33.51753 993.87817 0.03372 -0.00000000000157029945
91400 14.13109 33.53306 994.45869 0.03372 -0.00000000000140687462
91500 14.13273 33.54922 995.05778 0.03372 -0.00000000000157029945
91600 14.12819 33.56866 994.46625 0.03376 -0.00000000000152056145
91700 14.12882 33.58476 995.38544 0.03374 -0.00000000000134292577
91800 14.12907 33.59585 996.15616 0.03373 -0.00000000000184741111
91900 14.13600 33.60199 996.77947 0.03371 -0.00000000000225242047
92000 14.12972 33.60511 997.63474 0.03368 -0.00000000000203215222
92100 14.14941 33.60773 998.79703 0.03365 -0.00000000000181898940
92200 14.13406 33.61134 998.69989 0.03366 -0.00000000000151345603
92300 14.13868 33.61681 998.97989 0.03365 -0.00000000000146371804
92400 14.14458 33.62079 999.53688 0.03364 -0.00000000000145661261
92500 14.13207 33.62621 1000.45820 0.03361 -0.00000000000173372428
92600 14.13568 33.63264 999.80179 0.03364 -0.00000000000172661885
92700 14.13391 33.63908 1001.07306 0.03360 -0.00000000000137134748
92800 14.13472 33.64452 1000.06778 0.03364 -0.00000000000128608235
92900 14.13465 33.65073 1000.36879 0.03364 -0.00000000000144240175
93000 14.13824 33.65871 999.44457 0.03368 -0.00000000000112976295
93100 14.14355 33.66250 1000.31251 0.03365 -0.00000000000110134124
93200 14.13944 33.65411 1000.49847 0.03364 -0.00000000000130029321
93300 14.15201 33.64301 1000.60338 0.03362 -0.00000000000139976919
93400 14.13686 33.63000 1000.65055 0.03361 -0.00000000000127187150
93500 14.13661 33.61656 1001.00256 0.03358 -0.00000000000135713663
93600 14.14311 33.60007 999.35386 0.03362 -0.00000000000127897692
93700 14.14636 33.59080 996.97756 0.03369 -0.00000000000179767312
93800 14.14578 33.58822 996.70192 0.03370 -0.00000000000187583282
93900 14.14042 33.58795 997.12554 0.03368 -0.00000000000177635684
94000 14.14396 33.58937 996.02545 0.03372 -0.00000000000212452278
94100 14.13948 33.59191 996.84598 0.03370 -0.00000000000235189646
94200 14.15322 33.59188 996.96136 0.03369 -0.00000000000259348099
94300 14.16241 33.59277 996.78974 0.03370 -0.00000000000247268872
94400 14.14741 33.59560 997.30328 0.03369 -0.00000000000232347475
94500 14.15791 33.60135 997.58949 0.03368 -0.00000000000232347475
94600 14.14294 33.60832 997.91183 0.03368 -0.00000000000267164069
94700 14.14092 33.61350 998.18072 0.03367 -0.00000000000235189646
94800 14.15221 33.60696 998.10148 0.03367 -0.00000000000245847787
94900 14.14362 33.60314 997.47813 0.03369 -0.00000000000258637556
95000 14.14570 33.60349 997.29195 0.03369 -0.00000000000243716158
95100 14.14293 33.60386 998.04092 0.03367 -0.00000000000228794761
95200 14.14503 33.60597 997.90660 0.03368 -0.00000000000192557081
95300 14.13910 33.58010 997.56353 0.03366 -0.00000000000218847163
95400 14.13344 33.54627 996.98272 0.03365 -0.00000000000216715534
95500 14.13748 33.51395 996.13501 0.03364 -0.00000000000210320650
95600 14.13599 33.48327 994.09951 0.03368 -0.00000000000195399252
95700 14.14418 33.45491 992.75489 0.03370 -0.00000000000180477855
95800 14.13865 33.43178 991.56803 0.03372 -0.00000000000211741735
95900 14.13520 33.40883 991.61472 0.03369 -0.00000000000221689334
96000 14.15773 33.38400 989.46104 0.03374 -0.00000000000211741735
96100 14.14300 33.36298 989.25709 0.03373 -0.00000000000216004992
96200 14.13872 33.34389 988.49998 0.03373 -0.00000000000235900188
96300 14.13750 33.32576 987.77180 0.03374 -0.00000000000224531505
96400 14.13784 33.30786 986.74786 0.03376 -0.00000000000235189646
96500 14.15754 33.29147 986.37605 0.03375 -0.00000000000243005616
96600 14.14289 33.27488 986.60317 0.03373 -0.00000000000241584530
96700 14.14858 33.26112 985.70340 0.03374 -0.00000000000247979415
96800 14.14842 33.25004 984.28256 0.03378 -0.00000000000279243295
96900 14.14038 33.24096 984.42809 0.03377 -0.00000000000318323146
97000 14.14226 33.23222 984.28259 0.03376 -0.00000000000318323146
97100 14.14000 33.22247 984.40693 0.03375 -0.00000000000279243295
97200 14.14017 33.20260 983.33117 0.03377 -0.00000000000345323770
97300 14.14196 33.17199 982.23809 0.03377 -0.00000000000309086090
97400 14.14313 33.13853 981.95710 0.03375 -0.00000000000291322522
97500 14.13368 33.10780 981.15835 0.03374 -0.00000000000291322522
97600 14.12930 33.07431 980.57489 0.03373 -0.00000000000336797257
97700 14.11622 33.04100 980.29315 0.03371 -0.00000000000323296945
97800 14.12738 33.00850 979.43925 0.03370 -0.00000000000334665629
97900 14.11295 32.98040 978.12216 0.03372 -0.00000000000363087338
98000 14.10368 32.94721 977.83970 0.03369 -0.00000000000375877107
98100 14.10417 32.91447 976.68179 0.03370 -0.00000000000343902684
98200 14.10469 32.88333 975.86671 0.03370 -0.00000000000344613227
98300 14.11266 32.85236 975.64549 0.03367 -0.00000000000358113539
98400 14.10366 32.82335 974.59801 0.03368 -0.00000000000360245167
98500 14.10882 32.79235 973.49215 0.03369 -0.00000000000355271368
98600 14.09663 32.76056 973.53552 0.03365 -0.00000000000375877107
98700 14.09424 32.72805 972.67650 0.03365 -0.00000000000348876483
98800 14.09416 32.69647 971.84455 0.03364 -0.00000000000360245167
98900 14.09201 32.66607 971.63126 0.03362 -0.00000000000330402372
99000 14.07778 32.63307 971.63126 0.03359 -0.00000000000330402372
99100 14.06754 32.60041 971.05531 0.03357 -0.00000000000354560825
99200 14.05379 32.56758 970.76441 0.03355 -0.00000000000360955710
99300 14.04083 32.53484 970.47449 0.03352 -0.00000000000343192141
99400 14.06451 32.50438 968.79627 0.03355 -0.00000000000341771056
99500 14.05038 32.47807 966.66704 0.03360 -0.00000000000378008735
99600 14.04072 32.45732 966.44223 0.03358 -0.00000000000371613851
99700 14.04564 32.43002 965.73255 0.03358 -0.00000000000383693077
99800 14.04573 32.39923 964.05593 0.03361 -0.00000000000366640052
99900 14.04278 32.37261 963.65430 0.03359 -0.00000000000345323770
100000 14.04067 32.34678 962.41543 0.03361 -0.00000000000336797257
