#Arquivo Dados/Coleta80.txt 
#Parâmetros(Ocupação: 80.00%, Capacidade: 441000.000 bps)
#Coleta|Ocupação|E(n)|E(w)|lambda|Little

100 77.81642 3.33345 0.03386 98.46000 0.00000000000839195380
200 79.23320 3.82403 0.03848 99.37500 -0.00000000005165734507
300 79.68665 3.75475 0.03755 99.98667 -0.00000000012407630479
400 80.24567 3.84689 0.03842 100.13250 -0.00000000001009770045
500 79.93934 3.83216 0.03832 100.01000 0.00000000002964739565
600 79.92825 3.83953 0.03846 99.83000 -0.00000000009196599038
700 79.86467 3.84967 0.03860 99.72143 -0.00000000012947554140
800 80.13308 3.92216 0.03923 99.97875 -0.00000000024930324471
900 80.03358 3.86965 0.03876 99.83889 -0.00000000043406611638
1000 80.03450 3.85209 0.03856 99.88600 -0.00000000003130473658
1100 79.85806 3.80602 0.03816 99.75091 0.00000000027487434551
1200 79.76906 3.78358 0.03796 99.67583 -0.00000000018859580564
1300 79.78389 3.75901 0.03768 99.77385 -0.00000000006072697900
1400 79.72089 3.75360 0.03764 99.73071 0.00000000001276312389
1500 79.69096 3.74713 0.03759 99.68067 -0.00000000039170178212
1600 79.81728 3.79499 0.03807 99.68625 -0.00000000120331922204
1700 79.96354 3.81593 0.03827 99.70765 -0.00000000173532210823
1800 80.03581 3.84814 0.03858 99.73944 -0.00000000198290495135
1900 79.98370 3.82759 0.03837 99.76158 -0.00000000209680672825
2000 79.88484 3.82242 0.03835 99.68350 -0.00000000225058016667
2100 79.86426 3.81274 0.03825 99.67095 -0.00000000223241602981
2200 79.83567 3.80869 0.03820 99.69091 -0.00000000224477991750
2300 79.86570 3.80271 0.03815 99.67478 -0.00000000106945652334
2400 79.86388 3.79286 0.03806 99.65833 -0.00000000196594296398
2500 79.81802 3.78576 0.03800 99.61840 -0.00000000127178623188
2600 79.85693 3.79891 0.03811 99.67077 -0.00000000141871892012
2700 79.84142 3.78982 0.03804 99.62481 -0.00000000249673748343
2800 79.92369 3.80523 0.03819 99.64321 -0.00000000160522306558
2900 79.95320 3.83011 0.03842 99.70310 -0.00000000145483758374
3000 80.00834 3.84074 0.03851 99.74467 -0.00000000116804921291
3100 80.01849 3.85402 0.03864 99.73613 -0.00000000164892854926
3200 80.03679 3.85282 0.03862 99.76625 -0.00000000169120539795
3300 80.00434 3.85481 0.03865 99.74424 -0.00000000024752866423
3400 80.09865 3.88129 0.03889 99.79382 -0.00000000165400670937
3500 80.11090 3.87977 0.03888 99.78600 0.00000000010262013461
3600 80.09604 3.87191 0.03880 99.79694 0.00000000060709792749
3700 80.11937 3.88393 0.03891 99.82405 0.00000000054989213183
3800 80.15106 3.89268 0.03898 99.86789 0.00000000111571418770
3900 80.15030 3.88574 0.03891 99.86769 0.00000000041356473801
4000 80.12415 3.88665 0.03894 99.82200 0.00000000073884276475
4100 80.12744 3.88765 0.03894 99.82488 0.00000000082989259909
4200 80.14358 3.88948 0.03897 99.81738 -0.00000000119279519595
4300 80.14344 3.89199 0.03900 99.79093 -0.00000000204250527602
4400 80.15581 3.89978 0.03908 99.79500 -0.00000000098123287273
4500 80.13066 3.89532 0.03904 99.78356 -0.00000000106812159117
4600 80.14562 3.89741 0.03905 99.81130 -0.00000000142181555418
4700 80.16171 3.89903 0.03906 99.82319 -0.00000000156436907872
4800 80.16598 3.89870 0.03906 99.80312 -0.00000000392790644455
4900 80.15003 3.89956 0.03907 99.80694 -0.00000000571230307500
5000 80.14436 3.89138 0.03899 99.81600 -0.00000000409771727661
5100 80.08405 3.87742 0.03885 99.80098 -0.00000000398676558433
5200 80.08469 3.87173 0.03879 99.82346 -0.00000000180540293826
5300 80.08359 3.86873 0.03877 99.79660 -0.00000000150002232857
5400 80.05415 3.85808 0.03867 99.77204 -0.00000000315691073283
5500 80.04738 3.85835 0.03867 99.78291 -0.00000000545926592821
5600 80.08185 3.87129 0.03878 99.82018 -0.00000000451212933683
5700 80.10083 3.87234 0.03879 99.83281 -0.00000000537022204483
5800 80.08678 3.86835 0.03875 99.82052 -0.00000000502552310877
5900 80.07178 3.87064 0.03877 99.83475 -0.00000000647475628668
6000 80.04208 3.86209 0.03869 99.81633 -0.00000000709796621479
6100 80.04062 3.85575 0.03863 99.81918 -0.00000000386219545234
6200 80.04552 3.85679 0.03863 99.84597 -0.00000000559860868776
6300 80.05727 3.85941 0.03865 99.86175 -0.00000000465111149595
6400 80.07065 3.86167 0.03867 99.85297 -0.00000000621377349574
6500 80.05076 3.85946 0.03866 99.83677 -0.00000000611260508876
6600 80.05773 3.85816 0.03863 99.86758 -0.00000000920702802887
6700 80.08052 3.86644 0.03871 99.87776 -0.00000000687569423619
6800 80.10230 3.87249 0.03876 99.91897 -0.00000000942374223101
6900 80.10146 3.86930 0.03873 99.91667 -0.00000001231155666304
7000 80.09933 3.86760 0.03871 99.91343 -0.00000001453719145061
7100 80.10510 3.86849 0.03872 99.92028 -0.00000001018311168721
7200 80.10907 3.86272 0.03865 99.93583 -0.00000000909003095018
7300 80.10325 3.86079 0.03863 99.93178 -0.00000000859381588114
7400 80.10682 3.86446 0.03867 99.94230 -0.00000000648475717568
7500 80.10961 3.86634 0.03868 99.94880 -0.00000000468339322879
7600 80.12695 3.87498 0.03876 99.97224 0.00000000052340531909
7700 80.13429 3.87103 0.03872 99.98078 0.00000000864094662489
7800 80.14128 3.87946 0.03880 99.99205 0.00000000677128042526
7900 80.14996 3.88413 0.03884 99.99772 0.00000000520822540651
8000 80.16246 3.89080 0.03890 100.01113 0.00000000320189030845
8100 80.18679 3.89341 0.03892 100.04012 0.00000000698099178464
8200 80.18421 3.89552 0.03894 100.04378 0.00000000248607134878
8300 80.16957 3.89757 0.03896 100.02747 0.00000000131326460817
8400 80.14933 3.89951 0.03899 100.01357 0.00000000002338351734
8500 80.13049 3.89447 0.03894 100.01024 0.00000000089768015243
8600 80.13456 3.89729 0.03897 100.00884 -0.00000000122565513294
8700 80.13665 3.89548 0.03896 99.99770 -0.00000000634802743704
8800 80.13910 3.89723 0.03897 100.00284 -0.00000000657460264009
8900 80.14439 3.90239 0.03902 100.00562 -0.00000000478346606769
9000 80.14488 3.91036 0.03910 100.01233 -0.00000000303638447718
9100 80.14315 3.90951 0.03909 100.01088 -0.00000000172239378315
9200 80.14880 3.90960 0.03909 100.01870 -0.00000000259733523578
9300 80.12568 3.90343 0.03903 100.01140 0.00000000028539348662
9400 80.10788 3.89630 0.03896 100.01415 0.00000000049654369505
9500 80.11626 3.90077 0.03900 100.01884 -0.00000000368114427829
9600 80.11332 3.89867 0.03898 100.01979 -0.00000000708069514133
9700 80.09684 3.89714 0.03896 100.01897 -0.00000000782534659294
9800 80.09292 3.89762 0.03897 100.01112 -0.00000000936986932487
9900 80.11483 3.90292 0.03902 100.02929 -0.00000000369890473806
10000 80.11974 3.90663 0.03905 100.03510 -0.00000000355096840821
10100 80.13360 3.90916 0.03907 100.04594 -0.00000001175586206159
10200 80.13802 3.90918 0.03908 100.03882 -0.00000000958169144027
10300 80.14971 3.91673 0.03915 100.04903 -0.00000001164865137682
10400 80.14484 3.91653 0.03915 100.04135 -0.00000001002502081349
10500 80.15020 3.91628 0.03915 100.04543 -0.00000001306216601549
10600 80.13820 3.91224 0.03911 100.03443 -0.00000001804428428898
10700 80.13333 3.91316 0.03912 100.03196 -0.00000001403680816026
10800 80.12665 3.91001 0.03909 100.02463 -0.00000001569488405906
10900 80.12002 3.91094 0.03910 100.02046 -0.00000001942613669925
11000 80.11758 3.91161 0.03911 100.01791 -0.00000001925553760884
11100 80.09812 3.90723 0.03907 99.99856 -0.00000002333498239082
11200 80.09153 3.90324 0.03903 100.00071 -0.00000002512986263525
11300 80.09357 3.90502 0.03905 99.99832 -0.00000002524895270639
11400 80.09077 3.90475 0.03905 99.99482 -0.00000002519353170527
11500 80.08875 3.90641 0.03907 99.99322 -0.00000002230905060685
11600 80.09805 3.90864 0.03908 100.01259 -0.00000002704068347015
11700 80.09789 3.90795 0.03907 100.01838 -0.00000002903642348784
11800 80.09728 3.90861 0.03908 100.00805 -0.00000003060123843213
11900 80.09775 3.90917 0.03909 100.00639 -0.00000003540638715549
12000 80.09699 3.90855 0.03909 99.99692 -0.00000003243449864243
12100 80.10456 3.90977 0.03909 100.00727 -0.00000002933652876180
12200 80.10737 3.91114 0.03911 100.00762 -0.00000003350214861086
12300 80.10114 3.90978 0.03910 100.00439 -0.00000003270278625678
12400 80.09382 3.90690 0.03907 100.00669 -0.00000003348339605580
12500 80.09944 3.90724 0.03907 100.00672 -0.00000003228213163453
12600 80.09655 3.90398 0.03904 100.00563 -0.00000003443123031133
12700 80.08835 3.90087 0.03901 99.99567 -0.00000003316051877533
12800 80.08102 3.90249 0.03903 99.98586 -0.00000003215176791471
12900 80.09053 3.90680 0.03907 99.98713 -0.00000003338579901424
13000 80.11255 3.91217 0.03912 100.00592 -0.00000003197113906950
13100 80.11298 3.91368 0.03914 100.00290 -0.00000003415984251021
13200 80.09714 3.91019 0.03910 99.99326 -0.00000004040374657066
13300 80.09242 3.91113 0.03911 100.00278 -0.00000004557871147171
13400 80.09281 3.90984 0.03910 100.00067 -0.00000004227176875204
13500 80.09214 3.90996 0.03910 99.99304 -0.00000004726672653277
13600 80.09384 3.91241 0.03913 99.99566 -0.00000004516766116680
13700 80.10178 3.91284 0.03913 99.99949 -0.00000003682054883214
13800 80.10221 3.91242 0.03913 99.99746 -0.00000003655831015692
13900 80.09455 3.91015 0.03910 99.99964 -0.00000004275677634169
14000 80.09594 3.91076 0.03911 99.99307 -0.00000003953961025260
14100 80.09467 3.91261 0.03913 99.99298 -0.00000003977998863647
14200 80.09532 3.91757 0.03918 99.99577 -0.00000003643036761147
14300 80.11155 3.91861 0.03918 100.01063 -0.00000004438105927207
14400 80.11057 3.91754 0.03918 100.00000 -0.00000004129941988396
14500 80.11646 3.91643 0.03916 100.00566 -0.00000003843934415215
14600 80.11233 3.91823 0.03918 100.00082 -0.00000004236918638156
14700 80.12089 3.91995 0.03920 100.01088 -0.00000004686499321949
14800 80.10897 3.91629 0.03916 100.00689 -0.00000004241251438941
14900 80.11878 3.91759 0.03917 100.01242 -0.00000004146012244632
15000 80.11848 3.91706 0.03917 100.01000 -0.00000004371063910824
15100 80.11794 3.91446 0.03914 100.01649 -0.00000003869435483139
15200 80.11625 3.91568 0.03915 100.02118 -0.00000003732391240518
15300 80.11952 3.91628 0.03915 100.02340 -0.00000003232520695562
15400 80.11986 3.92228 0.03922 100.01604 -0.00000002596091519536
15500 80.12050 3.92236 0.03921 100.02232 -0.00000002243178309769
15600 80.11984 3.92113 0.03921 100.01250 -0.00000001551158801405
15700 80.11978 3.91944 0.03919 100.01592 -0.00000001616899725221
15800 80.11965 3.92172 0.03921 100.01057 -0.00000001284454409500
15900 80.13045 3.92525 0.03925 100.01113 -0.00000000679577549789
16000 80.13320 3.92787 0.03927 100.01438 -0.00000000740567651647
16100 80.13730 3.92833 0.03928 100.01261 -0.00000000701093227917
16200 80.13447 3.92714 0.03927 100.01290 -0.00000000941029387747
16300 80.14281 3.93153 0.03931 100.01368 -0.00000000575567282723
16400 80.13924 3.92968 0.03929 100.01488 -0.00000000791804888323
16500 80.13591 3.92734 0.03927 100.00885 -0.00000000671237909700
16600 80.13357 3.92638 0.03926 100.00500 -0.00000001448469255649
16700 80.13465 3.92550 0.03925 100.01120 -0.00000001723476206195
16800 80.13458 3.92423 0.03924 100.01298 -0.00000001532481075373
16900 80.13961 3.92483 0.03924 100.01947 -0.00000001202081501006
17000 80.14106 3.92294 0.03922 100.01512 -0.00000000048723292068
17100 80.14945 3.92348 0.03922 100.02643 0.00000000129339383648
17200 80.14778 3.92191 0.03921 100.02436 -0.00000000882934481083
17300 80.15136 3.92133 0.03920 100.02341 -0.00000001179345110458
17400 80.14263 3.91918 0.03918 100.01885 -0.00000001281101846828
17500 80.13838 3.91718 0.03917 100.01206 -0.00000000907301433983
17600 80.13354 3.91693 0.03917 99.99977 -0.00000000813511080722
17700 80.13679 3.91952 0.03919 100.00311 0.00000000024712454305
17800 80.14521 3.92408 0.03924 100.01067 0.00000000607075278936
17900 80.14382 3.92328 0.03923 100.01201 0.00000001060648724405
18000 80.12798 3.91997 0.03920 100.00306 0.00000001151054984661
18100 80.13191 3.91904 0.03919 100.01017 0.00000000248073295239
18200 80.12938 3.91697 0.03917 100.00753 0.00000000333258354246
18300 80.10884 3.91195 0.03912 99.98765 0.00000000805208077992
18400 80.11105 3.91132 0.03912 99.98620 0.00000000534481703340
18500 80.10419 3.90978 0.03910 99.98773 0.00000000357968898967
18600 80.11920 3.91533 0.03916 99.99495 0.00000000073103567644
18700 80.11465 3.91375 0.03914 99.99219 0.00000000337607142242
18800 80.11154 3.91339 0.03913 99.99750 0.00000000123041976607
18900 80.11284 3.91272 0.03913 99.99810 0.00000000021413493201
19000 80.10729 3.91104 0.03911 99.99600 -0.00000000233437758013
19100 80.11425 3.91147 0.03911 100.00298 -0.00000000288066148713
19200 80.11276 3.90995 0.03910 99.99880 -0.00000000222161666841
19300 80.12161 3.91067 0.03911 100.00010 -0.00000000374149022875
19400 80.11878 3.90905 0.03909 99.99686 0.00000000370590091947
19500 80.12023 3.91110 0.03911 100.00005 -0.00000000101982466916
19600 80.12339 3.90980 0.03910 100.00056 0.00000001132308824481
19700 80.12570 3.91070 0.03911 100.00325 0.00000000524798027257
19800 80.12707 3.90889 0.03909 100.00338 -0.00000000124611254648
19900 80.13272 3.91002 0.03910 100.00613 -0.00000000710548286875
20000 80.13608 3.90934 0.03909 100.00685 -0.00000001228415946741
20100 80.13129 3.90670 0.03907 100.00129 -0.00000000824794899046
20200 80.12199 3.90480 0.03905 99.99361 -0.00000001917379410799
20300 80.12010 3.90305 0.03903 99.98951 -0.00000001601335686274
20400 80.11450 3.90250 0.03903 99.98882 -0.00000001502610658122
20500 80.12017 3.90450 0.03905 99.98902 -0.00000000520233545132
20600 80.12698 3.90514 0.03905 99.99286 -0.00000000765375540723
20700 80.13218 3.90743 0.03907 100.00266 -0.00000000766675345432
20800 80.12879 3.90696 0.03907 99.99635 -0.00000000493889640296
20900 80.13197 3.90771 0.03908 99.99344 -0.00000000040747094587
21000 80.13825 3.90789 0.03908 99.99743 -0.00000000233787522674
21100 80.13355 3.90643 0.03907 99.98706 -0.00000000407845490713
21200 80.13113 3.90519 0.03906 99.98297 -0.00000000588485571384
21300 80.12603 3.90364 0.03904 99.98061 -0.00000000286361023782
21400 80.12869 3.90304 0.03903 99.99178 -0.00000000162941748982
21500 80.13382 3.90607 0.03906 99.99828 0.00000001022167284148
21600 80.13302 3.90507 0.03905 99.99486 0.00000000841978131660
21700 80.13499 3.90508 0.03905 99.99714 0.00000001237262869935
21800 80.12809 3.90454 0.03905 99.99041 0.00000001006540895077
21900 80.12206 3.90229 0.03903 99.98571 0.00000000982456871412
22000 80.11157 3.89958 0.03900 99.97832 0.00000000597718852191
22100 80.11069 3.89933 0.03900 99.98330 0.00000000335945760099
22200 80.11879 3.90068 0.03901 99.99306 -0.00000000296722735271
22300 80.11511 3.89944 0.03900 99.99063 0.00000000210224415653
22400 80.11509 3.89929 0.03900 99.99112 -0.00000000034220715150
22500 80.10794 3.89818 0.03899 99.98347 -0.00000000129466526388
22600 80.10401 3.89616 0.03897 99.98345 -0.00000000406468725345
22700 80.09817 3.89594 0.03897 99.98278 0.00000000630048901940
22800 80.09333 3.89366 0.03895 99.97697 -0.00000000314322434747
22900 80.09075 3.89382 0.03895 99.97738 -0.00000000257341481458
23000 80.09022 3.89498 0.03896 99.97513 0.00000000001779731917
23100 80.08558 3.89577 0.03897 99.97333 0.00000000718076664796
23200 80.07502 3.89321 0.03895 99.96560 0.00000000446197923054
23300 80.07504 3.89324 0.03895 99.96515 0.00000000994243709584
23400 80.07017 3.89228 0.03894 99.96184 0.00000001324674681058
23500 80.07675 3.89314 0.03894 99.96711 0.00000001414968364699
23600 80.07583 3.89240 0.03894 99.96780 0.00000001704344088083
23700 80.07524 3.89254 0.03894 99.97118 0.00000002261555875904
23800 80.07092 3.89188 0.03893 99.97357 0.00000002173260993388
23900 80.06492 3.88991 0.03891 99.97038 0.00000002380776775723
24000 80.07092 3.89230 0.03893 99.97262 0.00000002212417982150
24100 80.07135 3.89268 0.03894 99.97378 0.00000001385103054474
24200 80.07017 3.89229 0.03893 99.97360 0.00000000463494265190
24300 80.07249 3.89303 0.03894 99.97597 0.00000001027211560256
24400 80.07872 3.89451 0.03895 99.97918 0.00000001228135504405
24500 80.08327 3.89389 0.03895 99.98331 0.00000000904018326864
24600 80.08007 3.89395 0.03895 99.98215 0.00000000776738851016
24700 80.07961 3.89322 0.03894 99.98433 0.00000001502168078815
24800 80.08016 3.89344 0.03894 99.98556 0.00000000041812953100
24900 80.08054 3.89469 0.03895 99.98470 -0.00000000079465101166
25000 80.07775 3.89331 0.03894 99.98664 -0.00000000496637442282
25100 80.07596 3.89479 0.03896 99.98139 -0.00000000491154406035
25200 80.07710 3.89450 0.03895 99.98278 -0.00000000590099125120
25300 80.07645 3.89427 0.03895 99.98605 -0.00000000366331764923
25400 80.07467 3.89417 0.03895 99.99067 -0.00000000704083591430
25500 80.06822 3.89160 0.03892 99.98757 -0.00000000459126470176
25600 80.06636 3.89134 0.03892 99.98531 -0.00000000090412521914
25700 80.07278 3.89225 0.03893 99.99086 -0.00000000156771795545
25800 80.07193 3.89154 0.03892 99.99244 -0.00000000265360622365
25900 80.06835 3.89141 0.03892 99.99127 -0.00000000641361941334
26000 80.06931 3.89305 0.03894 99.98827 -0.00000001388525427970
26100 80.06645 3.89197 0.03892 99.99004 -0.00000001532018378825
26200 80.06915 3.89471 0.03895 99.98805 -0.00000001275646210885
26300 80.07409 3.89580 0.03896 99.99350 -0.00000004150409482762
26400 80.07408 3.89610 0.03896 99.99242 -0.00000004444832057970
26500 80.07397 3.89664 0.03897 99.99596 -0.00000005655683876782
26600 80.07109 3.89601 0.03896 99.99865 -0.00000005447333251141
26700 80.06422 3.89398 0.03894 99.99678 -0.00000004939010445071
26800 80.05981 3.89305 0.03893 99.99358 -0.00000006276360808855
26900 80.06624 3.89547 0.03896 99.99836 -0.00000005623574272917
27000 80.06285 3.89495 0.03895 99.99822 -0.00000006492179149831
27100 80.06874 3.89666 0.03897 100.00100 -0.00000005450953199926
27200 80.06880 3.89689 0.03897 100.00099 -0.00000003925576397279
27300 80.07610 3.89840 0.03898 100.00238 -0.00000004019758348406
27400 80.07260 3.89864 0.03899 100.00325 -0.00000002945994470593
27500 80.07404 3.90014 0.03900 100.00298 -0.00000002890066896910
27600 80.07123 3.89849 0.03898 100.00236 -0.00000003526308089974
27700 80.07083 3.89707 0.03897 100.00108 -0.00000004241169904162
27800 80.07367 3.89827 0.03898 100.00245 -0.00000004407725073818
27900 80.07002 3.89663 0.03897 100.00047 -0.00000005712973960570
28000 80.06314 3.89534 0.03896 99.99346 -0.00000005653384338444
28100 80.06546 3.89497 0.03895 99.99203 -0.00000005906430278202
28200 80.06057 3.89463 0.03895 99.99131 -0.00000006283836917476
28300 80.05442 3.89362 0.03894 99.98682 -0.00000007233909338211
28400 80.05691 3.89411 0.03895 99.98398 -0.00000006001428864977
28500 80.06155 3.89478 0.03895 99.99133 -0.00000004420247012860
28600 80.05765 3.89389 0.03894 99.98524 -0.00000004401209308114
28700 80.05406 3.89420 0.03895 99.98401 -0.00000004180518686780
28800 80.05336 3.89573 0.03896 99.98576 -0.00000005272874581408
28900 80.05151 3.89406 0.03895 99.97979 -0.00000006117821582663
29000 80.04951 3.89373 0.03895 99.97955 -0.00000005772628774992
29100 80.04963 3.89331 0.03894 99.97869 -0.00000005603496955331
29200 80.04367 3.89158 0.03893 99.97599 -0.00000004503697281777
29300 80.04280 3.89034 0.03891 99.97123 -0.00000004836115818918
29400 80.04801 3.89129 0.03892 99.97524 -0.00000004114851659409
29500 80.04619 3.89129 0.03892 99.97207 -0.00000003125593384112
29600 80.04473 3.89017 0.03891 99.97213 -0.00000002028197254589
29700 80.04945 3.89081 0.03892 99.97660 -0.00000001317648790078
29800 80.04894 3.89015 0.03891 99.97621 -0.00000001474185884476
29900 80.04867 3.89018 0.03891 99.97405 -0.00000002276682931068
30000 80.05384 3.89144 0.03892 99.97627 -0.00000003307367535399
30100 80.05244 3.89053 0.03891 99.97957 -0.00000002766885387473
30200 80.04966 3.88980 0.03891 99.97838 -0.00000003477546917097
30300 80.04610 3.89016 0.03891 99.97677 -0.00000003116852065332
30400 80.04724 3.89116 0.03892 99.98069 -0.00000002731547477097
30500 80.05115 3.89272 0.03894 99.97980 -0.00000001529248194743
30600 80.05662 3.89453 0.03895 99.98719 -0.00000000561234436702
30700 80.05546 3.89377 0.03894 99.98498 0.00000000033522606913
30800 80.05740 3.89594 0.03897 99.98182 0.00000000453939996703
30900 80.05675 3.89663 0.03897 99.97767 0.00000001447966235801
31000 80.05571 3.89830 0.03899 99.97829 0.00000001709506491920
31100 80.05571 3.89769 0.03898 99.97974 0.00000000132416033694
31200 80.05034 3.89646 0.03897 99.97926 0.00000000195883087528
31300 80.04637 3.89569 0.03897 99.97901 -0.00000000603006844457
31400 80.04568 3.89491 0.03896 99.98178 0.00000000221351115215
31500 80.05147 3.89625 0.03897 99.97994 0.00000000264123922733
31600 80.05418 3.89693 0.03898 99.98506 0.00000000203632311013
31700 80.05679 3.89583 0.03896 99.98697 0.00000000118290399698
31800 80.05642 3.89662 0.03897 99.98368 0.00000000295192803534
31900 80.05961 3.89752 0.03898 99.98865 0.00000001276109928838
32000 80.06275 3.89890 0.03899 99.99400 0.00000002829377931945
32100 80.06458 3.89921 0.03899 99.99551 0.00000002534747345351
32200 80.06274 3.89822 0.03898 99.99335 0.00000002867706427878
32300 80.06327 3.89763 0.03898 99.99533 0.00000003347862254088
32400 80.06196 3.89762 0.03898 99.99506 0.00000003796736303130
32500 80.06259 3.89771 0.03898 99.99846 0.00000004070494341590
32600 80.06016 3.89795 0.03898 99.99982 0.00000003604996123840
32700 80.06256 3.89887 0.03899 99.99636 0.00000004194456382223
32800 80.06461 3.89849 0.03899 99.99366 0.00000003207837950825
32900 80.06695 3.89837 0.03898 99.99927 0.00000005211276610240
33000 80.06653 3.89702 0.03897 100.00088 0.00000005553040383077
33100 80.06707 3.89779 0.03898 100.00157 0.00000004259552177643
33200 80.06234 3.89679 0.03897 99.99925 0.00000003985387930783
33300 80.06385 3.89775 0.03898 99.99982 0.00000004498442374157
33400 80.06971 3.89972 0.03900 100.00359 0.00000004770176165181
33500 80.07217 3.89947 0.03899 100.00636 0.00000004637799078111
33600 80.07030 3.89870 0.03898 100.00515 0.00000004107125928243
33700 80.07042 3.89920 0.03899 100.00546 0.00000004422643673507
33800 80.07358 3.90074 0.03900 100.00988 0.00000002648936403560
33900 80.08036 3.90290 0.03902 100.01912 0.00000002658220088492
34000 80.08168 3.90300 0.03902 100.01565 0.00000003043127172475
34100 80.07654 3.90055 0.03900 100.01352 0.00000001854115661004
34200 80.07972 3.90110 0.03900 100.01804 0.00000002005656263293
34300 80.08269 3.90154 0.03901 100.01968 0.00000001236608726529
34400 80.08269 3.90047 0.03900 100.01852 0.00000000919870357663
34500 80.08440 3.90077 0.03900 100.02145 0.00000000983955583678
34600 80.08582 3.90165 0.03901 100.02350 0.00000001492413126414
34700 80.08861 3.90278 0.03902 100.02432 0.00000000861241744587
34800 80.09215 3.90407 0.03903 100.02466 0.00000000734055838336
34900 80.08837 3.90335 0.03902 100.02570 0.00000001146062267310
35000 80.08603 3.90264 0.03902 100.02691 0.00000000908213859674
35100 80.08381 3.90166 0.03901 100.02587 0.00000001308532615596
35200 80.08602 3.90142 0.03900 100.02747 0.00000001434265195499
35300 80.08723 3.90172 0.03901 100.02924 0.00000002010061006530
35400 80.08512 3.90061 0.03899 100.02907 0.00000001697154194957
35500 80.08698 3.90106 0.03900 100.03138 0.00000003010804050518
35600 80.08350 3.90131 0.03900 100.02992 0.00000002500451889986
35700 80.08744 3.90235 0.03901 100.03479 0.00000001570414021046
35800 80.08850 3.90228 0.03901 100.03466 0.00000000782001574606
35900 80.09001 3.90372 0.03902 100.03719 -0.00000000852972892318
36000 80.08714 3.90369 0.03902 100.03575 -0.00000002836152690477
36100 80.08579 3.90298 0.03902 100.03485 -0.00000002171454527300
36200 80.08366 3.90383 0.03903 100.03169 -0.00000001903026047856
36300 80.08095 3.90410 0.03903 100.03050 -0.00000001991252274181
36400 80.07745 3.90424 0.03903 100.02989 -0.00000001745023325839
36500 80.07831 3.90284 0.03902 100.03140 -0.00000001391412673968
36600 80.08724 3.90625 0.03905 100.03795 -0.00000000767700436555
36700 80.09142 3.90734 0.03906 100.04155 -0.00000000322543591835
36800 80.09302 3.90738 0.03906 100.04068 -0.00000001067448396341
36900 80.09329 3.90692 0.03905 100.04206 -0.00000001637495516960
37000 80.09278 3.90705 0.03905 100.04176 -0.00000002652142416792
37100 80.09124 3.90663 0.03905 100.03976 -0.00000002549768529647
37200 80.08492 3.90579 0.03904 100.04121 0.00000000905453934053
37300 80.08341 3.90551 0.03904 100.04198 0.00000000269593725122
37400 80.08156 3.90561 0.03904 100.04257 0.00000000752322515396
37500 80.07678 3.90453 0.03903 100.04387 -0.00000000300025915223
37600 80.07553 3.90403 0.03902 100.04128 -0.00000000312080850051
37700 80.07776 3.90411 0.03902 100.04236 -0.00000001186832587763
37800 80.07731 3.90421 0.03903 100.03720 -0.00000002954758970830
37900 80.07391 3.90429 0.03903 100.03583 -0.00000004387624041868
38000 80.06991 3.90384 0.03903 100.03182 -0.00000004666149866495
38100 80.06851 3.90464 0.03903 100.03244 -0.00000005758105059428
38200 80.06609 3.90433 0.03903 100.02628 -0.00000008655411187775
38300 80.06383 3.90300 0.03902 100.02642 -0.00000007339734908740
38400 80.06215 3.90338 0.03902 100.02784 -0.00000006079965464423
38500 80.06256 3.90355 0.03902 100.02831 -0.00000005035541850162
38600 80.06544 3.90325 0.03902 100.03187 -0.00000004452506630059
38700 80.06280 3.90338 0.03902 100.02788 -0.00000003445043583739
38800 80.06284 3.90307 0.03902 100.02879 -0.00000003302501516700
38900 80.05744 3.90210 0.03901 100.02997 -0.00000004643748097166
39000 80.05695 3.90238 0.03901 100.02900 -0.00000005268498792788
39100 80.05101 3.90079 0.03900 100.02898 -0.00000008562695530401
39200 80.05032 3.89995 0.03899 100.02796 -0.00000007263206658337
39300 80.04875 3.89908 0.03898 100.02613 -0.00000008846460541889
39400 80.04685 3.89905 0.03898 100.02330 -0.00000007596562401346
39500 80.04599 3.89856 0.03898 100.01909 -0.00000009203066975161
39600 80.04190 3.89774 0.03897 100.01439 -0.00000009166470960054
39700 80.03709 3.89705 0.03896 100.01406 -0.00000008920236682641
39800 80.03802 3.89732 0.03897 100.01359 -0.00000007032858961864
39900 80.03772 3.89641 0.03896 100.01411 -0.00000006415360420675
40000 80.03595 3.89655 0.03896 100.01290 -0.00000005345159337367
40100 80.03506 3.89620 0.03896 100.01257 -0.00000004838299938470
40200 80.03371 3.89596 0.03895 100.01177 -0.00000004177409396178
40300 80.03338 3.89694 0.03896 100.01370 -0.00000005307143968736
40400 80.03658 3.89798 0.03897 100.01896 -0.00000002671860510617
40500 80.03637 3.89756 0.03897 100.02000 -0.00000004498750527659
40600 80.03702 3.89828 0.03898 100.01899 -0.00000005852272533247
40700 80.03546 3.89786 0.03897 100.01759 -0.00000002741470783718
40800 80.04180 3.89926 0.03898 100.02468 -0.00000003554320926469
40900 80.03987 3.89916 0.03898 100.02535 -0.00000005602753017087
41000 80.04122 3.89873 0.03898 100.02598 -0.00000005931883828580
41100 80.03713 3.89803 0.03897 100.02416 -0.00000005771326128112
41200 80.03522 3.89695 0.03896 100.01954 -0.00000006308208622130
41300 80.03493 3.89651 0.03896 100.01702 -0.00000005720205020765
41400 80.03345 3.89662 0.03896 100.01780 -0.00000005289087345872
41500 80.03094 3.89572 0.03895 100.01716 -0.00000004475567827456
41600 80.02965 3.89572 0.03895 100.01512 -0.00000004743438397625
41700 80.02877 3.89527 0.03895 100.01513 -0.00000005122709367811
41800 80.02900 3.89489 0.03894 100.01672 -0.00000006747704439647
41900 80.02582 3.89395 0.03893 100.01317 -0.00000006851766620741
42000 80.02924 3.89488 0.03894 100.01407 -0.00000005545251324790
42100 80.03221 3.89541 0.03895 100.01499 -0.00000007230888288134
42200 80.02943 3.89529 0.03895 100.01453 -0.00000009030310677005
42300 80.02624 3.89434 0.03894 100.01262 -0.00000009276439216777
42400 80.02504 3.89388 0.03893 100.01219 -0.00000010363286673254
42500 80.02159 3.89308 0.03893 100.00821 -0.00000008684540020454
42600 80.02042 3.89223 0.03892 100.00650 -0.00000007713301686252
42700 80.02172 3.89160 0.03891 100.00913 -0.00000007820253022928
42800 80.02068 3.89130 0.03891 100.00584 -0.00000005641195643946
42900 80.02084 3.89044 0.03890 100.00732 -0.00000006378449368682
43000 80.02532 3.89200 0.03892 100.00895 -0.00000006344414238413
43100 80.02321 3.89118 0.03891 100.00898 -0.00000006492656678958
43200 80.01973 3.89158 0.03891 100.00507 -0.00000006203640934288
43300 80.01977 3.89212 0.03892 100.00129 -0.00000005688404458581
43400 80.01829 3.89133 0.03891 100.00560 -0.00000005004198344594
43500 80.01569 3.89121 0.03891 100.00455 -0.00000003465246267709
43600 80.01633 3.89306 0.03893 100.00663 -0.00000002330919235405
43700 80.02054 3.89414 0.03894 100.00805 -0.00000002595479609013
43800 80.02812 3.89763 0.03897 100.01247 -0.00000003010457971797
43900 80.02766 3.89800 0.03897 100.01287 -0.00000001971851748550
44000 80.02970 3.89914 0.03898 100.01805 0.00000000181611303773
44100 80.03056 3.89853 0.03898 100.01878 0.00000000655633014546
44200 80.02855 3.89777 0.03897 100.01928 -0.00000000806310618273
44300 80.02983 3.89866 0.03898 100.01831 -0.00000000751612327932
44400 80.03251 3.89857 0.03898 100.01971 -0.00000002432163803689
44500 80.03152 3.89861 0.03898 100.02009 -0.00000004910952888793
44600 80.03011 3.89849 0.03898 100.01879 -0.00000003971690532012
44700 80.03128 3.89791 0.03897 100.02116 -0.00000002767342843768
44800 80.02778 3.89656 0.03896 100.02076 -0.00000003531035952520
44900 80.02549 3.89591 0.03895 100.01918 -0.00000003205566034836
45000 80.02679 3.89600 0.03895 100.02151 -0.00000002907120677520
45100 80.03007 3.89652 0.03896 100.02461 -0.00000003116132640812
45200 80.03063 3.89717 0.03896 100.02500 -0.00000002134027488054
45300 80.03139 3.89714 0.03896 100.02583 -0.00000001689563422502
45400 80.03316 3.89768 0.03897 100.02725 0.00000000286963119933
45500 80.03477 3.89726 0.03896 100.02767 -0.00000000399920052629
45600 80.03524 3.89842 0.03897 100.02919 0.00000001071643129791
45700 80.03479 3.89822 0.03897 100.02832 0.00000001235728808169
45800 80.04002 3.89948 0.03898 100.03024 0.00000000514531839357
45900 80.03922 3.89932 0.03898 100.02939 0.00000000869973515449
46000 80.04240 3.89943 0.03898 100.03093 0.00000000191523197302
46100 80.04234 3.89888 0.03898 100.03167 0.00000001423340334483
46200 80.03906 3.89831 0.03897 100.03091 -0.00000000346562734066
46300 80.03969 3.89812 0.03897 100.03026 -0.00000000329961125090
46400 80.03747 3.89681 0.03896 100.02845 0.00000000212214690265
46500 80.03812 3.89744 0.03896 100.02903 0.00000000471353089893
46600 80.03832 3.89823 0.03897 100.02745 -0.00000001264482918373
46700 80.03764 3.89853 0.03897 100.02739 -0.00000001213854217141
46800 80.03566 3.89823 0.03897 100.02271 -0.00000000522417176185
46900 80.03392 3.89704 0.03896 100.02090 -0.00000001469756494288
47000 80.03563 3.89867 0.03898 100.02017 -0.00000000730862703691
47100 80.03354 3.89819 0.03897 100.02091 0.00000000649689235743
47200 80.03153 3.89732 0.03897 100.02095 0.00000001599649879225
47300 80.03364 3.89716 0.03896 100.02429 0.00000000917940345957
47400 80.03498 3.89730 0.03896 100.02473 0.00000001112442760132
47500 80.03483 3.89640 0.03896 100.02314 -0.00000000807817857051
47600 80.03324 3.89587 0.03895 100.02130 0.00000000365363073129
47700 80.03494 3.89605 0.03895 100.02298 0.00000001809986427403
47800 80.03160 3.89465 0.03894 100.02305 0.00000002260942677523
47900 80.03011 3.89407 0.03893 100.02278 0.00000000722959381250
48000 80.03068 3.89331 0.03892 100.02179 0.00000001398484616999
48100 80.03442 3.89464 0.03894 100.02430 0.00000001783249503617
48200 80.03446 3.89423 0.03893 100.02301 0.00000001770991708838
48300 80.03432 3.89372 0.03893 100.02280 0.00000002582689040409
48400 80.03449 3.89437 0.03893 100.02353 0.00000002552134992229
48500 80.03382 3.89471 0.03894 100.02324 0.00000002767011508809
48600 80.03642 3.89511 0.03894 100.02457 0.00000003304039308816
48700 80.03753 3.89473 0.03894 100.02630 0.00000003489280020474
48800 80.03684 3.89452 0.03893 100.02645 0.00000003866426823151
48900 80.03433 3.89325 0.03892 100.02573 0.00000005646619527511
49000 80.03389 3.89362 0.03893 100.02629 0.00000005756238463661
49100 80.03962 3.89541 0.03894 100.02837 0.00000004811234832758
49200 80.03865 3.89464 0.03894 100.02740 0.00000006105985006499
49300 80.04305 3.89678 0.03896 100.02992 0.00000006100298133305
49400 80.04581 3.89753 0.03896 100.02998 0.00000006440426592036
49500 80.04712 3.89749 0.03896 100.03182 0.00000007164008630767
49600 80.04811 3.89774 0.03897 100.03115 0.00000008029558262734
49700 80.04380 3.89679 0.03896 100.02885 0.00000009815597801222
49800 80.04400 3.89676 0.03896 100.02950 0.00000010132330663382
49900 80.04473 3.89712 0.03896 100.03008 0.00000010651330262235
50000 80.04377 3.89676 0.03896 100.02912 0.00000010010003981265
50100 80.04204 3.89627 0.03895 100.02661 0.00000010365501568188
50200 80.04679 3.89725 0.03896 100.02797 0.00000010875429801160
50300 80.04404 3.89740 0.03896 100.02616 0.00000012169051943900
50400 80.04662 3.89765 0.03897 100.02673 0.00000012863852383305
50500 80.04382 3.89767 0.03897 100.02493 0.00000010133937644596
50600 80.04242 3.89741 0.03896 100.02575 0.00000011982504322106
50700 80.04529 3.89767 0.03897 100.02594 0.00000010190969934598
50800 80.05046 3.89818 0.03897 100.02860 0.00000009672170486752
50900 80.04962 3.89808 0.03897 100.02690 0.00000010325374599773
51000 80.05105 3.89772 0.03897 100.02625 0.00000011859083892674
51100 80.05415 3.89845 0.03897 100.02771 0.00000013697731127138
51200 80.05496 3.89823 0.03897 100.02654 0.00000013034667922796
51300 80.05318 3.89710 0.03896 100.02507 0.00000011430500412857
51400 80.05242 3.89748 0.03896 100.02525 0.00000010808703798659
51500 80.05320 3.89742 0.03896 100.02596 0.00000010837390096441
51600 80.05282 3.89687 0.03896 100.02667 0.00000011358231288838
51700 80.05305 3.89701 0.03896 100.02692 0.00000013185897396184
51800 80.05189 3.89664 0.03896 100.02517 0.00000012145233974081
51900 80.05256 3.89649 0.03895 100.02566 0.00000009372477594027
52000 80.05359 3.89615 0.03895 100.02544 0.00000010401035366314
52100 80.05252 3.89604 0.03895 100.02570 0.00000008725532651965
52200 80.05305 3.89570 0.03895 100.02805 0.00000009597239936099
52300 80.05615 3.89628 0.03895 100.03050 0.00000010020649954257
52400 80.06059 3.89694 0.03896 100.03385 0.00000009419868218785
52500 80.06231 3.89730 0.03896 100.03328 0.00000012122747783394
52600 80.06165 3.89676 0.03896 100.03211 0.00000008529102135668
52700 80.06196 3.89667 0.03895 100.03066 0.00000009642804599252
52800 80.06320 3.89714 0.03896 100.03153 0.00000006339347979889
52900 80.06161 3.89662 0.03895 100.03060 0.00000005015191861801
53000 80.06225 3.89733 0.03896 100.03092 0.00000005896102450720
53100 80.06146 3.89714 0.03896 100.03009 0.00000008038691623469
53200 80.06085 3.89660 0.03896 100.02782 0.00000009300630754439
53300 80.05854 3.89627 0.03895 100.02811 0.00000010628306945648
53400 80.05636 3.89578 0.03895 100.02528 0.00000013625739159195
53500 80.05570 3.89572 0.03895 100.02639 0.00000010940916039814
53600 80.05458 3.89608 0.03895 100.02580 0.00000012052474129831
53700 80.05367 3.89556 0.03895 100.02596 0.00000007969684823195
53800 80.05398 3.89620 0.03895 100.02554 0.00000009376901788372
53900 80.05440 3.89622 0.03895 100.02612 0.00000007938612833769
54000 80.05448 3.89581 0.03895 100.02693 0.00000005165710481592
54100 80.05494 3.89576 0.03895 100.02529 0.00000003261531134058
54200 80.05780 3.89653 0.03895 100.02697 0.00000005578284234531
54300 80.05733 3.89709 0.03896 100.02646 0.00000006679499264806
54400 80.05651 3.89722 0.03896 100.02711 0.00000005407048941919
54500 80.05573 3.89800 0.03897 100.02657 0.00000005486731335935
54600 80.05700 3.89771 0.03897 100.02650 0.00000002461689518896
54700 80.05990 3.89820 0.03897 100.02625 0.00000003348679644688
54800 80.05886 3.89816 0.03897 100.02533 0.00000001369296898091
54900 80.05779 3.89785 0.03897 100.02521 0.00000001858188269921
55000 80.05712 3.89768 0.03897 100.02435 -0.00000000167562586029
55100 80.05950 3.89768 0.03897 100.02470 0.00000001750335876238
55200 80.05740 3.89724 0.03896 100.02324 0.00000002252780939571
55300 80.06003 3.89739 0.03896 100.02584 0.00000005812809300565
55400 80.05869 3.89668 0.03896 100.02780 0.00000008621105562767
55500 80.05929 3.89697 0.03896 100.02746 0.00000007877738594786
55600 80.06042 3.89742 0.03896 100.03094 0.00000007701021109696
55700 80.05832 3.89667 0.03896 100.02969 0.00000007922577838215
55800 80.05753 3.89657 0.03895 100.02860 0.00000008503611548250
55900 80.05766 3.89703 0.03896 100.02803 0.00000009483947449596
56000 80.05676 3.89660 0.03895 100.02907 0.00000010779324677301
56100 80.05386 3.89554 0.03895 100.02627 0.00000008565487430445
56200 80.05714 3.89654 0.03895 100.02859 0.00000008817396235372
56300 80.05746 3.89681 0.03896 100.02730 0.00000007615559782792
56400 80.05700 3.89689 0.03896 100.02709 0.00000008201982870659
56500 80.05746 3.89678 0.03896 100.03012 0.00000008420633923478
56600 80.05510 3.89627 0.03895 100.02848 0.00000011739552974177
56700 80.05339 3.89612 0.03895 100.02700 0.00000011309187497588
56800 80.05260 3.89571 0.03895 100.02577 0.00000011858818993460
56900 80.04765 3.89457 0.03894 100.02246 0.00000009386239385734
57000 80.04888 3.89482 0.03894 100.02328 0.00000004472731429672
57100 80.05272 3.89596 0.03895 100.02630 0.00000004778161688535
57200 80.05091 3.89574 0.03895 100.02545 0.00000007173625116152
57300 80.05069 3.89604 0.03895 100.02459 0.00000005076390019454
57400 80.05101 3.89550 0.03894 100.02598 0.00000003438857509863
57500 80.05378 3.89642 0.03895 100.02678 0.00000004014758836490
57600 80.05133 3.89558 0.03894 100.02780 0.00000003904305989622
57700 80.05011 3.89588 0.03895 100.02789 0.00000005574506323214
57800 80.04848 3.89524 0.03894 100.02692 0.00000007682961689071
57900 80.04690 3.89523 0.03894 100.02530 0.00000008043422461412
58000 80.04598 3.89504 0.03894 100.02297 0.00000012252331016427
58100 80.04418 3.89453 0.03894 100.02164 0.00000014792506108918
58200 80.04206 3.89453 0.03894 100.02029 0.00000016800737867584
58300 80.04014 3.89416 0.03893 100.01906 0.00000015523250773697
58400 80.03940 3.89398 0.03893 100.01979 0.00000008180111210621
58500 80.04246 3.89489 0.03894 100.01961 0.00000009298685998971
58600 80.04256 3.89581 0.03895 100.01852 0.00000009765430375452
58700 80.04071 3.89600 0.03895 100.01969 0.00000012875054933303
58800 80.04346 3.89601 0.03895 100.02119 0.00000009589727145709
58900 80.04048 3.89535 0.03895 100.02046 0.00000008801754569632
59000 80.03857 3.89438 0.03894 100.01951 0.00000004985227830545
59100 80.04092 3.89509 0.03894 100.02037 0.00000003119106484206
59200 80.04193 3.89616 0.03895 100.02196 0.00000002767908569012
59300 80.03807 3.89530 0.03895 100.01971 0.00000001063054488881
59400 80.04086 3.89581 0.03895 100.02079 -0.00000001123908166534
59500 80.04530 3.89679 0.03896 100.02304 -0.00000001605995691989
59600 80.04376 3.89622 0.03895 100.02138 -0.00000003527740233267
59700 80.04254 3.89609 0.03895 100.02035 -0.00000004490712557370
59800 80.03979 3.89536 0.03895 100.01833 -0.00000004992364965872
59900 80.03811 3.89449 0.03894 100.01736 -0.00000003253449243346
60000 80.03811 3.89433 0.03894 100.01812 -0.00000002897740758456
60100 80.03870 3.89385 0.03893 100.01704 -0.00000003741219645192
60200 80.03943 3.89365 0.03893 100.01615 -0.00000004015473908936
60300 80.04031 3.89353 0.03893 100.01735 -0.00000004749712712027
60400 80.03610 3.89277 0.03892 100.01366 -0.00000003550995764101
60500 80.03885 3.89363 0.03893 100.01562 -0.00000004912423445802
60600 80.03522 3.89255 0.03892 100.01563 -0.00000004408782050547
60700 80.03526 3.89288 0.03892 100.01649 -0.00000008386464234178
60800 80.03539 3.89272 0.03892 100.01630 -0.00000005807629355203
60900 80.03394 3.89217 0.03891 100.01816 -0.00000006018627152216
61000 80.03253 3.89216 0.03891 100.01841 -0.00000009971368930550
61100 80.03387 3.89232 0.03892 100.01892 -0.00000011291291324156
61200 80.03345 3.89236 0.03892 100.01917 -0.00000010457811150388
61300 80.03263 3.89191 0.03891 100.01656 -0.00000009781686882704
61400 80.03139 3.89115 0.03891 100.01476 -0.00000010935672634105
61500 80.03016 3.89143 0.03891 100.01449 -0.00000009130300204774
61600 80.03091 3.89197 0.03891 100.01437 -0.00000007758202036356
61700 80.03062 3.89244 0.03892 100.01580 -0.00000005210228781749
61800 80.03243 3.89304 0.03892 100.01589 -0.00000004701986622280
61900 80.02984 3.89207 0.03892 100.01242 -0.00000006492072435194
62000 80.02980 3.89239 0.03892 100.01140 -0.00000006628069648684
62100 80.03015 3.89244 0.03892 100.01090 -0.00000004428222633024
62200 80.03021 3.89347 0.03893 100.00931 -0.00000004476212067672
62300 80.02589 3.89297 0.03893 100.00360 -0.00000001959551765296
62400 80.02586 3.89285 0.03893 100.00263 -0.00000001037380981117
62500 80.02808 3.89349 0.03893 100.00346 -0.00000001182633990737
62600 80.02683 3.89296 0.03893 100.00249 -0.00000001949417915981
62700 80.02862 3.89387 0.03894 100.00439 -0.00000003505044876562
62800 80.02918 3.89377 0.03894 100.00409 -0.00000004986341917146
62900 80.03147 3.89381 0.03894 100.00704 -0.00000005075955344935
63000 80.03188 3.89386 0.03894 100.00811 -0.00000008784061611422
63100 80.03375 3.89464 0.03894 100.01025 -0.00000006882473524428
63200 80.03672 3.89571 0.03895 100.01366 -0.00000006616481318389
63300 80.03504 3.89532 0.03895 100.01370 -0.00000004940400977205
63400 80.03205 3.89502 0.03895 100.01085 -0.00000006870870139508
63500 80.03445 3.89592 0.03895 100.01408 -0.00000004783164753164
63600 80.03278 3.89547 0.03895 100.01542 -0.00000006625787873915
63700 80.03292 3.89547 0.03895 100.01581 -0.00000007723778194801
63800 80.03214 3.89540 0.03895 100.01682 -0.00000008257364925157
63900 80.03343 3.89567 0.03895 100.01626 -0.00000007983152938706
64000 80.03359 3.89528 0.03895 100.01766 -0.00000010329665167674
64100 80.03556 3.89598 0.03895 100.02019 -0.00000012169242058491
64200 80.03385 3.89513 0.03894 100.02097 -0.00000014526525937697
64300 80.03310 3.89471 0.03894 100.02031 -0.00000015634302519274
64400 80.03104 3.89405 0.03893 100.02076 -0.00000014164988737519
64500 80.03034 3.89396 0.03893 100.01902 -0.00000014549452087564
64600 80.02855 3.89385 0.03893 100.01574 -0.00000012378539437918
64700 80.02758 3.89393 0.03893 100.01533 -0.00000011480398365293
64800 80.02778 3.89345 0.03893 100.01554 -0.00000010720286880428
64900 80.02621 3.89292 0.03892 100.01544 -0.00000011798324939249
65000 80.02555 3.89257 0.03892 100.01603 -0.00000008444826393728
65100 80.02702 3.89339 0.03893 100.01668 -0.00000007442975613614
65200 80.02612 3.89377 0.03893 100.01494 -0.00000008697716102901
65300 80.02841 3.89440 0.03894 100.01802 -0.00000009499160169568
65400 80.02788 3.89459 0.03894 100.01971 -0.00000009596987959881
65500 80.02795 3.89434 0.03894 100.02064 -0.00000008505057325081
65600 80.02561 3.89427 0.03894 100.01828 -0.00000006125294271797
65700 80.02731 3.89517 0.03894 100.01925 -0.00000004215196369728
65800 80.02425 3.89436 0.03894 100.01740 -0.00000000630761576303
65900 80.02582 3.89486 0.03894 100.01873 -0.00000002231810070086
66000 80.02822 3.89528 0.03895 100.01889 -0.00000002804009779922
66100 80.02776 3.89507 0.03894 100.01843 -0.00000003994010899788
66200 80.02729 3.89494 0.03894 100.01766 -0.00000002206202376343
66300 80.02532 3.89458 0.03894 100.01606 -0.00000004424618316179
66400 80.02312 3.89401 0.03893 100.01398 -0.00000003310536422774
66500 80.02310 3.89344 0.03893 100.01532 0.00000000233239605407
66600 80.02495 3.89338 0.03893 100.01574 -0.00000000685358125807
66700 80.02441 3.89371 0.03893 100.01525 -0.00000001272642213834
66800 80.02669 3.89419 0.03894 100.01606 -0.00000000185370030437
66900 80.02447 3.89376 0.03893 100.01260 -0.00000000200179339771
67000 80.02299 3.89397 0.03894 100.01109 -0.00000003089782607546
67100 80.02340 3.89461 0.03894 100.01255 0.00000000159622937090
67200 80.02329 3.89416 0.03894 100.01188 0.00000001475170519072
67300 80.01846 3.89272 0.03892 100.00899 -0.00000000524094101451
67400 80.01781 3.89283 0.03893 100.00810 -0.00000002294159706651
67500 80.01935 3.89325 0.03893 100.00961 -0.00000000806205235904
67600 80.01932 3.89348 0.03893 100.00963 0.00000000979088099484
67700 80.02071 3.89328 0.03893 100.01030 0.00000000573605651866
67800 80.02122 3.89314 0.03893 100.01066 -0.00000000720188308989
67900 80.02454 3.89433 0.03894 100.01267 -0.00000001222187329120
68000 80.02384 3.89391 0.03893 100.01175 -0.00000003924358793483
68100 80.02424 3.89418 0.03894 100.01266 -0.00000001333435406536
68200 80.02471 3.89420 0.03894 100.01314 -0.00000000268588085106
68300 80.02828 3.89536 0.03895 100.01539 0.00000000675450895216
68400 80.02885 3.89499 0.03894 100.01490 0.00000000304211811297
68500 80.02854 3.89457 0.03894 100.01553 -0.00000001195769039342
68600 80.02792 3.89451 0.03894 100.01535 -0.00000004151249388684
68700 80.02723 3.89449 0.03894 100.01712 -0.00000003643192059144
68800 80.02627 3.89370 0.03893 100.01519 -0.00000001716077413505
68900 80.03046 3.89449 0.03894 100.01862 -0.00000001875562194442
69000 80.03380 3.89518 0.03894 100.02055 -0.00000001746925315516
69100 80.03509 3.89599 0.03895 100.01970 -0.00000003028642892033
69200 80.03483 3.89574 0.03895 100.01986 -0.00000003393517866712
69300 80.03503 3.89561 0.03895 100.02166 -0.00000002502555584982
69400 80.03230 3.89462 0.03894 100.01948 -0.00000001864486876002
69500 80.03245 3.89455 0.03894 100.01945 -0.00000001370645552612
69600 80.03327 3.89458 0.03894 100.02066 -0.00000000408270706131
69700 80.03500 3.89438 0.03894 100.02059 -0.00000002221409367564
69800 80.03489 3.89448 0.03894 100.02299 -0.00000004489425853293
69900 80.03634 3.89453 0.03894 100.02471 -0.00000003689339411750
70000 80.03759 3.89477 0.03894 100.02570 -0.00000002966804890647
70100 80.03890 3.89456 0.03893 100.02805 -0.00000003947076976374
70200 80.04047 3.89517 0.03894 100.02969 -0.00000002909742269352
70300 80.04127 3.89660 0.03895 100.03223 -0.00000001253012582580
70400 80.03839 3.89598 0.03895 100.03168 -0.00000000389062471129
70500 80.03810 3.89576 0.03895 100.02919 -0.00000001585866238329
70600 80.03753 3.89529 0.03894 100.02894 -0.00000002332194704024
70700 80.03885 3.89631 0.03895 100.02839 -0.00000001730613075068
70800 80.03951 3.89649 0.03895 100.02990 -0.00000000645227427043
70900 80.04055 3.89697 0.03896 100.03059 0.00000000211515116533
71000 80.04173 3.89709 0.03896 100.02983 -0.00000001300796448334
71100 80.04263 3.89734 0.03896 100.02759 -0.00000000542735056897
71200 80.04164 3.89687 0.03896 100.02792 -0.00000000004070166426
71300 80.04118 3.89707 0.03896 100.02762 -0.00000001712948138888
71400 80.04453 3.89783 0.03897 100.02971 -0.00000003658528235917
71500 80.04353 3.89748 0.03896 100.02936 -0.00000001432405216661
71600 80.04027 3.89669 0.03896 100.02677 0.00000000322045545786
71700 80.03777 3.89594 0.03895 100.02471 -0.00000000519544318678
71800 80.03713 3.89528 0.03894 100.02383 -0.00000002922594566357
71900 80.03684 3.89482 0.03894 100.02498 -0.00000002455610204066
72000 80.03775 3.89592 0.03895 100.02644 -0.00000001926157544574
72100 80.03641 3.89624 0.03895 100.02616 -0.00000002685197841856
72200 80.03778 3.89616 0.03895 100.02752 -0.00000002464217807585
72300 80.03623 3.89535 0.03894 100.02542 -0.00000002796286846518
72400 80.03686 3.89518 0.03894 100.02580 -0.00000001575281372013
72500 80.03425 3.89471 0.03894 100.02411 -0.00000002549901045867
72600 80.03131 3.89400 0.03893 100.02168 -0.00000003542574988913
72700 80.03286 3.89505 0.03894 100.02271 -0.00000003436003792601
72800 80.03475 3.89601 0.03895 100.02424 -0.00000004300319345063
72900 80.03496 3.89620 0.03895 100.02450 -0.00000004532266206780
73000 80.03681 3.89628 0.03895 100.02566 -0.00000004955550458874
73100 80.03615 3.89578 0.03895 100.02447 -0.00000005552577864165
73200 80.03699 3.89592 0.03895 100.02512 -0.00000007057691808754
73300 80.03529 3.89560 0.03895 100.02392 -0.00000005829326088502
73400 80.03291 3.89490 0.03894 100.02223 -0.00000006664036522608
73500 80.03271 3.89457 0.03894 100.02235 -0.00000007335104790229
73600 80.03072 3.89456 0.03894 100.02151 -0.00000007969830351229
73700 80.02749 3.89431 0.03894 100.01934 -0.00000008645745896985
73800 80.02919 3.89470 0.03894 100.02203 -0.00000011668706356716
73900 80.02731 3.89421 0.03893 100.02242 -0.00000014387334656973
74000 80.02770 3.89445 0.03894 100.02174 -0.00000015402463526826
74100 80.02828 3.89438 0.03894 100.02059 -0.00000015922569573945
74200 80.02790 3.89412 0.03893 100.02038 -0.00000014481219112739
74300 80.02905 3.89441 0.03894 100.02280 -0.00000016012493464501
74400 80.02824 3.89389 0.03893 100.02251 -0.00000017522914275148
74500 80.02653 3.89413 0.03893 100.02161 -0.00000014487158939147
74600 80.02387 3.89376 0.03893 100.01871 -0.00000017414486652712
74700 80.02377 3.89383 0.03893 100.01748 -0.00000015514507500924
74800 80.02406 3.89390 0.03893 100.01743 -0.00000013534793330550
74900 80.02585 3.89453 0.03894 100.01845 -0.00000010930376603824
75000 80.02239 3.89351 0.03893 100.01629 -0.00000006471680125131
75100 80.02216 3.89353 0.03893 100.01593 -0.00000009961073388354
75200 80.02198 3.89336 0.03893 100.01609 -0.00000008846796140105
75300 80.02375 3.89430 0.03894 100.01691 -0.00000013667009390872
75400 80.02090 3.89383 0.03893 100.01577 -0.00000006568616717217
75500 80.02303 3.89451 0.03894 100.01683 -0.00000003741942311564
75600 80.01950 3.89341 0.03893 100.01500 -0.00000005618965559506
75700 80.01868 3.89320 0.03893 100.01509 -0.00000011756770579296
75800 80.01822 3.89275 0.03892 100.01398 -0.00000012495023149484
75900 80.01974 3.89275 0.03892 100.01469 -0.00000010056531563052
76000 80.01916 3.89242 0.03892 100.01516 -0.00000013829850420422
76100 80.02060 3.89268 0.03892 100.01668 -0.00000010194748378822
76200 80.02003 3.89273 0.03892 100.01505 -0.00000007176857907965
76300 80.02183 3.89335 0.03893 100.01659 -0.00000010604584277374
76400 80.02280 3.89342 0.03893 100.01695 -0.00000012503624402527
76500 80.02280 3.89292 0.03892 100.01540 -0.00000011844433611685
76600 80.02362 3.89261 0.03892 100.01563 -0.00000011712867298286
76700 80.02346 3.89291 0.03892 100.01533 -0.00000012586841080520
76800 80.02403 3.89297 0.03892 100.01682 -0.00000013221212791237
76900 80.02203 3.89256 0.03892 100.01640 -0.00000015217062321327
77000 80.02397 3.89304 0.03892 100.01697 -0.00000013289820577356
77100 80.02372 3.89285 0.03892 100.01815 -0.00000016486403575655
77200 80.02380 3.89280 0.03892 100.01826 -0.00000018875075324942
77300 80.02367 3.89263 0.03892 100.01897 -0.00000016303108907323
77400 80.02291 3.89255 0.03892 100.01745 -0.00000017185608314207
77500 80.02382 3.89247 0.03892 100.01721 -0.00000015333843883525
77600 80.02361 3.89208 0.03891 100.01594 -0.00000014995819475061
77700 80.02349 3.89163 0.03891 100.01557 -0.00000010961124896625
77800 80.02226 3.89124 0.03891 100.01450 -0.00000011467114990893
77900 80.02197 3.89138 0.03891 100.01433 -0.00000009453509353108
78000 80.02092 3.89111 0.03891 100.01423 -0.00000010903229918924
78100 80.02049 3.89086 0.03890 100.01254 -0.00000012683367778266
78200 80.02033 3.89114 0.03891 100.01289 -0.00000010259312643868
78300 80.02083 3.89135 0.03891 100.01307 -0.00000011707738822864
78400 80.02095 3.89172 0.03891 100.01204 -0.00000012591684805940
78500 80.02234 3.89241 0.03892 100.01366 -0.00000009989947358235
78600 80.02409 3.89342 0.03893 100.01433 -0.00000011433359370372
78700 80.02231 3.89317 0.03893 100.01282 -0.00000008585473931788
78800 80.02071 3.89253 0.03892 100.01157 -0.00000007799335444147
78900 80.01988 3.89175 0.03891 100.01037 -0.00000007514718403101
79000 80.01975 3.89194 0.03892 100.01080 -0.00000009291151892299
79100 80.01995 3.89174 0.03891 100.00956 -0.00000010811992234849
79200 80.02102 3.89164 0.03891 100.00986 -0.00000005281916592992
79300 80.01964 3.89139 0.03891 100.00885 -0.00000007390798018037
79400 80.01673 3.89064 0.03890 100.00849 -0.00000015817962584208
79500 80.01867 3.89086 0.03890 100.00966 -0.00000015222036786611
79600 80.01959 3.89083 0.03890 100.00999 -0.00000011095969210118
79700 80.02104 3.89141 0.03891 100.00966 -0.00000009500042708055
79800 80.02135 3.89100 0.03891 100.00975 -0.00000012732029874840
79900 80.02148 3.89115 0.03891 100.00945 -0.00000007380647426558
80000 80.02556 3.89310 0.03893 100.01044 -0.00000003603534137753
80100 80.02339 3.89291 0.03893 100.00963 -0.00000001690537576593
80200 80.02428 3.89352 0.03893 100.01006 -0.00000001902582180691
80300 80.02415 3.89324 0.03893 100.01213 -0.00000001276937711125
80400 80.02583 3.89453 0.03894 100.01306 0.00000000353058471347
80500 80.02771 3.89499 0.03894 100.01393 0.00000007048863404080
80600 80.02759 3.89522 0.03895 100.01362 0.00000011059707860639
80700 80.02735 3.89462 0.03894 100.01408 0.00000011757237938781
80800 80.02631 3.89469 0.03894 100.01401 0.00000012948892713638
80900 80.02600 3.89445 0.03894 100.01363 0.00000011999682492103
81000 80.02731 3.89512 0.03895 100.01348 0.00000017091880888387
81100 80.02590 3.89527 0.03895 100.01196 0.00000015399309827302
81200 80.02628 3.89564 0.03895 100.01202 0.00000012176032182509
81300 80.02835 3.89624 0.03896 100.01405 0.00000006562871757154
81400 80.02989 3.89664 0.03896 100.01527 0.00000005115857915072
81500 80.02923 3.89643 0.03896 100.01610 0.00000006832379861876
81600 80.03113 3.89714 0.03896 100.01935 0.00000009137064971299
81700 80.03228 3.89732 0.03896 100.02120 0.00000006871869207004
81800 80.03271 3.89760 0.03897 100.02170 0.00000006851590761414
81900 80.03300 3.89762 0.03897 100.02259 0.00000008847705146309
82000 80.03166 3.89760 0.03897 100.02222 0.00000009806803280554
82100 80.03150 3.89730 0.03896 100.02214 0.00000010271818196017
82200 80.03044 3.89802 0.03897 100.02225 0.00000010138945016891
82300 80.02993 3.89761 0.03897 100.02124 0.00000012167767993176
82400 80.02844 3.89723 0.03896 100.02058 0.00000010447207543507
82500 80.03054 3.89808 0.03897 100.02027 0.00000011778205122326
82600 80.03142 3.89852 0.03898 100.02218 0.00000011365674135178
82700 80.03237 3.89909 0.03898 100.02329 0.00000012990892228615
82800 80.02922 3.89864 0.03898 100.02024 0.00000015641679818046
82900 80.03039 3.89880 0.03898 100.02078 0.00000018779666133284
83000 80.02894 3.89842 0.03898 100.02034 0.00000018012801250578
83100 80.02992 3.89896 0.03898 100.02162 0.00000016445415518263
83200 80.03037 3.89900 0.03898 100.02179 0.00000012400028648329
83300 80.03148 3.89976 0.03899 100.02291 0.00000013217936745136
83400 80.03031 3.89928 0.03898 100.02169 0.00000012904796919955
83500 80.03117 3.89900 0.03898 100.02166 0.00000011411288802776
83600 80.02943 3.89883 0.03898 100.02053 0.00000013512860608245
83700 80.02915 3.89939 0.03899 100.02114 0.00000012065752041934
83800 80.02926 3.89966 0.03899 100.02242 0.00000007406783408825
83900 80.02758 3.89919 0.03898 100.02198 0.00000010169107911295
84000 80.02762 3.89864 0.03898 100.02129 0.00000008508926541140
84100 80.02706 3.89811 0.03897 100.02063 0.00000007836857118804
84200 80.02717 3.89854 0.03898 100.01931 0.00000005686298543139
84300 80.02582 3.89761 0.03897 100.01786 0.00000007422684022984
84400 80.02849 3.89856 0.03898 100.02026 0.00000007980475391633
84500 80.02835 3.89868 0.03898 100.01961 0.00000006960058795968
84600 80.02836 3.89887 0.03898 100.02089 0.00000007289341885652
84700 80.02979 3.89895 0.03898 100.02110 0.00000004914625906238
84800 80.02997 3.89946 0.03899 100.02225 0.00000004935176267651
84900 80.02894 3.89950 0.03899 100.02086 0.00000006800051410849
85000 80.02899 3.89920 0.03898 100.01992 0.00000008456661948486
85100 80.02608 3.89881 0.03898 100.01743 0.00000005168401528977
85200 80.02681 3.89863 0.03898 100.01879 -0.00000001385244896568
85300 80.02776 3.89882 0.03898 100.01909 -0.00000006257476981020
85400 80.02858 3.90016 0.03899 100.02095 -0.00000006114220729714
85500 80.02912 3.90010 0.03899 100.02149 -0.00000005033673877719
85600 80.02871 3.90011 0.03899 100.02228 -0.00000001375915115176
85700 80.02670 3.89934 0.03899 100.02011 -0.00000002895039141748
85800 80.02722 3.89924 0.03898 100.02045 -0.00000009289603308815
85900 80.02672 3.89904 0.03898 100.02009 -0.00000011639573616051
86000 80.02830 3.89988 0.03899 100.02115 -0.00000011357175067062
86100 80.02815 3.90051 0.03900 100.02167 -0.00000014157572048035
86200 80.02736 3.90024 0.03899 100.02130 -0.00000009375656784272
86300 80.02598 3.90062 0.03900 100.02045 -0.00000005616142262355
86400 80.02564 3.90031 0.03899 100.02153 -0.00000004908911188650
86500 80.02539 3.90038 0.03899 100.02286 -0.00000006325887325076
86600 80.02515 3.90021 0.03899 100.02204 -0.00000007034927795857
86700 80.02598 3.90026 0.03899 100.02386 -0.00000011333636829036
86800 80.02620 3.90036 0.03899 100.02346 -0.00000008964497322239
86900 80.02742 3.90050 0.03900 100.02496 -0.00000007907404642182
87000 80.02450 3.89987 0.03899 100.02275 -0.00000007723115746927
87100 80.02333 3.89944 0.03899 100.02320 -0.00000008736455558989
87200 80.02448 3.89971 0.03899 100.02329 -0.00000005797601243529
87300 80.02561 3.89984 0.03899 100.02364 -0.00000003715850249719
87400 80.02633 3.90021 0.03899 100.02457 -0.00000006085592696436
87500 80.02594 3.90001 0.03899 100.02306 -0.00000010017442164667
87600 80.02529 3.89999 0.03899 100.02410 -0.00000007168532389912
87700 80.02517 3.89975 0.03899 100.02436 -0.00000003256312774980
87800 80.02650 3.89995 0.03899 100.02556 -0.00000002474422267085
87900 80.02762 3.90026 0.03899 100.02666 0.00000000090534468811
88000 80.02635 3.89963 0.03899 100.02623 -0.00000001736311006084
88100 80.02589 3.89950 0.03898 100.02680 0.00000002609721372338
88200 80.02647 3.89993 0.03899 100.02679 0.00000003553855254523
88300 80.02722 3.89985 0.03899 100.02704 0.00000001879648081626
88400 80.02696 3.89963 0.03899 100.02724 -0.00000001597301180212
88500 80.02631 3.89954 0.03898 100.02740 0.00000001607963184824
88600 80.02698 3.89987 0.03899 100.02932 0.00000001583120035065
88700 80.02737 3.90004 0.03899 100.03037 0.00000001163582163954
88800 80.02875 3.89978 0.03899 100.03132 0.00000001277581107573
88900 80.02979 3.90008 0.03899 100.03282 0.00000000175480074915
89000 80.02822 3.89970 0.03898 100.03351 -0.00000002717244829142
89100 80.02724 3.89922 0.03898 100.03327 -0.00000002316949476722
89200 80.02855 3.89926 0.03898 100.03540 -0.00000002353456052262
89300 80.02762 3.89907 0.03898 100.03511 -0.00000001246250525000
89400 80.02872 3.89939 0.03898 100.03631 -0.00000001754843159674
89500 80.03038 3.89964 0.03898 100.03771 -0.00000002550740907381
89600 80.03294 3.90081 0.03899 100.04060 -0.00000002705051738161
89700 80.03214 3.90048 0.03899 100.03960 -0.00000001793375892234
89800 80.03189 3.90052 0.03899 100.03882 -0.00000000946852773964
89900 80.03214 3.90066 0.03899 100.03968 -0.00000000650732889795
90000 80.03272 3.90092 0.03899 100.03921 -0.00000000767440599958
90100 80.03258 3.90059 0.03899 100.03829 -0.00000002161984280491
90200 80.03478 3.90117 0.03900 100.03904 -0.00000007072644780948
90300 80.03600 3.90142 0.03900 100.04023 -0.00000007231567167310
90400 80.03867 3.90226 0.03901 100.04169 -0.00000003432413819837
90500 80.03809 3.90195 0.03900 100.04160 -0.00000004699168076883
90600 80.03954 3.90195 0.03900 100.04083 -0.00000004360825966998
90700 80.04064 3.90211 0.03901 100.04032 -0.00000005379332401745
90800 80.04062 3.90216 0.03901 100.03976 -0.00000004648022988718
90900 80.04252 3.90263 0.03901 100.04207 -0.00000005065955521744
91000 80.04169 3.90272 0.03901 100.04153 -0.00000004756600491262
91100 80.04113 3.90268 0.03901 100.04173 -0.00000004851583668142
91200 80.04169 3.90301 0.03901 100.04178 -0.00000002624925876660
91300 80.04313 3.90314 0.03901 100.04347 -0.00000003985533458817
91400 80.04377 3.90305 0.03901 100.04476 -0.00000006938624741437
91500 80.04232 3.90254 0.03901 100.04278 -0.00000003118085922793
91600 80.04358 3.90308 0.03901 100.04391 -0.00000001085138956469
91700 80.04325 3.90283 0.03901 100.04474 -0.00000001395758619793
91800 80.04439 3.90321 0.03901 100.04548 -0.00000001010973704751
91900 80.04266 3.90312 0.03901 100.04421 -0.00000002646481567226
92000 80.04342 3.90295 0.03901 100.04397 -0.00000002772994012190
92100 80.04388 3.90310 0.03901 100.04393 0.00000000244024667140
92200 80.04598 3.90405 0.03902 100.04420 0.00000002022167544524
92300 80.04415 3.90367 0.03902 100.04470 0.00000001110306779850
92400 80.04481 3.90396 0.03902 100.04585 0.00000001597434318157
92500 80.04278 3.90346 0.03902 100.04476 0.00000005581568762736
92600 80.04297 3.90324 0.03902 100.04436 0.00000005443672357330
92700 80.04059 3.90270 0.03901 100.04124 0.00000007275032887222
92800 80.03865 3.90204 0.03900 100.04057 0.00000005833708183189
92900 80.03854 3.90235 0.03901 100.04124 0.00000006275529873534
93000 80.03929 3.90249 0.03901 100.04082 0.00000008910229132297
93100 80.03963 3.90261 0.03901 100.04057 0.00000011397866916951
93200 80.03782 3.90207 0.03901 100.04017 0.00000007102457111330
93300 80.03752 3.90181 0.03900 100.04140 0.00000004428785160826
93400 80.03627 3.90124 0.03900 100.04142 0.00000001054397147371
93500 80.03586 3.90104 0.03899 100.04043 0.00000000342214345750
93600 80.03707 3.90108 0.03899 100.04113 -0.00000003512279800333
93700 80.03768 3.90144 0.03900 100.04018 -0.00000007177275573866
93800 80.03719 3.90142 0.03900 100.04028 -0.00000006367404425944
93900 80.03654 3.90182 0.03900 100.03977 -0.00000005948550763080
94000 80.03632 3.90173 0.03900 100.03915 -0.00000005896391552795
94100 80.03663 3.90263 0.03901 100.04015 -0.00000003626617983699
94200 80.03603 3.90253 0.03901 100.04022 -0.00000003533459569383
94300 80.03483 3.90235 0.03901 100.03946 -0.00000001825766604568
94400 80.03606 3.90322 0.03902 100.03980 0.00000000863076321522
94500 80.03608 3.90371 0.03902 100.04012 0.00000000474924410909
94600 80.03673 3.90397 0.03902 100.04049 -0.00000002259528963933
94700 80.03661 3.90416 0.03903 100.04011 -0.00000000168458136329
94800 80.03653 3.90418 0.03903 100.04038 -0.00000004867732794622
94900 80.03562 3.90377 0.03902 100.04031 -0.00000004251649254883
95000 80.03541 3.90427 0.03903 100.04111 -0.00000009042543469562
95100 80.03584 3.90430 0.03903 100.04261 -0.00000007410388169760
95200 80.03643 3.90416 0.03902 100.04280 -0.00000008663342843107
95300 80.03783 3.90470 0.03903 100.04468 -0.00000011435047930775
95400 80.03823 3.90469 0.03903 100.04486 -0.00000011582432613011
95500 80.03800 3.90504 0.03903 100.04511 -0.00000014412009363696
95600 80.03818 3.90504 0.03903 100.04501 -0.00000017688619902145
95700 80.03831 3.90459 0.03903 100.04513 -0.00000018446931893124
95800 80.03678 3.90478 0.03903 100.04318 -0.00000018625989017806
95900 80.03768 3.90478 0.03903 100.04466 -0.00000019514271976107
96000 80.03827 3.90504 0.03903 100.04550 -0.00000016333633512389
96100 80.03725 3.90452 0.03903 100.04441 -0.00000020035234227223
96200 80.03806 3.90495 0.03903 100.04446 -0.00000023431963391829
96300 80.03701 3.90475 0.03903 100.04455 -0.00000025674395409681
96400 80.03636 3.90453 0.03903 100.04376 -0.00000025706122386282
96500 80.03651 3.90439 0.03903 100.04336 -0.00000025021730465369
96600 80.03550 3.90404 0.03902 100.04295 -0.00000024688053290589
96700 80.03579 3.90415 0.03902 100.04253 -0.00000027961001380916
96800 80.03502 3.90445 0.03903 100.04176 -0.00000030109828186298
96900 80.03451 3.90436 0.03903 100.04181 -0.00000034424873307515
97000 80.03532 3.90464 0.03903 100.04314 -0.00000033020914269599
97100 80.03358 3.90422 0.03903 100.04296 -0.00000034841966733978
97200 80.03439 3.90453 0.03903 100.04317 -0.00000039418247110845
97300 80.03437 3.90478 0.03903 100.04281 -0.00000035834000078339
97400 80.03260 3.90444 0.03903 100.04186 -0.00000040596001227300
97500 80.03173 3.90395 0.03902 100.03965 -0.00000038823937886789
97600 80.03259 3.90437 0.03903 100.04101 -0.00000037387275275691
97700 80.03415 3.90482 0.03903 100.04194 -0.00000043548318107156
97800 80.03443 3.90476 0.03903 100.04151 -0.00000041117900062559
97900 80.03430 3.90460 0.03903 100.04112 -0.00000043169862262715
98000 80.03440 3.90492 0.03903 100.04198 -0.00000041880412249284
98100 80.03306 3.90432 0.03903 100.03962 -0.00000042864350868754
98200 80.03074 3.90423 0.03903 100.03831 -0.00000039419431896448
98300 80.03118 3.90432 0.03903 100.03875 -0.00000039760912651232
98400 80.03133 3.90417 0.03903 100.03754 -0.00000036970226346966
98500 80.03196 3.90415 0.03903 100.03842 -0.00000037972925381879
98600 80.03269 3.90446 0.03903 100.03884 -0.00000036747399967396
98700 80.03058 3.90448 0.03903 100.03681 -0.00000037130262908747
98800 80.03142 3.90473 0.03903 100.03784 -0.00000040141237800384
98900 80.03165 3.90478 0.03903 100.03752 -0.00000038893706522103
99000 80.03085 3.90441 0.03903 100.03700 -0.00000035407528553577
99100 80.03155 3.90492 0.03903 100.03742 -0.00000037036303357496
99200 80.03252 3.90500 0.03904 100.03764 -0.00000040940942458434
99300 80.03253 3.90502 0.03904 100.03734 -0.00000042402893507543
99400 80.03224 3.90468 0.03903 100.03602 -0.00000041832032193767
99500 80.03224 3.90484 0.03903 100.03607 -0.00000042902435115622
99600 80.03193 3.90463 0.03903 100.03563 -0.00000042989962523166
99700 80.03385 3.90529 0.03904 100.03702 -0.00000049396622348041
99800 80.03125 3.90464 0.03903 100.03601 -0.00000051350309737686
99900 80.03150 3.90523 0.03904 100.03716 -0.00000049468082918835
100000 80.03022 3.90468 0.03903 100.03734 -0.00000052946093243023
