#Arquivo Dados/ColetaTotal80.txt 
#Parâmetros(Ocupação: 80.00%, Capacidade: 441000.000 bps)
#Coleta|Ocupação|E(n)|E(w)|lambda|Little

100 77.81642 3.65646 0.03713 98.48000 0.00000000000837463432
200 79.23320 4.04284 0.04068 99.39000 -0.00000000005097788858
300 79.68665 4.17404 0.04173 100.01333 -0.00000000012115464187
400 80.24567 4.18470 0.04178 100.15500 -0.00000000000841016146
500 79.93934 4.30820 0.04307 100.03600 0.00000000003073452604
600 79.92825 4.59775 0.04604 99.85667 -0.00000000009573941639
700 79.86467 4.69033 0.04702 99.75143 -0.00000000013208012462
800 80.13308 5.09917 0.05099 100.00625 -0.00000000025277646643
900 80.03358 5.58660 0.05594 99.86778 -0.00000000043216363821
1000 80.03450 5.95301 0.05958 99.91400 -0.00000000003571187790
1100 79.85806 6.25826 0.06272 99.78000 0.00000000027200730557
1200 79.76906 6.91695 0.06937 99.70833 -0.00000000018971313409
1300 79.78389 7.80312 0.07818 99.80615 -0.00000000006276401621
1400 79.72089 8.53790 0.08558 99.76357 0.00000000000875211015
1500 79.69096 9.18649 0.09213 99.71200 -0.00000000038847325357
1600 79.81728 9.48606 0.09513 99.71875 -0.00000000120262733105
1700 79.96354 9.37928 0.09404 99.74000 -0.00000000174535941255
1800 80.03581 9.21116 0.09232 99.77111 -0.00000000198562943865
1900 79.98370 8.97590 0.08994 99.79368 -0.00000000209850625765
2000 79.88484 8.91486 0.08940 99.71650 -0.00000000226319230023
2100 79.86426 8.98894 0.09016 99.70286 -0.00000000223370655306
2200 79.83567 9.07028 0.09096 99.72273 -0.00000000224465601661
2300 79.86570 9.28803 0.09315 99.70696 -0.00000000107040065700
2400 79.86388 9.60992 0.09640 99.69125 -0.00000000196136262787
2500 79.81802 9.99862 0.10034 99.65040 -0.00000000127660904070
2600 79.85693 10.38895 0.10420 99.70269 -0.00000000143185907575
2700 79.84142 10.87809 0.10915 99.65741 -0.00000000250009435376
2800 79.92369 11.48506 0.11522 99.67714 -0.00000000160427227058
2900 79.95320 12.21378 0.12246 99.73759 -0.00000000145351997105
3000 80.00834 12.87757 0.12906 99.77833 -0.00000000117190523952
3100 80.01849 13.49646 0.13528 99.77000 -0.00000000165373670313
3200 80.03679 14.15433 0.14183 99.80125 -0.00000000168762603892
3300 80.00434 14.70291 0.14736 99.77879 -0.00000000024713209257
3400 80.09865 15.23854 0.15265 99.82794 -0.00000000165353597481
3500 80.11090 15.73447 0.15763 99.81971 0.00000000010619949364
3600 80.09604 16.31566 0.16343 99.83139 0.00000000059250382378
3700 80.11937 17.03589 0.17060 99.85919 0.00000000054240700820
3800 80.15106 17.71589 0.17733 99.90211 0.00000000113248432854
3900 80.15030 18.33423 0.18352 99.90205 0.00000000041184833321
4000 80.12415 18.96518 0.18992 99.85675 0.00000000074805583949
4100 80.12744 19.43537 0.19463 99.85902 0.00000000081813311681
4200 80.14358 19.76172 0.19791 99.85095 -0.00000000119214504934
4300 80.14344 20.07487 0.20110 99.82465 -0.00000000203808170340
4400 80.15581 20.44062 0.20476 99.82841 -0.00000000097279695410
4500 80.13066 20.80123 0.20839 99.81644 -0.00000000106787823029
4600 80.14562 21.19592 0.21229 99.84435 -0.00000000143611345038
4700 80.16171 21.60565 0.21637 99.85596 -0.00000000156191148903
4800 80.16598 22.03257 0.22069 99.83604 -0.00000000392275367744
4900 80.15003 22.48352 0.22519 99.84041 -0.00000000570734570715
5000 80.14436 22.96064 0.22995 99.84900 -0.00000000408608968883
5100 80.08405 23.38740 0.23426 99.83353 -0.00000000398938126978
5200 80.08469 23.81816 0.23853 99.85596 -0.00000000182442860819
5300 80.08359 24.30855 0.24350 99.82962 -0.00000000151430157302
5400 80.05415 24.80359 0.24852 99.80444 -0.00000000315086978731
5500 80.04738 25.25783 0.25305 99.81509 -0.00000000544897460486
5600 80.08185 25.76880 0.25807 99.85286 -0.00000000451482051744
5700 80.10083 26.31108 0.26346 99.86561 -0.00000000533957589255
5800 80.08678 26.82242 0.26862 99.85328 -0.00000000503622032966
5900 80.07178 27.35020 0.27386 99.86763 -0.00000000646637587920
6000 80.04208 27.87241 0.27915 99.84917 -0.00000000709889036443
6100 80.04062 28.41261 0.28455 99.85230 -0.00000000383703024909
6200 80.04552 28.98505 0.29020 99.87871 -0.00000000559639445896
6300 80.05727 29.52427 0.29555 99.89444 -0.00000000463743532464
6400 80.07065 30.06746 0.30102 99.88547 -0.00000000618916118356
6500 80.05076 30.59729 0.30637 99.86923 -0.00000000611427353192
6600 80.05773 31.13958 0.31171 99.90030 -0.00000000926009491309
6700 80.08052 31.64006 0.31668 99.91030 -0.00000000688000056925
6800 80.10230 31.98377 0.31999 99.95132 -0.00000000940380573411
6900 80.10146 32.30310 0.32320 99.94884 -0.00000001232930912920
7000 80.09933 32.57242 0.32590 99.94529 -0.00000001452819731185
7100 80.10510 32.81455 0.32830 99.95254 -0.00000001018638329242
7200 80.10907 33.09347 0.33104 99.96833 -0.00000000911332875830
7300 80.10325 33.43714 0.33449 99.96466 -0.00000000864551452651
7400 80.10682 33.86683 0.33875 99.97608 -0.00000000649738041147
7500 80.10961 34.34784 0.34354 99.98227 -0.00000000464479654738
7600 80.12695 34.81981 0.34818 100.00539 0.00000000048224535476
7700 80.13429 35.28824 0.35283 100.01403 0.00000000863641247406
7800 80.14128 35.73341 0.35724 100.02500 0.00000000676892852880
7900 80.14996 36.14813 0.36137 100.03127 0.00000000520152809713
8000 80.16246 36.59743 0.36581 100.04450 0.00000000317680104445
8100 80.18679 37.06769 0.37040 100.07370 0.00000000700964619682
8200 80.18421 37.53919 0.37510 100.07744 0.00000000248492426635
8300 80.16957 38.00298 0.37980 100.06084 0.00000000131318955710
8400 80.14933 38.41054 0.38393 100.04667 0.00000000003203837196
8500 80.13049 38.73906 0.38722 100.04318 0.00000000092083496384
8600 80.13456 39.07516 0.39059 100.04209 -0.00000000122418697401
8700 80.13665 39.44160 0.39429 100.03103 -0.00000000636693897604
8800 80.13910 39.85547 0.39841 100.03625 -0.00000000655645493453
8900 80.14439 40.26430 0.40249 100.03910 -0.00000000477273687238
9000 80.14488 40.71236 0.40694 100.04611 -0.00000000304157765640
9100 80.14315 41.18927 0.41171 100.04473 -0.00000000172180136815
9200 80.14880 41.64851 0.41627 100.05228 -0.00000000257168153439
9300 80.12568 42.09054 0.42072 100.04484 0.00000000032176217246
9400 80.10788 42.49250 0.42472 100.04723 0.00000000054840398889
9500 80.11626 42.87220 0.42850 100.05189 -0.00000000367099062260
9600 80.11332 43.26026 0.43237 100.05281 -0.00000000712685022108
9700 80.09684 43.63140 0.43609 100.05186 -0.00000000782691245149
9800 80.09292 43.99667 0.43977 100.04378 -0.00000000936601196599
9900 80.11483 44.37653 0.44349 100.06222 -0.00000000365430707916
10000 80.11974 44.74781 0.44717 100.06790 -0.00000000359158036645
10100 80.13360 44.93201 0.44897 100.07901 -0.00000001177895114779
10200 80.13802 45.11550 0.45083 100.07176 -0.00000000962839408203
10300 80.14971 45.28127 0.45244 100.08184 -0.00000001163426333051
10400 80.14484 45.46383 0.45430 100.07442 -0.00000000999450122663
10500 80.15020 45.66191 0.45626 100.07838 -0.00000001302615970644
10600 80.13820 45.80072 0.45770 100.06755 -0.00000001800749771519
10700 80.13333 45.97308 0.45943 100.06542 -0.00000001405773986107
10800 80.12665 46.02144 0.45995 100.05796 -0.00000001567139662484
10900 80.12002 46.05955 0.46035 100.05376 -0.00000001941558025464
11000 80.11758 46.08338 0.46060 100.05118 -0.00000001919379144510
11100 80.09812 46.10013 0.46086 100.03171 -0.00000002335730897585
11200 80.09153 46.12117 0.46106 100.03393 -0.00000002516566866007
11300 80.09357 46.14854 0.46134 100.03159 -0.00000002525613496118
11400 80.09077 46.19461 0.46182 100.02825 -0.00000002522593689491
11500 80.08875 46.24815 0.46236 100.02652 -0.00000002234710194671
11600 80.09805 46.29138 0.46270 100.04560 -0.00000002706136825736
11700 80.09789 46.29695 0.46273 100.05137 -0.00000002903809104282
11800 80.09728 46.29711 0.46278 100.04119 -0.00000003067130904810
11900 80.09775 46.27509 0.46257 100.03933 -0.00000003542641735521
12000 80.09699 46.21912 0.46205 100.02983 -0.00000003245005331109
12100 80.10456 46.17776 0.46159 100.04008 -0.00000002933619214218
12200 80.10737 46.14588 0.46127 100.04041 -0.00000003349702382138
12300 80.10114 46.13586 0.46119 100.03740 -0.00000003267602011192
12400 80.09382 46.14708 0.46129 100.03976 -0.00000003349287425181
12500 80.09944 46.17495 0.46157 100.03968 -0.00000003225448352850
12600 80.09655 46.17731 0.46160 100.03849 -0.00000003440559481760
12700 80.08835 46.15084 0.46138 100.02874 -0.00000003319878771890
12800 80.08102 46.08969 0.46081 100.01891 -0.00000003217132160671
12900 80.09053 46.04844 0.46039 100.02023 -0.00000003333771303460
13000 80.11255 46.03920 0.46021 100.03908 -0.00000003198744025212
13100 80.11298 46.03553 0.46019 100.03626 -0.00000003416862170980
13200 80.09714 46.02545 0.46013 100.02644 -0.00000004045213586323
13300 80.09242 46.01805 0.46002 100.03586 -0.00000004569226064177
13400 80.09281 46.00037 0.45985 100.03366 -0.00000004224930449936
13500 80.09214 45.98742 0.45975 100.02622 -0.00000004729853486651
13600 80.09384 45.98195 0.45969 100.02860 -0.00000004519924345914
13700 80.10178 45.99135 0.45976 100.03263 -0.00000003683436489155
13800 80.10221 46.03364 0.46020 100.03058 -0.00000003652601066051
13900 80.09455 46.08086 0.46066 100.03252 -0.00000004272470732758
14000 80.09594 46.13721 0.46125 100.02593 -0.00000003957028837931
14100 80.09467 46.13033 0.46118 100.02596 -0.00000003979679519261
14200 80.09532 46.16261 0.46149 100.02901 -0.00000003645310897582
14300 80.11155 46.20497 0.46185 100.04364 -0.00000004430589228832
14400 80.11057 46.24873 0.46233 100.03299 -0.00000004136799702792
14500 80.11646 46.28811 0.46270 100.03869 -0.00000003849012841783
14600 80.11233 46.35405 0.46338 100.03397 -0.00000004232851580355
14700 80.12089 46.45229 0.46432 100.04401 -0.00000004690304677979
14800 80.10897 46.55067 0.46532 100.04000 -0.00000004248288831832
14900 80.11878 46.63517 0.46614 100.04537 -0.00000004147251786435
15000 80.11848 46.69903 0.46679 100.04287 -0.00000004372613204850
15100 80.11794 46.70227 0.46679 100.04947 -0.00000003869728715244
15200 80.11625 46.72289 0.46698 100.05421 -0.00000003732564834991
15300 80.11952 46.76210 0.46736 100.05654 -0.00000003237749268692
15400 80.11986 46.80061 0.46778 100.04903 -0.00000002598970638701
15500 80.12050 46.80114 0.46775 100.05548 -0.00000002241547747417
15600 80.11984 46.81771 0.46796 100.04558 -0.00000001556424678029
15700 80.11978 46.83171 0.46809 100.04892 -0.00000001613311439996
15800 80.11965 46.86659 0.46846 100.04361 -0.00000001277459205085
15900 80.13045 46.91794 0.46897 100.04428 -0.00000000686597445565
16000 80.13320 46.99441 0.46972 100.04762 -0.00000000742381445207
16100 80.13730 47.08589 0.47064 100.04590 -0.00000000703391123125
16200 80.13447 47.18714 0.47165 100.04605 -0.00000000942687705674
16300 80.14281 47.31263 0.47290 100.04699 -0.00000000581287196155
16400 80.13924 47.45761 0.47435 100.04829 -0.00000000796939758629
16500 80.13591 47.62535 0.47605 100.04212 -0.00000000675849065601
16600 80.13357 47.80331 0.47785 100.03831 -0.00000001450288777960
16700 80.13465 47.99796 0.47977 100.04467 -0.00000001734510135520
16800 80.13458 48.20215 0.48180 100.04637 -0.00000001530265336669
16900 80.13961 48.39200 0.48366 100.05278 -0.00000001205219035683
17000 80.14106 48.58851 0.48565 100.04853 -0.00000000045481129973
17100 80.14945 48.79104 0.48762 100.05965 0.00000000132380506557
17200 80.14778 48.97641 0.48948 100.05744 -0.00000000877387407172
17300 80.15136 49.17096 0.49143 100.05647 -0.00000001187610365605
17400 80.14263 49.35544 0.49330 100.05178 -0.00000001271656913104
17500 80.13838 49.53859 0.49516 100.04491 -0.00000000913271236413
17600 80.13354 49.72704 0.49711 100.03267 -0.00000000810341305169
17700 80.13679 49.94823 0.49930 100.03610 0.00000000027711877237
17800 80.14521 50.17177 0.50150 100.04365 0.00000000601610139483
17900 80.14382 50.38728 0.50365 100.04497 0.00000001056165643831
18000 80.12798 50.61067 0.50592 100.03606 0.00000001144972827660
18100 80.13191 50.84551 0.50824 100.04326 0.00000000246060238851
18200 80.12938 51.07272 0.51052 100.04082 0.00000000339603190014
18300 80.10884 51.32221 0.51311 100.02093 0.00000000802401700639
18400 80.11105 51.58784 0.51578 100.01951 0.00000000530615551497
18500 80.10419 51.85289 0.51842 100.02103 0.00000000359040797093
18600 80.11920 52.09892 0.52084 100.02812 0.00000000085727691612
18700 80.11465 52.31923 0.52306 100.02524 0.00000000318843262903
18800 80.11154 52.53100 0.52515 100.03043 0.00000000127980115394
18900 80.11284 52.73248 0.52716 100.03095 0.00000000016257217794
19000 80.10729 52.91692 0.52902 100.02874 -0.00000000238698305566
19100 80.11425 53.09659 0.53078 100.03565 -0.00000000274991407423
19200 80.11276 53.16255 0.53146 100.03141 -0.00000000224959961770
19300 80.12161 52.93470 0.52917 100.03254 -0.00000000369151109680
19400 80.11878 52.68978 0.52674 100.02938 0.00000000376299880145
19500 80.12023 52.46697 0.52450 100.03267 -0.00000000103742792135
19600 80.12339 52.26230 0.52245 100.03316 0.00000001131362381557
19700 80.12570 52.06542 0.52047 100.03594 0.00000000528603294470
19800 80.12707 51.88912 0.51870 100.03611 -0.00000000118227916346
19900 80.13272 51.72730 0.51707 100.03879 -0.00000000726656423922
20000 80.13608 51.57645 0.51556 100.03955 -0.00000001230522173046
20100 80.13129 51.43399 0.51416 100.03408 -0.00000000829213320230
20200 80.12199 51.30048 0.51287 100.02624 -0.00000001917315017863
20300 80.12010 51.16620 0.51155 100.02207 -0.00000001607872235354
20400 80.11450 51.04308 0.51032 100.02137 -0.00000001514587921747
20500 80.12017 50.93098 0.50920 100.02151 -0.00000000532187272029
20600 80.12698 50.83256 0.50820 100.02539 -0.00000000773488295636
20700 80.13218 50.71653 0.50699 100.03507 -0.00000000765305685491
20800 80.12879 50.55378 0.50539 100.02870 -0.00000000504373076637
20900 80.13197 50.36018 0.50347 100.02579 -0.00000000039853631506
21000 80.13825 50.15298 0.50138 100.02971 -0.00000000224729035381
21100 80.13355 49.93342 0.49924 100.01924 -0.00000000423345625222
21200 80.13113 49.71800 0.49710 100.01509 -0.00000000575475667119
21300 80.12603 49.50770 0.49501 100.01268 -0.00000000286677703798
21400 80.12869 49.30135 0.49290 100.02383 -0.00000000160995483611
21500 80.13382 49.11875 0.49104 100.03037 0.00000001030414864545
21600 80.13302 48.96583 0.48952 100.02731 0.00000000853852810678
21700 80.13499 48.84646 0.48832 100.02972 0.00000001230416302178
21800 80.12809 48.74378 0.48733 100.02307 0.00000001003249394671
21900 80.12206 48.61648 0.48608 100.01836 0.00000000977053105089
22000 80.11157 48.41123 0.48406 100.01091 0.00000000608522299217
22100 80.11069 48.21943 0.48212 100.01593 0.00000000323596083263
22200 80.11879 48.03927 0.48027 100.02568 -0.00000000284126855377
22300 80.11511 47.87873 0.47868 100.02345 0.00000000213258033455
22400 80.11509 47.74095 0.47730 100.02384 -0.00000000034115998915
22500 80.10794 47.61673 0.47609 100.01618 -0.00000000119044329949
22600 80.10401 47.48622 0.47479 100.01615 -0.00000000409335854101
22700 80.09817 47.35600 0.47349 100.01542 0.00000000631056451539
22800 80.09333 47.22216 0.47218 100.00947 -0.00000000305583824911
22900 80.09075 47.08067 0.47076 100.00987 -0.00000000260874344349
23000 80.09022 46.92879 0.46925 100.00757 -0.00000000000352429197
23100 80.08558 46.78346 0.46781 100.00580 0.00000000716700299108
23200 80.07502 46.65658 0.46657 99.99832 0.00000000455091964113
23300 80.07504 46.55308 0.46554 99.99794 0.00000000994444349089
23400 80.07017 46.45336 0.46456 99.99457 0.00000001336765365068
23500 80.07675 46.34440 0.46345 99.99974 0.00000001405360450235
23600 80.07583 46.21295 0.46213 100.00051 0.00000001700006180272
23700 80.07524 46.09597 0.46094 100.00401 0.00000002252623687582
23800 80.07092 45.99386 0.45991 100.00634 0.00000002171835689069
23900 80.06492 45.87381 0.45872 100.00301 0.00000002391864484252
24000 80.07092 45.70555 0.45703 100.00525 0.00000002205761262530
24100 80.07135 45.54674 0.45544 100.00647 0.00000001386282377780
24200 80.07017 45.39718 0.45394 100.00628 0.00000000469412242410
24300 80.07249 45.23949 0.45236 100.00864 0.00000001033085084146
24400 80.07872 45.09401 0.45089 100.01201 0.00000001231482826825
24500 80.08327 44.96792 0.44961 100.01624 0.00000000912245923246
24600 80.08007 44.85298 0.44846 100.01504 0.00000000784121567676
24700 80.07961 44.74973 0.44742 100.01733 0.00000001516129088941
24800 80.08016 44.66103 0.44653 100.01851 0.00000000043429793095
24900 80.08054 44.57912 0.44571 100.01771 -0.00000000080645889966
25000 80.07775 44.45097 0.44442 100.01960 -0.00000000487599294274
25100 80.07596 44.30964 0.44303 100.01422 -0.00000000488673634891
25200 80.07710 44.15509 0.44148 100.01560 -0.00000000580897108193
25300 80.07645 44.00880 0.44000 100.01889 -0.00000000361796281823
25400 80.07467 43.85993 0.43850 100.02358 -0.00000000698364033269
25500 80.06822 43.72713 0.43718 100.02059 -0.00000000456211779465
25600 80.06636 43.61955 0.43612 100.01844 -0.00000000091930729695
25700 80.07278 43.50967 0.43499 100.02385 -0.00000000153664103664
25800 80.07193 43.38412 0.43373 100.02543 -0.00000000254264165278
25900 80.06835 43.23155 0.43221 100.02417 -0.00000000643361630637
26000 80.06931 43.08341 0.43074 100.02115 -0.00000001393524939886
26100 80.06645 42.93815 0.42928 100.02291 -0.00000001534734650477
26200 80.06915 42.81375 0.42805 100.02099 -0.00000001277273042888
26300 80.07409 42.69461 0.42683 100.02635 -0.00000004135046793863
26400 80.07408 42.57820 0.42567 100.02530 -0.00000004429482203250
26500 80.07397 42.47519 0.42463 100.02887 -0.00000005657931723135
26600 80.07109 42.38604 0.42373 100.03150 -0.00000005434292660311
26700 80.06422 42.28804 0.42276 100.02966 -0.00000004950454268737
26800 80.05981 42.19078 0.42180 100.02646 -0.00000006275894293140
26900 80.06624 42.11503 0.42102 100.03134 -0.00000005636593414238
27000 80.06285 42.03047 0.42017 100.03126 -0.00000006491077897408
27100 80.06874 41.95354 0.41939 100.03402 -0.00000005439343198077
27200 80.06880 41.86720 0.41853 100.03390 -0.00000003900709089066
27300 80.07610 41.77007 0.41755 100.03520 -0.00000004042745160859
27400 80.07260 41.67244 0.41657 100.03609 -0.00000002962289613606
27500 80.07404 41.59208 0.41577 100.03596 -0.00000002887818340014
27600 80.07123 41.51036 0.41496 100.03533 -0.00000003503439671704
27700 80.07083 41.43715 0.41423 100.03401 -0.00000004219975835440
27800 80.07367 41.37167 0.41357 100.03543 -0.00000004396186881195
27900 80.07002 41.31075 0.41297 100.03341 -0.00000005702712968514
28000 80.06314 41.26116 0.41250 100.02646 -0.00000005667504154871
28100 80.06546 41.22674 0.41216 100.02520 -0.00000005910912648233
28200 80.06057 41.20915 0.41199 100.02447 -0.00000006281184283807
28300 80.05442 41.19501 0.41187 100.01989 -0.00000007254019607217
28400 80.05691 41.18643 0.41179 100.01701 -0.00000005993781115876
28500 80.06155 41.18440 0.41174 100.02435 -0.00000004409220366597
28600 80.05765 41.18992 0.41182 100.01829 -0.00000004400293818208
28700 80.05406 41.20559 0.41199 100.01704 -0.00000004172144940640
28800 80.05336 41.22741 0.41220 100.01878 -0.00000005266758762446
28900 80.05151 41.26323 0.41258 100.01287 -0.00000006107374872499
29000 80.04951 41.30834 0.41303 100.01266 -0.00000005764416499687
29100 80.04963 41.36281 0.41358 100.01175 -0.00000005619766341169
29200 80.04367 41.41481 0.41411 100.00901 -0.00000004504099848646
29300 80.04280 41.47621 0.41474 100.00427 -0.00000004852584822856
29400 80.04801 41.55038 0.41547 100.00844 -0.00000004099345574105
29500 80.04619 41.64062 0.41638 100.00529 -0.00000003103702539420
29600 80.04473 41.73653 0.41734 100.00530 -0.00000002042139612968
29700 80.04945 41.83090 0.41827 100.00970 -0.00000001334386467988
29800 80.04894 41.92435 0.41920 100.00936 -0.00000001472302812999
29900 80.04867 42.02325 0.42020 100.00709 -0.00000002286038380817
30000 80.05384 42.12376 0.42120 100.00937 -0.00000003290792705002
30100 80.05244 42.23098 0.42226 100.01266 -0.00000002751409056145
30200 80.04966 42.33917 0.42334 100.01139 -0.00000003471956233625
30300 80.04610 42.42251 0.42418 100.00977 -0.00000003133732917604
30400 80.04724 42.50978 0.42504 100.01378 -0.00000002724544145849
30500 80.05115 42.60738 0.42602 100.01282 -0.00000001509473435135
30600 80.05662 42.70212 0.42693 100.02023 -0.00000000557006529789
30700 80.05546 42.80043 0.42793 100.01801 0.00000000025880098065
30800 80.05740 42.90932 0.42903 100.01487 0.00000000438618030785
30900 80.05675 43.01902 0.43014 100.01081 0.00000001436007579514
31000 80.05571 43.13858 0.43134 100.01148 0.00000001693621953791
31100 80.05571 43.25900 0.43253 100.01289 0.00000000131381483470
31200 80.05034 43.38931 0.43384 100.01247 0.00000000183923276609
31300 80.04637 43.52954 0.43524 100.01227 -0.00000000606465277997
31400 80.04568 43.66743 0.43661 100.01500 0.00000000218489759618
31500 80.05147 43.80179 0.43796 100.01314 0.00000000253459830901
31600 80.05418 43.93506 0.43927 100.01826 0.00000000195015559257
31700 80.05679 44.08254 0.44074 100.02025 0.00000000141669431741
31800 80.05642 44.23493 0.44227 100.01692 0.00000000303685254721
31900 80.05961 44.37976 0.44370 100.02185 0.00000001270496596817
32000 80.06275 44.52573 0.44514 100.02719 0.00000002825198208711
32100 80.06458 44.68568 0.44673 100.02875 0.00000002538791932238
32200 80.06274 44.85560 0.44844 100.02668 0.00000002856776148974
32300 80.06327 45.03448 0.45022 100.02861 0.00000003336292309086
32400 80.06196 45.21293 0.45200 100.02827 0.00000003793235947569
32500 80.06259 45.39136 0.45377 100.03160 0.00000004067572234590
32600 80.06016 45.55845 0.45543 100.03298 0.00000003612770882455
32700 80.06256 45.73612 0.45723 100.02966 0.00000004210145476691
32800 80.06461 45.92559 0.45913 100.02701 0.00000003197877873617
32900 80.06695 45.94969 0.45935 100.03255 0.00000005206128150803
33000 80.06653 45.90614 0.45890 100.03421 0.00000005557905780051
33100 80.06707 45.86906 0.45853 100.03498 0.00000004268076736480
33200 80.06234 45.83296 0.45818 100.03259 0.00000004001461917369
33300 80.06385 45.80613 0.45791 100.03321 0.00000004495577599073
33400 80.06971 45.78547 0.45769 100.03701 0.00000004779512607911
33500 80.07217 45.75730 0.45739 100.03979 0.00000004636375194877
33600 80.07030 45.71168 0.45694 100.03854 0.00000004096714434354
33700 80.07042 45.65880 0.45641 100.03881 0.00000004427864297440
33800 80.07358 45.58220 0.45563 100.04320 0.00000002649873209748
33900 80.08036 45.47310 0.45449 100.05236 0.00000002660023312728
34000 80.08168 45.35608 0.45334 100.04891 0.00000003043142271508
34100 80.07654 45.23663 0.45215 100.04674 0.00000001846820651963
34200 80.07972 45.12029 0.45097 100.05123 0.00000001995863385673
34300 80.08269 45.00836 0.44985 100.05286 0.00000001243554237362
34400 80.08269 44.90138 0.44878 100.05163 0.00000000915832742976
34500 80.08440 44.80170 0.44777 100.05458 0.00000000994769777662
34600 80.08582 44.71013 0.44685 100.05662 0.00000001508329461331
34700 80.08861 44.60828 0.44583 100.05741 0.00000000873333050322
34800 80.09215 44.50719 0.44481 100.05776 0.00000000736569205628
34900 80.08837 44.41520 0.44389 100.05880 0.00000001146161565657
35000 80.08603 44.33779 0.44311 100.06006 0.00000000906484132202
35100 80.08381 44.26914 0.44243 100.05900 0.00000001320568543406
35200 80.08602 44.17130 0.44145 100.06065 0.00000001448043462915
35300 80.08723 44.06971 0.44042 100.06244 0.00000002010875732594
35400 80.08512 43.97960 0.43952 100.06229 0.00000001705588204004
35500 80.08698 43.89910 0.43871 100.06465 0.00000003004322479683
35600 80.08350 43.83468 0.43807 100.06334 0.00000002487681172170
35700 80.08744 43.78887 0.43759 100.06821 0.00000001557955897624
35800 80.08850 43.75264 0.43723 100.06816 0.00000000784342546467
35900 80.09001 43.72604 0.43695 100.07064 -0.00000000838172553586
36000 80.08714 43.70200 0.43672 100.06922 -0.00000002822164901772
36100 80.08579 43.67972 0.43650 100.06837 -0.00000002163228884910
36200 80.08366 43.66860 0.43640 100.06528 -0.00000001898516899246
36300 80.08095 43.65961 0.43632 100.06402 -0.00000001979348240866
36400 80.07745 43.64668 0.43619 100.06332 -0.00000001733152288352
36500 80.07831 43.63924 0.43611 100.06488 -0.00000001390328918660
36600 80.08724 43.64542 0.43614 100.07139 -0.00000000757059837042
36700 80.09142 43.65069 0.43618 100.07501 -0.00000000327258220523
36800 80.09302 43.62602 0.43594 100.07410 -0.00000001063720134198
36900 80.09329 43.52031 0.43487 100.07547 -0.00000001642667513124
37000 80.09278 43.41864 0.43386 100.07511 -0.00000002654895325804
37100 80.09124 43.31601 0.43284 100.07302 -0.00000002519032449300
37200 80.08492 43.21919 0.43187 100.07457 0.00000000925073351254
37300 80.08341 43.13900 0.43107 100.07534 0.00000000299510816149
37400 80.08156 43.06423 0.43032 100.07588 0.00000000752618234401
37500 80.07678 42.99877 0.42966 100.07720 -0.00000000279009526594
37600 80.07553 42.93852 0.42907 100.07457 -0.00000000344522277373
37700 80.07776 42.87666 0.42844 100.07570 -0.00000001149479089690
37800 80.07731 42.82572 0.42796 100.07056 -0.00000002967330203774
37900 80.07391 42.76765 0.42738 100.06918 -0.00000004388962793200
38000 80.06991 42.69969 0.42672 100.06508 -0.00000004676751075294
38100 80.06851 42.62944 0.42601 100.06572 -0.00000005784085743699
38200 80.06609 42.56573 0.42540 100.05955 -0.00000008685775299000
38300 80.06383 42.50716 0.42482 100.05963 -0.00000007338758223341
38400 80.06215 42.45359 0.42428 100.06109 -0.00000006058692036959
38500 80.06256 42.41215 0.42386 100.06158 -0.00000005038921102596
38600 80.06544 42.37651 0.42349 100.06516 -0.00000004444549261962
38700 80.06280 42.34824 0.42322 100.06127 -0.00000003441147100602
38800 80.06284 42.32783 0.42302 100.06216 -0.00000003316117869190
38900 80.05744 42.31232 0.42286 100.06337 -0.00000004672737929923
39000 80.05695 42.30150 0.42275 100.06236 -0.00000005272864456174
39100 80.05101 42.29648 0.42270 100.06238 -0.00000008558225061961
39200 80.05032 42.29645 0.42271 100.06133 -0.00000007288795700333
39300 80.04875 42.28442 0.42259 100.05947 -0.00000008841821852457
39400 80.04685 42.26143 0.42238 100.05665 -0.00000007624664277728
39500 80.04599 42.23706 0.42215 100.05238 -0.00000009211223073180
39600 80.04190 42.20886 0.42189 100.04765 -0.00000009142549117769
39700 80.03709 42.18063 0.42161 100.04730 -0.00000008895041503365
39800 80.03802 42.15549 0.42136 100.04676 -0.00000007027852433339
39900 80.03772 42.11247 0.42093 100.04734 -0.00000006410209607566
40000 80.03595 42.08012 0.42061 100.04613 -0.00000005316262274846
40100 80.03506 42.05155 0.42032 100.04586 -0.00000004855800739278
40200 80.03371 42.02968 0.42011 100.04498 -0.00000004200975922686
40300 80.03338 42.01110 0.41991 100.04692 -0.00000005301316008399
40400 80.03658 41.99887 0.41977 100.05220 -0.00000002699397327888
40500 80.03637 41.99220 0.41970 100.05321 -0.00000004501967509896
40600 80.03702 41.97778 0.41956 100.05217 -0.00000005849558704085
40700 80.03546 41.96209 0.41941 100.05076 -0.00000002758547879012
40800 80.04180 41.94618 0.41922 100.05777 -0.00000003571356188559
40900 80.03987 41.93023 0.41906 100.05844 -0.00000005582033679730
41000 80.04122 41.91535 0.41891 100.05905 -0.00000005937376812426
41100 80.03713 41.90561 0.41882 100.05740 -0.00000005776734468554
41200 80.03522 41.89933 0.41877 100.05279 -0.00000006340608393884
41300 80.03493 41.89848 0.41877 100.05024 -0.00000005743439146499
41400 80.03345 41.89433 0.41873 100.05109 -0.00000005263380131737
41500 80.03094 41.80427 0.41783 100.05046 -0.00000004460031277631
41600 80.02965 41.71422 0.41694 100.04841 -0.00000004750054927172
41700 80.02877 41.62756 0.41607 100.04842 -0.00000005141046699464
41800 80.02900 41.54616 0.41525 100.05002 -0.00000006724783219170
41900 80.02582 41.46199 0.41443 100.04656 -0.00000006864434709541
42000 80.02924 41.39444 0.41375 100.04755 -0.00000005517578927083
42100 80.03221 41.33429 0.41314 100.04848 -0.00000007221626674436
42200 80.02943 41.25646 0.41237 100.04808 -0.00000009038119941351
42300 80.02624 41.17841 0.41159 100.04617 -0.00000009275313317403
42400 80.02504 41.10860 0.41090 100.04575 -0.00000010335962485897
42500 80.02159 41.03833 0.41021 100.04172 -0.00000008702049569820
42600 80.02042 40.95332 0.40937 100.04000 -0.00000007720622363649
42700 80.02172 40.87787 0.40860 100.04267 -0.00000007806091417706
42800 80.02068 40.81033 0.40794 100.03949 -0.00000005629897259496
42900 80.02084 40.75439 0.40738 100.04105 -0.00000006365065985392
43000 80.02532 40.67497 0.40658 100.04263 -0.00000006346655823108
43100 80.02321 40.59282 0.40576 100.04267 -0.00000006488331649734
43200 80.01973 40.51271 0.40497 100.03868 -0.00000006180414402479
43300 80.01977 40.43791 0.40424 100.03497 -0.00000005684084669610
43400 80.01829 40.35965 0.40344 100.03926 -0.00000004995492730586
43500 80.01569 40.27840 0.40263 100.03823 -0.00000003457823538611
43600 80.01633 40.19920 0.40183 100.04028 -0.00000002321262115856
43700 80.02054 40.12312 0.40106 100.04167 -0.00000002583696812053
43800 80.02812 40.05149 0.40033 100.04603 -0.00000002985081692941
43900 80.02766 39.98079 0.39962 100.04642 -0.00000001973599239591
44000 80.02970 39.91798 0.39897 100.05161 0.00000000166611613395
44100 80.03056 39.85072 0.39830 100.05231 0.00000000667851907110
44200 80.02855 39.78583 0.39765 100.05283 -0.00000000819044032596
44300 80.02983 39.73272 0.39712 100.05192 -0.00000000737588123911
44400 80.03251 39.67779 0.39657 100.05327 -0.00000002429724332842
44500 80.03152 39.62321 0.39602 100.05362 -0.00000004926324237431
44600 80.03011 39.56547 0.39545 100.05226 -0.00000003975888063223
44700 80.03128 39.50557 0.39484 100.05461 -0.00000002794617159907
44800 80.02778 39.44415 0.39423 100.05415 -0.00000003522913516463
44900 80.02549 39.37849 0.39358 100.05258 -0.00000003211981436380
45000 80.02679 39.30075 0.39279 100.05489 -0.00000002886559258286
45100 80.03007 39.22737 0.39205 100.05798 -0.00000003121876090972
45200 80.03063 39.15286 0.39130 100.05838 -0.00000002124397724401
45300 80.03139 39.08330 0.39060 100.05918 -0.00000001682694517058
45400 80.03316 39.01565 0.38992 100.06059 0.00000000267475286364
45500 80.03477 38.94883 0.38925 100.06105 -0.00000000406164701872
45600 80.03524 38.88473 0.38860 100.06252 0.00000001057107823499
45700 80.03479 38.82183 0.38798 100.06162 0.00000001237172853052
45800 80.04002 38.76024 0.38736 100.06352 0.00000000491017004833
45900 80.03922 38.69753 0.38673 100.06266 0.00000000858428705897
46000 80.04240 38.64324 0.38618 100.06426 0.00000000191346316569
46100 80.04234 38.59336 0.38568 100.06492 0.00000001423163809022
46200 80.03906 38.54384 0.38519 100.06418 -0.00000000332730110131
46300 80.03969 38.49706 0.38473 100.06354 -0.00000000322604876146
46400 80.03747 38.44808 0.38424 100.06170 0.00000000194381044594
46500 80.03812 38.40601 0.38382 100.06234 0.00000000482193485141
46600 80.03832 38.37654 0.38353 100.06084 -0.00000001252197989743
46700 80.03764 38.35577 0.38332 100.06084 -0.00000001221290801823
46800 80.03566 38.34636 0.38325 100.05620 -0.00000000514452835887
46900 80.03392 38.34650 0.38326 100.05448 -0.00000001474924715694
47000 80.03563 38.35705 0.38336 100.05370 -0.00000000727681026547
47100 80.03354 38.36838 0.38348 100.05444 0.00000000636350705463
47200 80.03153 38.38115 0.38360 100.05445 0.00000001609765121202
47300 80.03364 38.39495 0.38373 100.05774 0.00000000900669050452
47400 80.03498 38.41117 0.38389 100.05816 0.00000001117690118235
47500 80.03483 38.42882 0.38407 100.05657 -0.00000000827378698887
47600 80.03324 38.44856 0.38428 100.05473 0.00000000357342599955
47700 80.03494 38.47119 0.38450 100.05637 0.00000001803154248137
47800 80.03160 38.49461 0.38473 100.05642 0.00000002257512221604
47900 80.03011 38.52357 0.38502 100.05614 0.00000000720228854334
48000 80.03068 38.55651 0.38535 100.05521 0.00000001383910586128
48100 80.03442 38.59595 0.38574 100.05769 0.00000001761723211757
48200 80.03446 38.62552 0.38604 100.05639 0.00000001771100244241
48300 80.03432 38.65463 0.38633 100.05613 0.00000002586372005453
48400 80.03449 38.68429 0.38662 100.05682 0.00000002566887502553
48500 80.03382 38.68851 0.38667 100.05645 0.00000002768373974504
48600 80.03642 38.63614 0.38614 100.05780 0.00000003314090690765
48700 80.03753 38.57817 0.38555 100.05951 0.00000003497251555018
48800 80.03684 38.52237 0.38499 100.05969 0.00000003870452758292
48900 80.03433 38.47900 0.38456 100.05902 0.00000005661280511049
49000 80.03389 38.44250 0.38420 100.05957 0.00000005775682865305
49100 80.03962 38.40370 0.38380 100.06167 0.00000004811094811430
49200 80.03865 38.36165 0.38338 100.06069 0.00000006101328864361
49300 80.04305 38.32884 0.38305 100.06325 0.00000006093029725207
49400 80.04581 38.30048 0.38276 100.06332 0.00000006466183322118
49500 80.04712 38.27738 0.38252 100.06513 0.00000007164349824507
49600 80.04811 38.25511 0.38230 100.06456 0.00000008041758547961
49700 80.04380 38.23883 0.38215 100.06225 0.00000009793971145200
49800 80.04400 38.22472 0.38201 100.06289 0.00000010133035033277
49900 80.04473 38.21275 0.38189 100.06347 0.00000010652806281541
50000 80.04377 38.19533 0.38171 100.06248 0.00000010006781536731
50100 80.04204 38.17506 0.38152 100.05998 0.00000010365999969508
50200 80.04679 38.11987 0.38097 100.06133 0.00000010849867493334
50300 80.04404 38.05910 0.38036 100.05956 0.00000012158680817720
50400 80.04662 37.99824 0.37975 100.06016 0.00000012862230391875
50500 80.04382 37.94204 0.37920 100.05842 0.00000010137480188632
50600 80.04242 37.89506 0.37873 100.05923 0.00000011969138569157
50700 80.04529 37.84952 0.37827 100.05943 0.00000010196759347991
50800 80.05046 37.79924 0.37776 100.06207 0.00000009687195046126
50900 80.04962 37.75552 0.37733 100.06039 0.00000010328775346125
51000 80.05105 37.71641 0.37694 100.05980 0.00000011866789861870
51100 80.05415 37.68781 0.37665 100.06129 0.00000013699643375276
51200 80.05496 37.66417 0.37642 100.06014 0.00000013028891743261
51300 80.05318 37.64372 0.37622 100.05865 0.00000011426299550976
51400 80.05242 37.62451 0.37602 100.05883 0.00000010808527406425
51500 80.05320 37.61140 0.37589 100.05955 0.00000010825705487605
51600 80.05282 37.60204 0.37579 100.06027 0.00000011363961505140
51700 80.05305 37.59859 0.37576 100.06052 0.00000013208627791528
51800 80.05189 37.59598 0.37574 100.05876 0.00000012147570060961
51900 80.05256 37.59224 0.37570 100.05927 0.00000009365684405793
52000 80.05359 37.53097 0.37509 100.05908 0.00000010414233742040
52100 80.05252 37.47586 0.37454 100.05937 0.00000008728125777679
52200 80.05305 37.42070 0.37398 100.06167 0.00000009605078332697
52300 80.05615 37.37123 0.37347 100.06419 0.00000010040739795159
52400 80.06059 37.33009 0.37305 100.06752 0.00000009435885317544
52500 80.06231 37.28681 0.37262 100.06691 0.00000012084878875385
52600 80.06165 37.24474 0.37220 100.06572 0.00000008559483433146
52700 80.06196 37.20415 0.37180 100.06421 0.00000009673129142129
52800 80.06320 37.16872 0.37145 100.06511 0.00000006368684069002
52900 80.06161 37.13365 0.37110 100.06412 0.00000005044472572990
53000 80.06225 37.10080 0.37077 100.06440 0.00000005871820007997
53100 80.06146 37.06364 0.37040 100.06358 0.00000008022532682617
53200 80.06085 37.02984 0.37007 100.06135 0.00000009261417943662
53300 80.05854 36.99901 0.36976 100.06167 0.00000010625513624518
53400 80.05636 36.97297 0.36951 100.05882 0.00000013666720377614
53500 80.05570 36.94960 0.36927 100.05989 0.00000010979697862012
53600 80.05458 36.92804 0.36906 100.05931 0.00000012015795647358
53700 80.05367 36.90580 0.36884 100.05946 0.00000007928611012176
53800 80.05398 36.88687 0.36865 100.05900 0.00000009376795162552
53900 80.05440 36.86703 0.36845 100.05957 0.00000007944682067773
54000 80.05448 36.85299 0.36831 100.06041 0.00000005167308358978
54100 80.05494 36.84363 0.36822 100.05874 0.00000003305750340132
54200 80.05780 36.83397 0.36812 100.06041 0.00000005575811456993
54300 80.05733 36.82076 0.36799 100.05987 0.00000006687926656923
54400 80.05651 36.80806 0.36786 100.06063 0.00000005439075323466
54500 80.05573 36.80763 0.36786 100.06009 0.00000005521942370024
54600 80.05700 36.80956 0.36787 100.06007 0.00000002438383717163
54700 80.05990 36.81702 0.36795 100.05980 0.00000003316859675806
54800 80.05886 36.82588 0.36804 100.05885 0.00000001372515612275
54900 80.05779 36.83831 0.36817 100.05871 0.00000001881202393861
55000 80.05712 36.85288 0.36832 100.05784 -0.00000000146079059959
55100 80.05950 36.87196 0.36851 100.05820 0.00000001774181157543
55200 80.05740 36.89363 0.36873 100.05670 0.00000002263043086259
55300 80.06003 36.91908 0.36897 100.05928 0.00000005863353180757
55400 80.05869 36.94875 0.36926 100.06126 0.00000008591181455131
55500 80.05929 36.98482 0.36962 100.06092 0.00000007868827367474
55600 80.06042 37.02354 0.37000 100.06439 0.00000007719221883917
55700 80.05832 37.06238 0.37039 100.06316 0.00000007937744328501
55800 80.05753 37.09196 0.37069 100.06208 0.00000008548686736276
55900 80.05766 37.12949 0.37107 100.06157 0.00000009445515303241
56000 80.05676 37.16906 0.37146 100.06259 0.00000010745307577054
56100 80.05386 37.21208 0.37190 100.05979 0.00000008519919703076
56200 80.05714 37.25977 0.37237 100.06208 0.00000008792638794830
56300 80.05746 37.30865 0.37286 100.06080 0.00000007639591359521
56400 80.05700 37.35666 0.37334 100.06064 0.00000008183538824369
56500 80.05746 37.40815 0.37384 100.06368 0.00000008455147337827
56600 80.05510 37.45568 0.37432 100.06198 0.00000011763383866992
56700 80.05339 37.50065 0.37478 100.06055 0.00000011281510126082
56800 80.05260 37.54878 0.37527 100.05935 0.00000011859786752666
56900 80.04765 37.60505 0.37584 100.05608 0.00000009368987718972
57000 80.04888 37.66818 0.37647 100.05693 0.00000004494244620901
57100 80.05272 37.73945 0.37717 100.05996 0.00000004772272177433
57200 80.05091 37.81671 0.37794 100.05918 0.00000007214968889002
57300 80.05069 37.90384 0.37882 100.05832 0.00000005097823674305
57400 80.05101 37.99030 0.37968 100.05965 0.00000003448734275935
57500 80.05378 38.07164 0.38049 100.06049 0.00000004013497090227
57600 80.05133 38.15685 0.38133 100.06149 0.00000003875810961063
57700 80.05011 38.24450 0.38221 100.06159 0.00000005588379536903
57800 80.04848 38.33016 0.38307 100.06057 0.00000007686664105222
57900 80.04690 38.41951 0.38397 100.05895 0.00000008023816633340
58000 80.04598 38.51073 0.38489 100.05664 0.00000012235611990263
58100 80.04418 38.60451 0.38583 100.05528 0.00000014747074317256
58200 80.04206 38.69939 0.38679 100.05392 0.00000016795341650777
58300 80.04014 38.79403 0.38774 100.05264 0.00000015499704630884
58400 80.03940 38.88606 0.38865 100.05337 0.00000008178646027091
58500 80.04246 38.97890 0.38958 100.05320 0.00000009278041801508
58600 80.04256 39.05823 0.39038 100.05210 0.00000009754230489989
58700 80.04071 39.13199 0.39111 100.05327 0.00000012906963320347
58800 80.04346 39.19459 0.39173 100.05476 0.00000009568502434831
58900 80.04048 39.26207 0.39241 100.05402 0.00000008811299068157
59000 80.03857 39.33357 0.39313 100.05308 0.00000005009120229715
59100 80.04092 39.40903 0.39388 100.05394 0.00000003096015888104
59200 80.04193 39.48797 0.39466 100.05552 0.00000002789035846718
59300 80.03807 39.55374 0.39533 100.05324 0.00000001079187939013
59400 80.04086 39.61470 0.39593 100.05429 -0.00000001146199224422
59500 80.04530 39.67878 0.39656 100.05654 -0.00000001632250246075
59600 80.04376 39.74698 0.39725 100.05492 -0.00000003526346148419
59700 80.04254 39.81592 0.39794 100.05384 -0.00000004491261762496
59800 80.03979 39.88324 0.39863 100.05181 -0.00000004958827304336
59900 80.03811 39.95334 0.39933 100.05082 -0.00000003244795721002
60000 80.03811 40.02861 0.40008 100.05163 -0.00000002888478434215
60100 80.03870 40.11112 0.40091 100.05055 -0.00000003733688913599
60200 80.03943 40.19885 0.40179 100.04963 -0.00000004027651101524
60300 80.04031 40.28507 0.40265 100.05080 -0.00000004733080771757
60400 80.03610 40.36722 0.40348 100.04710 -0.00000003513288504564
60500 80.03885 40.41656 0.40397 100.04904 -0.00000004931663255547
60600 80.03522 40.46435 0.40445 100.04903 -0.00000004391894492528
60700 80.03526 40.50561 0.40485 100.04987 -0.00000008362233927528
60800 80.03539 40.53381 0.40514 100.04970 -0.00000005829885196817
60900 80.03394 40.56577 0.40545 100.05158 -0.00000006012629683028
61000 80.03253 40.60459 0.40584 100.05189 -0.00000009948090706757
61100 80.03387 40.59144 0.40570 100.05244 -0.00000011310712721979
61200 80.03345 40.57678 0.40555 100.05266 -0.00000010467663713598
61300 80.03263 40.56485 0.40545 100.05008 -0.00000009802721478991
61400 80.03139 40.55575 0.40536 100.04826 -0.00000010957609930529
61500 80.03016 40.54229 0.40523 100.04802 -0.00000009142660672978
61600 80.03091 40.52974 0.40510 100.04791 -0.00000007742704610791
61700 80.03062 40.52163 0.40502 100.04937 -0.00000005219821019864
61800 80.03243 40.51303 0.40493 100.04945 -0.00000004692687127772
61900 80.02984 40.50051 0.40482 100.04598 -0.00000006456161116830
62000 80.02980 40.49487 0.40477 100.04498 -0.00000006638128979830
62100 80.03015 40.49515 0.40477 100.04448 -0.00000004398602726496
62200 80.03021 40.49441 0.40477 100.04286 -0.00000004456186530888
62300 80.02589 40.48823 0.40473 100.03714 -0.00000001960172113513
62400 80.02586 40.48564 0.40471 100.03617 -0.00000001066669597094
62500 80.02808 40.48763 0.40473 100.03701 -0.00000001216638167989
62600 80.02683 40.49419 0.40480 100.03604 -0.00000001943018901329
62700 80.02862 40.50237 0.40487 100.03793 -0.00000003509430968052
62800 80.02918 40.51639 0.40501 100.03769 -0.00000005006682357589
62900 80.03147 40.53690 0.40520 100.04064 -0.00000005060984875627
63000 80.03188 40.56351 0.40547 100.04175 -0.00000008762921055450
63100 80.03375 40.59727 0.40579 100.04388 -0.00000006838519084340
63200 80.03672 40.63542 0.40616 100.04731 -0.00000006650420658616
63300 80.03504 40.66722 0.40648 100.04739 -0.00000004905914607889
63400 80.03205 40.69210 0.40674 100.04453 -0.00000006873641211769
63500 80.03445 40.71583 0.40696 100.04780 -0.00000004779452922321
63600 80.03278 40.74017 0.40720 100.04914 -0.00000006669334595699
63700 80.03292 40.76948 0.40749 100.04951 -0.00000007724187156555
63800 80.03214 40.80126 0.40781 100.05055 -0.00000008268401074929
63900 80.03343 40.83539 0.40815 100.04998 -0.00000007996873563343
64000 80.03359 40.87070 0.40850 100.05134 -0.00000010349909018714
64100 80.03556 40.91065 0.40889 100.05388 -0.00000012136893445813
64200 80.03385 40.95348 0.40931 100.05467 -0.00000014516739810233
64300 80.03310 40.99840 0.40976 100.05398 -0.00000015589024826568
64400 80.03104 41.04727 0.41025 100.05444 -0.00000014184382735039
64500 80.03034 41.10357 0.41082 100.05279 -0.00000014519933699830
64600 80.02855 41.16389 0.41143 100.04957 -0.00000012356488809928
64700 80.02758 41.22484 0.41205 100.04915 -0.00000011473208871848
64800 80.02778 41.28883 0.41268 100.04934 -0.00000010700121322316
64900 80.02621 41.33867 0.41318 100.04924 -0.00000011808319300144
65000 80.02555 41.38023 0.41360 100.04983 -0.00000008451625177486
65100 80.02702 41.42380 0.41403 100.05051 -0.00000007452834438482
65200 80.02612 41.45581 0.41436 100.04876 -0.00000008678787821736
65300 80.02841 41.43031 0.41409 100.05181 -0.00000009516108434582
65400 80.02788 41.38464 0.41363 100.05344 -0.00000009617969709552
65500 80.02795 41.33710 0.41315 100.05437 -0.00000008483114299906
65600 80.02561 41.28221 0.41261 100.05195 -0.00000006101133465108
65700 80.02731 41.23059 0.41209 100.05297 -0.00000004232848027641
65800 80.02425 41.18254 0.41161 100.05112 -0.00000000655794707427
65900 80.02582 41.14127 0.41120 100.05250 -0.00000002234797591427
66000 80.02822 41.10576 0.41084 100.05268 -0.00000002780290486726
66100 80.02776 41.07326 0.41052 100.05219 -0.00000004002432518746
66200 80.02729 41.04556 0.41024 100.05145 -0.00000002176723512548
66300 80.02532 41.01998 0.41000 100.04985 -0.00000004403875664138
66400 80.02312 40.99510 0.40976 100.04771 -0.00000003326838537987
66500 80.02310 40.97365 0.40954 100.04908 0.00000000225325180736
66600 80.02495 40.95664 0.40936 100.04952 -0.00000000660402577068
66700 80.02441 40.94242 0.40922 100.04901 -0.00000001277285832657
66800 80.02669 40.92086 0.40900 100.04981 -0.00000000187971238574
66900 80.02447 40.86686 0.40848 100.04635 -0.00000000232828512026
67000 80.02299 40.81561 0.40797 100.04484 -0.00000003077767729565
67100 80.02340 40.76431 0.40745 100.04632 0.00000000180210690814
67200 80.02329 40.71186 0.40693 100.04567 0.00000001466792554083
67300 80.01846 40.65976 0.40642 100.04275 -0.00000000548624967678
67400 80.01781 40.60855 0.40592 100.04185 -0.00000002277965194253
67500 80.01935 40.55678 0.40539 100.04333 -0.00000000829753332710
67600 80.01932 40.50384 0.40486 100.04334 0.00000000952839229740
67700 80.02071 40.45110 0.40433 100.04399 0.00000000603268546229
67800 80.02122 40.39773 0.40380 100.04434 -0.00000000753968265599
67900 80.02454 40.34735 0.40329 100.04638 -0.00000001248293557410
68000 80.02384 40.30030 0.40282 100.04544 -0.00000003926511027430
68100 80.02424 40.24799 0.40229 100.04634 -0.00000001337440380667
68200 80.02471 40.19700 0.40178 100.04683 -0.00000000271104028116
68300 80.02828 40.15028 0.40131 100.04905 0.00000000667462529691
68400 80.02885 40.10364 0.40084 100.04854 0.00000000283262835410
68500 80.02854 40.05899 0.40039 100.04914 -0.00000001210491262782
68600 80.02792 40.02003 0.40000 100.04898 -0.00000004176818180213
68700 80.02723 39.98434 0.39964 100.05074 -0.00000003643925339247
68800 80.02627 39.95110 0.39932 100.04878 -0.00000001688813711098
68900 80.03046 39.92636 0.39905 100.05231 -0.00000001857324605226
69000 80.03380 39.90971 0.39888 100.05422 -0.00000001760378864901
69100 80.03509 39.88913 0.39868 100.05336 -0.00000003018757155360
69200 80.03483 39.86345 0.39842 100.05348 -0.00000003397024528340
69300 80.03503 39.82925 0.39807 100.05530 -0.00000002487795569550
69400 80.03230 39.79572 0.39775 100.05308 -0.00000001872387400681
69500 80.03245 39.76824 0.39747 100.05306 -0.00000001376851344048
69600 80.03327 39.74301 0.39721 100.05427 -0.00000000391793264498
69700 80.03500 39.71633 0.39695 100.05418 -0.00000002239541885274
69800 80.03489 39.69090 0.39668 100.05659 -0.00000004495392147419
69900 80.03634 39.67053 0.39647 100.05830 -0.00000003724913000269
70000 80.03759 39.65085 0.39627 100.05930 -0.00000002977768076562
70100 80.03890 39.63196 0.39608 100.06161 -0.00000003928352043658
70200 80.04047 39.58600 0.39561 100.06325 -0.00000002876542026797
70300 80.04127 39.53951 0.39514 100.06575 -0.00000001219859058210
70400 80.03839 39.49371 0.39468 100.06518 -0.00000000364631347338
70500 80.03810 39.44881 0.39424 100.06271 -0.00000001585489428635
70600 80.03753 39.40398 0.39379 100.06245 -0.00000002331759674234
70700 80.03885 39.35769 0.39333 100.06187 -0.00000001731331167321
70800 80.03951 39.31004 0.39285 100.06336 -0.00000000630240748478
70900 80.04055 39.26467 0.39240 100.06405 0.00000000234832953083
71000 80.04173 39.22260 0.39198 100.06325 -0.00000001267908800173
71100 80.04263 39.18110 0.39157 100.06101 -0.00000000533375299483
71200 80.04164 39.14488 0.39121 100.06142 -0.00000000006345146630
71300 80.04118 39.11629 0.39092 100.06109 -0.00000001730634124897
71400 80.04453 39.09067 0.39066 100.06318 -0.00000003661064340577
71500 80.04353 39.06424 0.39040 100.06283 -0.00000001424444207032
71600 80.04027 39.03719 0.39014 100.06022 0.00000000316269677114
71700 80.03777 39.01392 0.38991 100.05816 -0.00000000506221908836
71800 80.03713 38.99675 0.38974 100.05731 -0.00000002908010543479
71900 80.03684 38.98521 0.38962 100.05846 -0.00000002461127479592
72000 80.03775 38.98189 0.38959 100.05996 -0.00000001914722247420
72100 80.03641 38.96849 0.38945 100.05974 -0.00000002681914423874
72200 80.03778 38.95651 0.38933 100.06109 -0.00000002496103945759
72300 80.03623 38.94371 0.38921 100.05896 -0.00000002789034425632
72400 80.03686 38.93026 0.38907 100.05934 -0.00000001573712182790
72500 80.03425 38.92053 0.38898 100.05766 -0.00000002529797171746
72600 80.03131 38.91189 0.38890 100.05519 -0.00000003533528314392
72700 80.03286 38.88705 0.38865 100.05629 -0.00000003453588703906
72800 80.03475 38.84923 0.38827 100.05784 -0.00000004306389911335
72900 80.03496 38.81472 0.38792 100.05808 -0.00000004553894683568
73000 80.03681 38.78017 0.38757 100.05925 -0.00000004978461731753
73100 80.03615 38.73461 0.38712 100.05802 -0.00000005574972306022
73200 80.03699 38.69131 0.38669 100.05869 -0.00000007025212056533
73300 80.03529 38.65187 0.38630 100.05752 -0.00000005801420144280
73400 80.03291 38.61494 0.38593 100.05580 -0.00000006657007389776
73500 80.03271 38.57951 0.38558 100.05595 -0.00000007336544172176
73600 80.03072 38.54636 0.38525 100.05510 -0.00000007971822668651
73700 80.02749 38.51628 0.38496 100.05293 -0.00000008676106233452
73800 80.02919 38.49392 0.38473 100.05566 -0.00000011674764976988
73900 80.02731 38.47676 0.38455 100.05610 -0.00000014361567224341
74000 80.02770 38.46438 0.38443 100.05546 -0.00000015401181485686
74100 80.02828 38.44597 0.38425 100.05429 -0.00000015928318930492
74200 80.02790 38.43123 0.38410 100.05410 -0.00000014413219417975
74300 80.02905 38.42430 0.38403 100.05655 -0.00000016043232875518
74400 80.02824 38.42049 0.38399 100.05629 -0.00000017535802498969
74500 80.02653 38.41806 0.38397 100.05536 -0.00000014435077844155
74600 80.02387 38.41469 0.38395 100.05249 -0.00000017351162995283
74700 80.02377 38.41289 0.38393 100.05127 -0.00000015481337101164
74800 80.02406 38.39476 0.38375 100.05126 -0.00000013542209842399
74900 80.02585 38.38112 0.38361 100.05226 -0.00000010928322069503
75000 80.02239 38.36733 0.38348 100.05008 -0.00000006461347368258
75100 80.02216 38.35965 0.38341 100.04977 -0.00000009945913603815
75200 80.02198 38.35804 0.38339 100.04995 -0.00000008884705948731
75300 80.02375 38.36030 0.38341 100.05074 -0.00000013727002823316
75400 80.02090 38.36367 0.38345 100.04960 -0.00000006560370024999
75500 80.02303 38.37198 0.38353 100.05066 -0.00000003719608798747
75600 80.01950 38.37848 0.38360 100.04881 -0.00000005634855426706
75700 80.01868 38.38687 0.38368 100.04886 -0.00000011737181893068
75800 80.01822 38.39320 0.38375 100.04774 -0.00000012499292978418
75900 80.01974 38.35059 0.38332 100.04851 -0.00000010048402998564
76000 80.01916 38.31650 0.38298 100.04896 -0.00000013793934527939
76100 80.02060 38.28368 0.38264 100.05045 -0.00000010157608443251
76200 80.02003 38.25023 0.38232 100.04879 -0.00000007161629156371
76300 80.02183 38.21363 0.38194 100.05030 -0.00000010601577571379
76400 80.02280 38.17533 0.38156 100.05064 -0.00000012563572937552
76500 80.02280 38.13834 0.38120 100.04907 -0.00000011879683370353
76600 80.02362 38.10103 0.38082 100.04927 -0.00000011701787627771
76700 80.02346 38.06198 0.38043 100.04897 -0.00000012568307283800
76800 80.02403 38.02761 0.38008 100.05049 -0.00000013177485413962
76900 80.02203 37.99717 0.37978 100.05008 -0.00000015213326776120
77000 80.02397 37.95600 0.37937 100.05064 -0.00000013281953670230
77100 80.02372 37.91196 0.37892 100.05180 -0.00000016536846914050
77200 80.02380 37.87119 0.37852 100.05192 -0.00000018934080259214
77300 80.02367 37.83415 0.37814 100.05263 -0.00000016301135730146
77400 80.02291 37.79458 0.37775 100.05109 -0.00000017203013413791
77500 80.02382 37.75115 0.37732 100.05083 -0.00000015354048343852
77600 80.02361 37.70966 0.37691 100.04957 -0.00000015007495335340
77700 80.02349 37.67173 0.37653 100.04919 -0.00000010949524664738
77800 80.02226 37.63617 0.37618 100.04812 -0.00000011515007969365
77900 80.02197 37.60430 0.37586 100.04796 -0.00000009492462282878
78000 80.02092 37.56786 0.37550 100.04786 -0.00000010881328904588
78100 80.02049 37.53028 0.37513 100.04620 -0.00000012676062510764
78200 80.02033 37.49655 0.37479 100.04655 -0.00000010296389518771
78300 80.02083 37.45591 0.37438 100.04672 -0.00000011683332701296
78400 80.02095 37.41978 0.37403 100.04571 -0.00000012529098114555
78500 80.02234 37.38748 0.37370 100.04734 -0.00000009967440206538
78600 80.02409 37.35929 0.37341 100.04803 -0.00000011443599134964
78700 80.02231 37.32652 0.37309 100.04654 -0.00000008551729280271
78800 80.02071 37.29780 0.37281 100.04529 -0.00000007804994339722
78900 80.01988 37.27271 0.37256 100.04409 -0.00000007461204631909
79000 80.01975 37.25128 0.37235 100.04452 -0.00000009273920653641
79100 80.01995 37.23135 0.37215 100.04327 -0.00000010786464343937
79200 80.02102 37.21526 0.37199 100.04361 -0.00000005287417792488
79300 80.01964 37.19887 0.37183 100.04256 -0.00000007374894295253
79400 80.01673 37.18027 0.37165 100.04218 -0.00000015862374880271
79500 80.01867 37.16429 0.37148 100.04337 -0.00000015169022304917
79600 80.01959 37.15128 0.37135 100.04369 -0.00000011111816178300
79700 80.02104 37.14160 0.37126 100.04338 -0.00000009522251076532
79800 80.02135 37.13202 0.37116 100.04345 -0.00000012705984886452
79900 80.02148 37.12250 0.37106 100.04314 -0.00000007415952296697
80000 80.02556 37.09901 0.37083 100.04412 -0.00000003622652400281
80100 80.02339 37.07328 0.37057 100.04333 -0.00000001693224760402
80200 80.02428 37.05538 0.37039 100.04378 -0.00000001886956368935
80300 80.02415 37.03832 0.37021 100.04583 -0.00000001300773533330
80400 80.02583 37.02130 0.37004 100.04679 0.00000000337992389632
80500 80.02771 37.00254 0.36985 100.04765 0.00000006991788836785
80600 80.02759 36.98285 0.36965 100.04731 0.00000010999789878952
80700 80.02735 36.96378 0.36946 100.04778 0.00000011746090677889
80800 80.02631 36.95284 0.36935 100.04776 0.00000012943787908171
80900 80.02600 36.94644 0.36929 100.04737 0.00000011973091318396
81000 80.02731 36.93833 0.36921 100.04721 0.00000017071891278420
81100 80.02590 36.91099 0.36894 100.04568 0.00000015380681617216
81200 80.02628 36.88346 0.36867 100.04575 0.00000012176155195220
81300 80.02835 36.84635 0.36829 100.04779 0.00000006614922654080
81400 80.02989 36.81150 0.36793 100.04899 0.00000005108856981906
81500 80.02923 36.77758 0.36759 100.04982 0.00000006850170564121
81600 80.03113 36.74535 0.36726 100.05303 0.00000009154833691127
81700 80.03228 36.71258 0.36692 100.05485 0.00000006820138054309
81800 80.03271 36.68423 0.36664 100.05537 0.00000006828499010680
81900 80.03300 36.65936 0.36639 100.05625 0.00000008803404227820
82000 80.03166 36.63666 0.36616 100.05587 0.00000009767352793233
82100 80.03150 36.61583 0.36595 100.05580 0.00000010208675149670
82200 80.03044 36.59398 0.36574 100.05590 0.00000010173589970464
82300 80.02993 36.57149 0.36551 100.05488 0.00000012177386565781
82400 80.02844 36.54928 0.36529 100.05421 0.00000010488434298850
82500 80.03054 36.52841 0.36509 100.05388 0.00000011796492316307
82600 80.03142 36.50740 0.36487 100.05577 0.00000011404821265160
82700 80.03237 36.49286 0.36472 100.05693 0.00000013000928333895
82800 80.02922 36.48104 0.36461 100.05386 0.00000015663932373400
82900 80.03039 36.47134 0.36452 100.05439 0.00000018733441464747
83000 80.02894 36.46154 0.36442 100.05392 0.00000018006954860539
83100 80.02992 36.45374 0.36434 100.05521 0.00000016433082095091
83200 80.03037 36.44802 0.36428 100.05534 0.00000012415684125244
83300 80.03148 36.44382 0.36423 100.05646 0.00000013188304137657
83400 80.03031 36.44107 0.36421 100.05524 0.00000012909428193097
83500 80.03117 36.44300 0.36423 100.05523 0.00000011408292266424
83600 80.02943 36.44864 0.36429 100.05410 0.00000013471431259404
83700 80.02915 36.45715 0.36437 100.05471 0.00000012128420223689
83800 80.02926 36.46521 0.36445 100.05600 0.00000007405260049609
83900 80.02758 36.47216 0.36452 100.05552 0.00000010168606934258
84000 80.02762 36.47805 0.36458 100.05482 0.00000008534600937082
84100 80.02706 36.48445 0.36465 100.05414 0.00000007823569347920
84200 80.02717 36.49448 0.36475 100.05281 0.00000005673141600937
84300 80.02582 36.50475 0.36486 100.05136 0.00000007436418059115
84400 80.02849 36.52083 0.36501 100.05377 0.00000008000952078646
84500 80.02835 36.53786 0.36518 100.05314 0.00000006913494132732
84600 80.02836 36.55789 0.36538 100.05440 0.00000007260871370818
84700 80.02979 36.57928 0.36559 100.05459 0.00000004977674450402
84800 80.02997 36.58818 0.36568 100.05573 0.00000004949612986138
84900 80.02894 36.59167 0.36572 100.05436 0.00000006813945674367
85000 80.02899 36.59883 0.36579 100.05341 0.00000008436668963441
85100 80.02608 36.60347 0.36585 100.05089 0.00000005172650219265
85200 80.02681 36.60423 0.36585 100.05225 -0.00000001405477689786
85300 80.02776 36.60896 0.36590 100.05258 -0.00000006267437413499
85400 80.02858 36.60920 0.36589 100.05448 -0.00000006135758923165
85500 80.02912 36.60953 0.36589 100.05506 -0.00000004988537227746
85600 80.02871 36.61406 0.36594 100.05585 -0.00000001404368532576
85700 80.02670 36.61878 0.36599 100.05373 -0.00000002914980257174
85800 80.02722 36.62900 0.36609 100.05408 -0.00000009255086297344
85900 80.02672 36.63987 0.36620 100.05370 -0.00000011598967830651
86000 80.02830 36.65377 0.36634 100.05474 -0.00000011357773388454
86100 80.02815 36.66726 0.36647 100.05525 -0.00000014173259899053
86200 80.02736 36.67804 0.36658 100.05486 -0.00000009382181787032
86300 80.02598 36.68721 0.36667 100.05402 -0.00000005615265052938
86400 80.02564 36.69009 0.36670 100.05513 -0.00000004889987081924
86500 80.02539 36.69561 0.36675 100.05645 -0.00000006355101334066
86600 80.02515 36.70155 0.36681 100.05566 -0.00000007051848882611
86700 80.02598 36.71217 0.36691 100.05751 -0.00000011354438100852
86800 80.02620 36.72810 0.36707 100.05713 -0.00000008966485154360
86900 80.02742 36.74985 0.36728 100.05865 -0.00000007928380085787
87000 80.02450 36.77503 0.36754 100.05644 -0.00000007714747596310
87100 80.02333 36.79832 0.36777 100.05689 -0.00000008757214686739
87200 80.02448 36.82760 0.36807 100.05706 -0.00000005834422012185
87300 80.02561 36.86346 0.36842 100.05742 -0.00000003707317830504
87400 80.02633 36.90589 0.36884 100.05840 -0.00000006089302218015
87500 80.02594 36.95453 0.36934 100.05689 -0.00000010026190722101
87600 80.02529 37.00475 0.36983 100.05790 -0.00000007153082037803
87700 80.02517 37.05646 0.37035 100.05815 -0.00000003220314681585
87800 80.02650 37.10976 0.37088 100.05934 -0.00000002464185655526
87900 80.02762 37.16100 0.37139 100.06044 0.00000000088395779585
88000 80.02635 37.21001 0.37188 100.06000 -0.00000001798700566269
88100 80.02589 37.25497 0.37232 100.06054 0.00000002606732607546
88200 80.02647 37.30152 0.37279 100.06057 0.00000003593267905444
88300 80.02722 37.34941 0.37327 100.06079 0.00000001889872436323
88400 80.02696 37.39810 0.37375 100.06097 -0.00000001577014785425
88500 80.02631 37.44074 0.37418 100.06113 0.00000001571082464125
88600 80.02698 37.41433 0.37391 100.06306 0.00000001541341987377
88700 80.02737 37.38143 0.37357 100.06409 0.00000001135336447078
88800 80.02875 37.35247 0.37328 100.06505 0.00000001237211932903
88900 80.02979 37.32745 0.37303 100.06654 0.00000000133863409246
89000 80.02822 37.30330 0.37278 100.06721 -0.00000002706057955493
89100 80.02724 37.28110 0.37256 100.06696 -0.00000002337767313065
89200 80.02855 37.26242 0.37237 100.06913 -0.00000002358622452903
89300 80.02762 37.24688 0.37221 100.06880 -0.00000001195386545305
89400 80.02872 37.23454 0.37208 100.07003 -0.00000001734334631465
89500 80.03038 37.22368 0.37197 100.07142 -0.00000002573366231218
89600 80.03294 37.21325 0.37186 100.07430 -0.00000002693416689681
89700 80.03214 37.20270 0.37175 100.07329 -0.00000001780090741477
89800 80.03189 37.19690 0.37170 100.07253 -0.00000001000868365963
89900 80.03214 37.19438 0.37167 100.07343 -0.00000000635771613133
90000 80.03272 37.19485 0.37168 100.07296 -0.00000000791010279499
90100 80.03258 37.19885 0.37172 100.07206 -0.00000002193257842009
90200 80.03478 37.20984 0.37183 100.07283 -0.00000007089598597076
90300 80.03600 37.22488 0.37197 100.07402 -0.00000007259924927894
90400 80.03867 37.24248 0.37214 100.07546 -0.00000003426275441143
90500 80.03809 37.26104 0.37233 100.07537 -0.00000004673511710962
90600 80.03954 37.28281 0.37255 100.07460 -0.00000004318687985005
90700 80.04064 37.30760 0.37280 100.07409 -0.00000005357387067306
90800 80.04062 37.33544 0.37308 100.07352 -0.00000004628320482425
90900 80.04252 37.36262 0.37334 100.07580 -0.00000005048175921729
91000 80.04169 37.38008 0.37352 100.07526 -0.00000004779310813774
91100 80.04113 37.39254 0.37364 100.07544 -0.00000004820790877602
91200 80.04169 37.40656 0.37378 100.07550 -0.00000002662901010808
91300 80.04313 37.42067 0.37392 100.07720 -0.00000004017515919941
91400 80.04377 37.43611 0.37407 100.07848 -0.00000006978218891618
91500 80.04232 37.45176 0.37423 100.07649 -0.00000003128438663680
91600 80.04358 37.47174 0.37443 100.07766 -0.00000001115451198075
91700 80.04325 37.48759 0.37458 100.07848 -0.00000001413962280594
91800 80.04439 37.49907 0.37469 100.07920 -0.00000001011580508248
91900 80.04266 37.50511 0.37476 100.07792 -0.00000002626180162224
92000 80.04342 37.50806 0.37479 100.07765 -0.00000002753436945113
92100 80.04388 37.51083 0.37482 100.07758 0.00000000217632134536
92200 80.04598 37.51539 0.37486 100.07785 0.00000002013612032670
92300 80.04415 37.52048 0.37491 100.07835 0.00000001092401902270
92400 80.04481 37.52475 0.37495 100.07949 0.00000001573324226456
92500 80.04278 37.52967 0.37500 100.07837 0.00000005564255189938
92600 80.04297 37.53588 0.37507 100.07800 0.00000005427697402638
92700 80.04059 37.54178 0.37514 100.07484 0.00000007307495053510
92800 80.03865 37.54656 0.37519 100.07421 0.00000005843823913665
92900 80.03854 37.55308 0.37525 100.07488 0.00000006224956194956
93000 80.03929 37.56121 0.37533 100.07449 0.00000008943667495487
93100 80.03963 37.56511 0.37537 100.07422 0.00000011396284094189
93200 80.03782 37.55618 0.37528 100.07381 0.00000007137437307847
93300 80.03752 37.54482 0.37517 100.07503 0.00000004450334500916
93400 80.03627 37.53124 0.37503 100.07503 0.00000001071246202855
93500 80.03586 37.51760 0.37490 100.07401 0.00000000362605589999
93600 80.03707 37.50115 0.37473 100.07475 -0.00000003532117176519
93700 80.03768 37.49224 0.37465 100.07387 -0.00000007153632708423
93800 80.03719 37.48963 0.37462 100.07398 -0.00000006363556792621
93900 80.03654 37.48977 0.37462 100.07345 -0.00000005964628968513
94000 80.03632 37.49110 0.37464 100.07287 -0.00000005884715648108
94100 80.03663 37.49454 0.37467 100.07385 -0.00000003623717503842
94200 80.03603 37.49442 0.37467 100.07392 -0.00000003561748940228
94300 80.03483 37.49512 0.37468 100.07316 -0.00000001869184984571
94400 80.03606 37.49882 0.37471 100.07349 0.00000000849174597306
94500 80.03608 37.50506 0.37477 100.07380 0.00000000458702942296
94600 80.03673 37.51229 0.37484 100.07416 -0.00000002260615161731
94700 80.03661 37.51766 0.37490 100.07378 -0.00000000144744660702
94800 80.03653 37.51114 0.37483 100.07405 -0.00000004842672041150
94900 80.03562 37.50690 0.37479 100.07399 -0.00000004256524022139
95000 80.03541 37.50776 0.37480 100.07480 -0.00000009047210625113
95100 80.03584 37.50816 0.37480 100.07628 -0.00000007410241664729
95200 80.03643 37.51013 0.37481 100.07648 -0.00000008678780716309
95300 80.03783 37.48480 0.37455 100.07834 -0.00000011437299463068
95400 80.03823 37.45096 0.37422 100.07851 -0.00000011605017391503
95500 80.03800 37.41899 0.37390 100.07875 -0.00000014403138237640
95600 80.03818 37.38831 0.37359 100.07869 -0.00000017664842744125
95700 80.03831 37.35949 0.37330 100.07883 -0.00000018449323846426
95800 80.03678 37.33656 0.37308 100.07690 -0.00000018629342690701
95900 80.03768 37.31362 0.37284 100.07835 -0.00000019510267179612
96000 80.03827 37.28904 0.37260 100.07924 -0.00000016332820962361
96100 80.03725 37.26750 0.37238 100.07814 -0.00000020043700743599
96200 80.03806 37.24884 0.37220 100.07819 -0.00000023460081166604
96300 80.03701 37.23051 0.37201 100.07829 -0.00000025722371788106
96400 80.03636 37.21239 0.37184 100.07751 -0.00000025657449498340
96500 80.03651 37.19586 0.37167 100.07711 -0.00000025059775055070
96600 80.03550 37.17891 0.37150 100.07668 -0.00000024689899902341
96700 80.03579 37.16527 0.37137 100.07628 -0.00000027989327122668
96800 80.03502 37.15449 0.37126 100.07554 -0.00000030159029051902
96900 80.03451 37.14532 0.37117 100.07557 -0.00000034431588602502
97000 80.03532 37.13686 0.37108 100.07691 -0.00000033042677927142
97100 80.03358 37.12668 0.37098 100.07670 -0.00000034893717781870
97200 80.03439 37.10713 0.37079 100.07693 -0.00000039422486253216
97300 80.03437 37.07676 0.37048 100.07658 -0.00000035794460018224
97400 80.03260 37.04297 0.37015 100.07561 -0.00000040591672245682
97500 80.03173 37.01176 0.36985 100.07339 -0.00000038812155622736
97600 80.03259 36.97868 0.36951 100.07474 -0.00000037385536444390
97700 80.03415 36.94582 0.36918 100.07565 -0.00000043589394493893
97800 80.03443 36.91326 0.36886 100.07521 -0.00000041163273323264
97900 80.03430 36.88500 0.36857 100.07484 -0.00000043213056954983
98000 80.03440 36.85213 0.36824 100.07567 -0.00000041892769786500
98100 80.03306 36.81880 0.36792 100.07332 -0.00000042871742067518
98200 80.03074 36.78755 0.36761 100.07201 -0.00000039448972444234
98300 80.03118 36.75667 0.36730 100.07242 -0.00000039785979311091
98400 80.03133 36.72752 0.36701 100.07122 -0.00000036955837856567
98500 80.03196 36.69651 0.36670 100.07210 -0.00000037947955888740
98600 80.03269 36.66502 0.36638 100.07249 -0.00000036710024176045
98700 80.03058 36.63253 0.36607 100.07046 -0.00000037107300698835
98800 80.03142 36.60120 0.36575 100.07149 -0.00000040110348464850
98900 80.03165 36.57084 0.36545 100.07114 -0.00000038911876742986
99000 80.03085 36.53748 0.36512 100.07059 -0.00000035425679811851
99100 80.03155 36.50534 0.36479 100.07099 -0.00000037067933789103
99200 80.03252 36.47258 0.36447 100.07119 -0.00000040918472166140
99300 80.03253 36.43986 0.36414 100.07087 -0.00000042420764145845
99400 80.03224 36.40906 0.36384 100.06957 -0.00000041866253752687
99500 80.03224 36.38291 0.36358 100.06967 -0.00000042897391949737
99600 80.03193 36.36195 0.36337 100.06922 -0.00000042949071143994
99700 80.03385 36.33531 0.36310 100.07060 -0.00000049424208015125
99800 80.03125 36.30387 0.36279 100.06962 -0.00000051393946876033
99900 80.03150 36.27784 0.36252 100.07075 -0.00000049493039000481
100000 80.03022 36.25147 0.36226 100.07095 -0.00000052944076855965
