#Arquivo Dados/ColetaWeb95.txt 
#Parâmetros(Ocupação: 95.00%, Capacidade: 371368.421 bps)
#Coleta|Ocupação|E(n)|E(w)|lambda|Little

100 94.76950 19.14518 0.19082 100.33000 -0.00000000000125055521
200 95.03199 21.55258 0.21516 100.17000 0.00000000002442135383
300 94.58532 18.63663 0.18568 100.37000 0.00000000003464606380
400 94.04607 16.73310 0.16788 99.67250 0.00000000002826894274
500 94.43685 17.63600 0.17681 99.74600 -0.00000000001065814104
600 94.07161 16.83536 0.16907 99.57833 -0.00000000003135625093
700 94.14525 16.62579 0.16692 99.60571 -0.00000000005621458854
800 94.08638 16.28290 0.16324 99.74625 -0.00000000015156942368
900 94.17590 16.35574 0.16397 99.75111 -0.00000000006301092981
1000 94.04112 16.07132 0.16122 99.68300 0.00000000003161559903
1100 94.19807 16.13234 0.16169 99.77182 0.00000000066349059580
1200 94.10877 15.82706 0.15884 99.64417 0.00000000025785240609
1300 94.22018 15.93140 0.15971 99.74923 0.00000000102265040880
1400 94.43997 16.23779 0.16263 99.84500 0.00000000071690564596
1500 94.46481 16.54940 0.16582 99.80400 0.00000000121169563272
1600 94.48643 16.44594 0.16474 99.82688 0.00000000129328725507
1700 94.51220 16.55692 0.16585 99.83235 0.00000000205524131047
1800 94.71239 17.47400 0.17484 99.94111 0.00000000183867499004
1900 94.66405 17.22597 0.17244 99.89526 0.00000000132396493768
2000 94.68009 17.32778 0.17348 99.88400 0.00000000133170274808
2100 94.67347 17.37914 0.17396 99.90333 0.00000000072065020618
2200 94.66223 17.38475 0.17405 99.88364 0.00000000033610092487
2300 94.72675 17.65051 0.17661 99.93826 -0.00000000004074962590
2400 94.64712 17.51831 0.17541 99.87333 0.00000000001194777610
2500 94.66728 17.40862 0.17433 99.85840 -0.00000000089018925564
2600 94.65874 17.30674 0.17341 99.79962 -0.00000000203528571774
2700 94.58996 17.08420 0.17123 99.77519 0.00000000017819701270
2800 94.66274 17.41891 0.17448 99.83607 0.00000000075707262681
2900 94.69432 17.50712 0.17535 99.84000 0.00000000102485486764
3000 94.76033 17.66292 0.17683 99.88633 0.00000000084400042510
3100 94.76993 17.68158 0.17698 99.90677 -0.00000000002216182793
3200 94.86835 18.12589 0.18130 99.97469 -0.00000000083286977315
3300 94.86995 18.05809 0.18054 100.02000 -0.00000000179392500854
3400 94.92845 18.21172 0.18206 100.03176 -0.00000000216987317003
3500 94.93224 18.17047 0.18164 100.03314 -0.00000000349568196611
3600 94.96648 18.37844 0.18367 100.06222 -0.00000000193995219888
3700 94.94672 18.24084 0.18230 100.06189 -0.00000000191073468159
3800 94.97046 18.25360 0.18240 100.07711 -0.00000000155160861937
3900 94.91159 18.03598 0.18024 100.06744 -0.00000000218289386567
4000 94.90251 17.92492 0.17915 100.05425 -0.00000000113109521749
4100 94.90303 17.89329 0.17882 100.06488 0.00000000028519053785
4200 94.87542 17.75365 0.17748 100.03357 0.00000000012083134493
4300 94.89993 18.02302 0.18020 100.01814 0.00000000025012170113
4400 94.92779 18.14766 0.18144 100.01864 0.00000000145874778923
4500 94.92985 18.07309 0.18069 100.02111 0.00000000133720590156
4600 94.93137 18.03597 0.18035 100.00609 0.00000000189453430721
4700 94.94574 17.94358 0.17936 100.04170 0.00000000013012169120
4800 94.94138 17.84624 0.17837 100.04958 0.00000000133077548981
4900 94.96184 17.94486 0.17931 100.07633 0.00000000072710548693
5000 95.00308 17.99054 0.17974 100.09040 -0.00000000285866263994
5100 95.03085 18.03228 0.18015 100.09784 -0.00000000438931024860
5200 94.98902 17.91937 0.17907 100.06865 -0.00000000297250224435
5300 95.01551 18.11310 0.18099 100.07792 -0.00000000051730708606
5400 95.03734 18.22252 0.18206 100.09222 -0.00000000069169558969
5500 95.01985 18.19845 0.18184 100.07927 -0.00000000137171696224
5600 95.03843 18.18232 0.18173 100.05304 -0.00000000107216280298
5700 95.04814 18.14543 0.18133 100.06947 -0.00000000195938198999
5800 95.06323 18.26760 0.18254 100.07690 -0.00000000130714283841
5900 95.06811 18.18874 0.18178 100.05932 0.00000000014471623899
6000 95.05776 18.16532 0.18160 100.02733 -0.00000000113601572593
6100 95.04320 18.09172 0.18089 100.01639 -0.00000000215542073079
6200 95.04231 18.19866 0.18192 100.03419 -0.00000000243205633410
6300 95.05279 18.22790 0.18224 100.02381 -0.00000000237984920659
6400 95.04828 18.21655 0.18213 100.01984 -0.00000000260739341229
6500 95.06437 18.24846 0.18245 100.02092 -0.00000000206153671911
6600 95.04327 18.18009 0.18176 100.02439 -0.00000000169712066622
6700 95.00426 18.06473 0.18061 100.01851 0.00000000307101899466
6800 95.01311 18.14834 0.18143 100.03088 0.00000000145626444237
6900 94.97696 18.03563 0.18031 100.02391 0.00000000123982601963
7000 94.97367 17.98583 0.17985 100.00300 0.00000000084455820115
7100 95.00732 18.25891 0.18256 100.01324 -0.00000000174497927219
7200 94.99189 18.26058 0.18262 99.99181 -0.00000000082713214056
7300 95.00077 18.34493 0.18346 99.99288 0.00000000227815988296
7400 94.99502 18.35462 0.18355 99.99851 0.00000000374728159613
7500 94.98004 18.31480 0.18318 99.98227 0.00000000381489684287
7600 95.01129 18.36003 0.18364 99.97789 0.00000000232385488630
7700 95.01733 18.39857 0.18403 99.97688 0.00000000179751324936
7800 95.01739 18.39498 0.18401 99.96808 0.00000000128400756694
7900 95.00962 18.34874 0.18358 99.94823 0.00000000365530183899
8000 95.00082 18.30646 0.18318 99.93762 0.00000000169967506736
8100 95.00791 18.34168 0.18352 99.94630 0.00000000512306996825
8200 94.98261 18.27644 0.18287 99.94463 0.00000000126577148762
8300 94.95841 18.20209 0.18215 99.92976 -0.00000000134594557721
8400 94.96541 18.26551 0.18277 99.93726 0.00000000151277745886
8500 94.95849 18.22377 0.18236 99.93271 0.00000000309375991492
8600 94.97149 18.23437 0.18245 99.94023 0.00000000142908618272
8700 94.98844 18.22466 0.18235 99.94356 0.00000000007773692801
8800 94.99428 18.24267 0.18255 99.93330 0.00000000033852742831
8900 94.99634 18.22815 0.18242 99.92483 0.00000000100246566603
9000 94.97284 18.14718 0.18162 99.91600 0.00000000283314349758
9100 94.94276 18.05889 0.18074 99.91549 0.00000000310309289375
9200 94.95502 18.07672 0.18091 99.92283 0.00000000362138408150
9300 94.95026 18.14112 0.18156 99.91581 0.00000000182945925076
9400 94.94801 18.15519 0.18171 99.91266 -0.00000000507934316829
9500 94.96379 18.24613 0.18260 99.92432 -0.00000000622791063165
9600 94.95916 18.18584 0.18201 99.91917 -0.00000000914079123504
9700 94.94436 18.14775 0.18166 99.90021 -0.00000000839516189899
9800 94.94358 18.11204 0.18130 99.90224 0.00000000030286173569
9900 94.94987 18.10967 0.18127 99.90657 0.00000000491987250939
10000 94.94674 18.11288 0.18134 99.88290 0.00000000666288002549
10100 94.96955 18.19983 0.18220 99.89188 0.00000000622346263413
10200 94.96221 18.21272 0.18231 99.89735 0.00000000135789690603
10300 94.96389 18.21604 0.18234 99.90398 -0.00000000300297386957
10400 94.96956 18.19288 0.18210 99.90375 -0.00000000240957831465
10500 94.96692 18.15612 0.18174 99.90257 -0.00000000409119493838
10600 94.97017 18.10924 0.18125 99.91472 -0.00000000179908354880
10700 94.96877 18.08701 0.18102 99.91645 0.00000000503990094103
10800 94.97423 18.09419 0.18109 99.91639 0.00000000510858910729
10900 94.96458 18.04542 0.18063 99.90349 -0.00000000290952328896
11000 94.97733 18.06405 0.18079 99.92000 0.00000000249726994639
11100 94.98691 18.13413 0.18148 99.92279 -0.00000000218735252133
11200 94.98876 18.15858 0.18174 99.91330 -0.00000000350076234668
11300 94.97357 18.08983 0.18106 99.91212 0.00000000066793504061
11400 94.96838 18.04308 0.18059 99.90956 0.00000000261005084212
11500 94.97045 18.05133 0.18068 99.90939 0.00000000173849912244
11600 94.97439 18.16108 0.18176 99.91888 -0.00000000308953573835
11700 94.98951 18.19327 0.18206 99.93009 0.00000000198456007183
11800 94.99735 18.19443 0.18206 99.93873 0.00000000033112357301
11900 94.99850 18.18827 0.18200 99.93429 0.00000000055975846180
12000 94.99151 18.14250 0.18154 99.93658 -0.00000000263568722403
12100 95.00908 18.33761 0.18347 99.94860 -0.00000000676471856309
12200 95.02471 18.52702 0.18538 99.94344 -0.00000000494542717888
12300 95.00482 18.46942 0.18483 99.92650 -0.00000000610620887187
12400 95.02298 18.48600 0.18498 99.93766 -0.00000000708671876737
12500 95.01897 18.44148 0.18453 99.93648 -0.00000000426677004839
12600 95.01898 18.41617 0.18427 99.94024 -0.00000000399667143824
12700 95.03002 18.47467 0.18484 99.94693 -0.00000000311530001795
12800 95.02882 18.45161 0.18461 99.94906 -0.00000000322584980950
12900 95.01613 18.41975 0.18431 99.93783 -0.00000000081142914610
13000 95.01894 18.40752 0.18420 99.93462 0.00000000270866706842
13100 95.01961 18.38045 0.18395 99.92198 -0.00000000006958345011
13200 95.01828 18.40536 0.18420 99.91788 0.00000000994278792632
13300 95.02566 18.37765 0.18391 99.92534 0.00000000957855306183
13400 95.01091 18.32613 0.18341 99.91918 0.00000000691372292749
13500 95.00197 18.28616 0.18302 99.91422 0.00000000465486138523
13600 95.01751 18.35785 0.18373 99.91816 0.00000000889805207294
13700 95.03019 18.54140 0.18554 99.93343 0.00000001143105166079
13800 95.02003 18.48619 0.18499 99.92913 0.00000001070935340408
13900 95.03301 18.52191 0.18534 99.93626 0.00000000705704295001
14000 95.04391 18.57960 0.18589 99.94693 0.00000000425541912819
14100 95.03908 18.53801 0.18546 99.95426 0.00000000536494226822
14200 95.03819 18.55839 0.18568 99.94782 -0.00000000021035262421
14300 95.04564 18.55942 0.18568 99.95210 0.00000000300244096252
14400 95.05211 18.56512 0.18573 99.95896 0.00000000869840732776
14500 95.06706 18.65116 0.18657 99.96869 0.00000000275767320090
14600 95.04960 18.59412 0.18602 99.96027 -0.00000000473814409929
14700 95.05992 18.60610 0.18611 99.97510 -0.00000000475997197213
14800 95.06137 18.59093 0.18596 99.97061 -0.00000000376417830239
14900 95.04126 18.54098 0.18548 99.96114 -0.00000000937545863167
15000 95.02701 18.49933 0.18507 99.95707 -0.00000001159935436590
15100 95.02484 18.49097 0.18499 99.95543 -0.00000002229369400197
15200 95.04035 18.62485 0.18633 99.95441 -0.00000002712585001063
15300 95.03431 18.59864 0.18609 99.94405 -0.00000003060100794983
15400 95.03344 18.60732 0.18619 99.93753 -0.00000002411717758832
15500 95.03761 18.58967 0.18602 99.93232 -0.00000002469692361728
15600 95.05406 18.71110 0.18721 99.94763 -0.00000002451844594020
15700 95.05882 18.69770 0.18705 99.95854 -0.00000002594875780915
15800 95.05757 18.68361 0.18692 99.95551 -0.00000002165818457911
15900 95.04573 18.64042 0.18651 99.94396 -0.00000001635985213966
16000 95.03544 18.60564 0.18616 99.94175 -0.00000001668104232522
16100 95.02973 18.61134 0.18624 99.93391 -0.00000001977795704988
16200 95.03473 18.61906 0.18630 99.93932 -0.00000002936726772873
16300 95.04418 18.62506 0.18635 99.94883 -0.00000002997790460313
16400 95.04351 18.63556 0.18646 99.94482 -0.00000002568615542486
16500 95.04501 18.65021 0.18661 99.93988 -0.00000001926328607738
16600 95.04956 18.62596 0.18635 99.95054 -0.00000001475476807400
16700 95.05147 18.61056 0.18619 99.95222 -0.00000001753252831804
16800 95.04717 18.58630 0.18594 99.95750 -0.00000001628461987480
16900 95.05546 18.60072 0.18607 99.96521 -0.00000002386294895018
17000 95.05754 18.59653 0.18604 99.96135 -0.00000001996878040700
17100 95.06230 18.59979 0.18606 99.96404 -0.00000001720459863463
17200 95.07904 18.66889 0.18673 99.97558 -0.00000001114451464446
17300 95.08958 18.68910 0.18692 99.98254 -0.00000000935099819799
17400 95.08632 18.66005 0.18664 99.98029 -0.00000000821619394742
17500 95.08018 18.62462 0.18629 99.97469 -0.00000000755087370408
17600 95.08459 18.62498 0.18630 99.97358 -0.00000000605553296396
17700 95.09029 18.65756 0.18663 99.96847 -0.00000000478796025050
17800 95.09843 18.69085 0.18696 99.97017 0.00000000030261659845
17900 95.09565 18.68594 0.18692 99.96682 -0.00000000084267526290
18000 95.09719 18.66281 0.18668 99.97328 -0.00000000713393788487
18100 95.09060 18.65731 0.18662 99.97486 -0.00000000890415918775
18200 95.10873 18.77153 0.18774 99.98434 -0.00000001166654683971
18300 95.11404 18.77682 0.18777 99.99645 -0.00000000620302031962
18400 95.11076 18.74511 0.18746 99.99728 -0.00000000578101122528
18500 95.11691 18.73624 0.18735 100.00578 -0.00000000482868145468
18600 95.13577 19.02148 0.19018 100.01591 -0.00000000729779259245
18700 95.13686 19.01590 0.19012 100.01818 -0.00000001082510081574
18800 95.13677 19.00681 0.19003 100.01941 -0.00000002344679828070
18900 95.13294 18.98389 0.18980 100.01984 -0.00000001627979528962
19000 95.12789 18.95145 0.18949 100.01300 -0.00000001761330992167
19100 95.12864 18.95281 0.18950 100.01424 -0.00000001511731895221
19200 95.12315 18.92842 0.18926 100.01396 -0.00000002188501468936
19300 95.12750 18.92409 0.18921 100.01653 -0.00000002535946919124
19400 95.11616 18.89713 0.18895 100.01253 -0.00000002151628919478
19500 95.12278 18.93512 0.18932 100.01610 -0.00000002781433394716
19600 95.11519 18.90484 0.18903 100.01020 -0.00000002062439818928
19700 95.11492 18.89818 0.18895 100.01635 -0.00000003766740164224
19800 95.10363 18.86674 0.18865 100.00934 -0.00000002991591330215
19900 95.10358 18.85115 0.18849 100.01121 -0.00000002743512794723
20000 95.10378 18.94788 0.18946 100.01185 -0.00000004053473290355
20100 95.12061 19.40390 0.19402 100.01050 -0.00000003477761723047
20200 95.12256 19.40204 0.19400 100.01183 -0.00000002328550152697
20300 95.11985 19.38049 0.19379 100.00621 -0.00000001827601892046
20400 95.12193 19.36023 0.19359 100.00574 -0.00000003161192196899
20500 95.12094 19.34434 0.19343 100.00717 -0.00000001971050522798
20600 95.11923 19.31578 0.19316 99.99893 -0.00000002267544729762
20700 95.11028 19.28723 0.19289 99.99048 -0.00000002634823204062
20800 95.10950 19.28032 0.19282 99.99168 -0.00000002274327925988
20900 95.11616 19.28349 0.19284 99.99708 -0.00000001221591716671
21000 95.12580 19.33473 0.19334 100.00262 -0.00000001417834738504
21100 95.11986 19.30832 0.19308 100.00389 -0.00000001676190564126
21200 95.12070 19.31290 0.19312 100.00491 -0.00000002547823285681
21300 95.12178 19.31021 0.19310 100.00221 -0.00000002873053617236
21400 95.12612 19.31351 0.19314 99.99953 -0.00000003267017945063
21500 95.11322 19.26767 0.19269 99.99051 -0.00000002590908820821
21600 95.11684 19.26662 0.19268 99.99134 -0.00000002723092862311
21700 95.12619 19.29800 0.19299 99.99659 -0.00000002220797412633
21800 95.12924 19.28730 0.19288 99.99601 -0.00000002761967365927
21900 95.13241 19.29746 0.19297 100.00352 -0.00000002883668770437
22000 95.12680 19.27213 0.19272 99.99850 -0.00000003455251373907
22100 95.13043 19.26816 0.19267 100.00548 -0.00000004397733022188
22200 95.12802 19.30194 0.19301 100.00329 -0.00000004497600869513
22300 95.12739 19.28217 0.19282 100.00215 -0.00000004868896397170
22400 95.11891 19.25867 0.19259 99.99621 -0.00000005218339182989
22500 95.11443 19.23156 0.19234 99.98853 -0.00000004619474935907
22600 95.11945 19.22144 0.19223 99.98978 -0.00000005135946778978
22700 95.12250 19.19753 0.19200 99.98863 -0.00000005691612514624
22800 95.11983 19.16957 0.19170 99.99610 -0.00000005408737635548
22900 95.12090 19.17729 0.19178 99.99463 -0.00000004461387703714
23000 95.10923 19.13955 0.19143 99.98430 -0.00000004497007921600
23100 95.11240 19.14348 0.19146 99.98831 -0.00000004646472007153
23200 95.10803 19.11683 0.19119 99.98746 -0.00000004287511146117
23300 95.11793 19.15489 0.19156 99.99361 -0.00000004315028334645
23400 95.11992 19.17960 0.19180 99.99684 -0.00000004698439681761
23500 95.10975 19.14347 0.19146 99.98851 -0.00000004990456403675
23600 95.11786 19.15635 0.19157 99.99581 -0.00000004328883207450
23700 95.11838 19.14803 0.19149 99.99304 -0.00000004515208118505
23800 95.12012 19.14557 0.19147 99.99500 -0.00000005053840013147
23900 95.11387 19.13317 0.19135 99.99126 -0.00000005242428358088
24000 95.10746 19.09828 0.19100 99.99121 -0.00000005597106067512
24100 95.10785 19.08676 0.19089 99.98730 -0.00000005036162775696
24200 95.11000 19.09237 0.19094 99.99050 -0.00000005348051601572
24300 95.10799 19.08451 0.19086 99.99432 -0.00000004503595718575
24400 95.09890 19.04582 0.19048 99.98770 -0.00000003998789210868
24500 95.09378 19.04215 0.19045 99.98343 -0.00000003227192024724
24600 95.09346 19.04429 0.19048 99.98232 -0.00000004339871395587
24700 95.08978 19.02044 0.19024 99.98138 -0.00000004224319027912
24800 95.08965 19.01060 0.19015 99.97935 -0.00000004341531578689
24900 95.09506 19.02082 0.19025 99.97952 -0.00000004218298954584
25000 95.08718 18.98828 0.18992 99.97948 -0.00000005128221403083
25100 95.08686 18.97913 0.18984 99.97311 -0.00000005281961534820
25200 95.08733 18.96552 0.18972 99.96825 -0.00000005583503792650
25300 95.09143 18.95284 0.18958 99.97360 -0.00000005313224349379
25400 95.09405 18.97175 0.18976 99.97701 -0.00000005721070550635
25500 95.10029 18.99390 0.18998 99.97953 -0.00000005630106869603
25600 95.09405 18.98457 0.18989 99.97695 -0.00000005188108076482
25700 95.09497 18.96620 0.18971 99.97292 -0.00000004483609217232
25800 95.10052 19.02153 0.19026 99.97488 -0.00000004662078012529
25900 95.10841 19.17116 0.19174 99.98320 -0.00000004383478469094
26000 95.09990 19.16789 0.19171 99.98435 -0.00000004181401180858
26100 95.09102 19.13255 0.19136 99.98268 -0.00000004102820838625
26200 95.08534 19.10633 0.19110 99.98115 -0.00000005303607508722
26300 95.08532 19.09862 0.19102 99.98114 -0.00000005020226723218
26400 95.09057 19.10342 0.19106 99.98795 -0.00000003548342064619
26500 95.08605 19.08007 0.19082 99.99008 -0.00000003069979115367
26600 95.08930 19.09502 0.19096 99.99312 -0.00000004371185013952
26700 95.09306 19.10644 0.19107 99.99494 -0.00000006013049613784
26800 95.09345 19.11060 0.19112 99.99112 -0.00000007507755128700
26900 95.09479 19.09816 0.19099 99.99520 -0.00000006428695442651
27000 95.09574 19.09614 0.19097 99.99630 -0.00000004118133745123
27100 95.10527 19.12553 0.19125 100.00077 -0.00000003577660123710
27200 95.09727 19.09570 0.19096 99.99647 -0.00000003589165231688
27300 95.10074 19.07948 0.19079 100.00121 -0.00000001922342107719
27400 95.10515 19.07630 0.19075 100.00496 -0.00000000615448314534
27500 95.10450 19.06543 0.19065 100.00287 -0.00000000005129408009
27600 95.09839 19.03735 0.19038 99.99761 0.00000001383176240211
27700 95.09658 19.02915 0.19030 99.99509 0.00000000778743469709
27800 95.10610 19.05304 0.19053 99.99968 0.00000001024615414735
27900 95.10197 19.03096 0.19031 99.99982 0.00000000955645873546
28000 95.09603 19.01064 0.19012 99.99446 -0.00000000804429944878
28100 95.10651 19.03513 0.19035 100.00096 -0.00000000777157183052
28200 95.10691 19.01743 0.19017 100.00262 0.00000000575898084776
28300 95.10964 19.01162 0.19012 99.99848 0.00000000658060983483
28400 95.11036 18.99644 0.18996 100.00208 0.00000000574112490881
28500 95.10974 18.99081 0.18990 100.00463 0.00000001745324595959
28600 95.11012 18.99234 0.18991 100.00668 0.00000003136115367397
28700 95.11159 19.01863 0.19017 100.00847 0.00000004417878329832
28800 95.11450 19.03962 0.19037 100.01267 0.00000004840950040830
28900 95.10973 19.01927 0.19018 100.00526 0.00000005265378533181
29000 95.11695 19.03107 0.19029 100.00834 0.00000004157058342003
29100 95.11677 19.03045 0.19029 100.00938 0.00000004950564402861
29200 95.11341 19.00808 0.19006 100.00921 0.00000004322295765746
29300 95.11268 18.98370 0.18982 100.00843 0.00000004379914031460
29400 95.10895 18.97982 0.18977 100.01412 0.00000005330616659194
29500 95.11776 19.01069 0.19007 100.01831 0.00000006821469966667
29600 95.11945 19.00789 0.19004 100.02095 0.00000008715760912992
29700 95.12106 19.02983 0.19025 100.02488 0.00000009117393062752
29800 95.11915 19.00632 0.19001 100.02554 0.00000010036172071182
29900 95.12131 19.00967 0.19004 100.03000 0.00000008757175962160
30000 95.11745 18.99353 0.18988 100.02913 0.00000007330741524925
30100 95.12357 19.00847 0.19002 100.03429 0.00000007647905775343
30200 95.12033 18.99320 0.18987 100.03348 0.00000007327221140940
30300 95.12290 18.98482 0.18978 100.03409 0.00000007291054160419
30400 95.11699 18.97118 0.18965 100.03079 0.00000005793246060648
30500 95.12067 18.97308 0.18967 100.03131 0.00000006420454212730
30600 95.11459 18.95820 0.18951 100.03595 0.00000007977221727629
30700 95.10976 18.93121 0.18925 100.03336 0.00000007263076895470
30800 95.11246 18.93414 0.18927 100.03812 0.00000007923273770416
30900 95.10772 18.91154 0.18906 100.03094 0.00000009544478984935
31000 95.10635 18.89706 0.18892 100.02832 0.00000010175408959867
31100 95.10777 18.88916 0.18883 100.03215 0.00000011001949928868
31200 95.11213 18.89229 0.18886 100.03513 0.00000011555561130194
31300 95.11837 18.91726 0.18910 100.03907 0.00000012169010688012
31400 95.11337 18.89653 0.18890 100.03697 0.00000011325557380815
31500 95.11884 18.93951 0.18932 100.03816 0.00000010168747976991
31600 95.11274 18.91664 0.18910 100.03364 0.00000009250989307930
31700 95.12072 18.93152 0.18924 100.03744 0.00000008840924792253
31800 95.12494 18.93613 0.18930 100.03381 0.00000009840403691896
31900 95.12882 18.93839 0.18931 100.03727 0.00000011082671136364
32000 95.12202 18.91779 0.18911 100.03647 0.00000010565301522547
32100 95.11584 18.89085 0.18885 100.03193 0.00000009946617041123
32200 95.11387 18.89282 0.18887 100.03047 0.00000010532664873608
32300 95.11654 18.90131 0.18895 100.03084 0.00000010233577185659
32400 95.12011 18.93123 0.18925 100.03336 0.00000010314495213493
32500 95.11261 18.90861 0.18903 100.02948 0.00000008983436217136
32600 95.11331 18.91474 0.18908 100.03555 0.00000010300128039376
32700 95.10656 18.90029 0.18895 100.03052 0.00000010093718572080
32800 95.10663 18.89335 0.18888 100.02732 0.00000009435234105126
32900 95.10822 18.88679 0.18882 100.02660 0.00000009756414698359
33000 95.10786 18.87645 0.18871 100.02824 0.00000009770692344091
33100 95.10851 18.87806 0.18873 100.02819 0.00000008930617667602
33200 95.10440 18.85498 0.18850 100.02825 0.00000008337122636703
33300 95.10500 18.86922 0.18864 100.02790 0.00000007439681937171
33400 95.10331 18.85546 0.18850 100.02653 0.00000007140098290392
33500 95.10201 18.84715 0.18843 100.02245 0.00000006667674057326
33600 95.09789 18.82924 0.18826 100.01792 0.00000006606908797835
33700 95.10240 18.82798 0.18824 100.02249 0.00000006525614182351
33800 95.09643 18.80936 0.18805 100.02151 0.00000004435474210140
33900 95.10228 18.82065 0.18816 100.02230 0.00000004530973640726
34000 95.10442 18.82230 0.18818 100.02497 0.00000004937546904671
34100 95.09959 18.81658 0.18812 100.02293 0.00000005025798444080
34200 95.09726 18.79737 0.18793 100.02102 0.00000005719482487621
34300 95.09865 18.79227 0.18788 100.02064 0.00000005520447032836
34400 95.10372 18.81951 0.18815 100.02355 0.00000004591139912691
34500 95.10594 18.82653 0.18822 100.02612 0.00000004394497921112
34600 95.10713 18.83299 0.18828 100.02841 0.00000006211269720779
34700 95.10411 18.82563 0.18821 100.02418 0.00000004210136239635
34800 95.09997 18.80271 0.18799 100.02181 0.00000004316761703649
34900 95.09989 18.79810 0.18794 100.01937 0.00000004360066796494
35000 95.10421 18.80403 0.18800 100.01943 0.00000003972840900701
35100 95.10338 18.80090 0.18797 100.01954 0.00000003632501943684
35200 95.09618 18.78160 0.18779 100.01409 0.00000003129697745408
35300 95.09411 18.76920 0.18767 100.01348 0.00000003473864040870
35400 95.10019 18.77433 0.18771 100.01983 0.00000003538731618846
35500 95.09602 18.75322 0.18750 100.01935 0.00000003723210184603
35600 95.09352 18.73376 0.18730 100.02140 0.00000005098371502754
35700 95.09458 18.72733 0.18723 100.02255 0.00000004061902103558
35800 95.09048 18.72536 0.18721 100.02176 0.00000006328367163633
35900 95.08599 18.71472 0.18711 100.02209 0.00000007050628525462
36000 95.08051 18.69319 0.18690 100.01681 0.00000006929642637488
36100 95.07987 18.68474 0.18682 100.01615 0.00000006487717385539
36200 95.08239 18.68613 0.18683 100.01638 0.00000005784622914007
36300 95.08312 18.69923 0.18696 100.01810 0.00000006390526863242
36400 95.08390 18.70133 0.18698 100.01901 0.00000006677657182763
36500 95.08365 18.70006 0.18696 100.02156 0.00000005049659179690
36600 95.08552 18.71251 0.18708 100.02440 0.00000004981394141623
36700 95.08192 18.70498 0.18701 100.02019 0.00000005110298673117
36800 95.08721 18.72865 0.18725 100.02187 0.00000006572306432417
36900 95.08838 18.73372 0.18730 100.02179 0.00000006543043085117
37000 95.09202 18.75339 0.18749 100.02343 0.00000007979107152778
37100 95.09099 18.76237 0.18758 100.02183 0.00000006724711454353
37200 95.08138 18.73656 0.18734 100.01532 0.00000007078815755790
37300 95.07862 18.72487 0.18722 100.01381 0.00000007565509818619
37400 95.07686 18.71583 0.18713 100.01535 0.00000007708902671766
37500 95.07317 18.69938 0.18697 100.01328 0.00000006637442950819
37600 95.06930 18.68456 0.18683 100.00941 0.00000003401726189622
37700 95.06468 18.66389 0.18663 100.00321 0.00000003593107322786
37800 95.06401 18.65281 0.18652 100.00442 0.00000003175665241884
37900 95.06517 18.67417 0.18673 100.00480 0.00000003023190231488
38000 95.06094 18.66284 0.18662 100.00424 0.00000003594186637201
38100 95.06133 18.65655 0.18655 100.00593 0.00000004496817496147
38200 95.06256 18.66440 0.18663 100.00869 0.00000003232085177274
38300 95.05905 18.64532 0.18645 100.00324 0.00000004942895159843
38400 95.05641 18.62795 0.18627 100.00674 0.00000004519842278228
38500 95.05770 18.62599 0.18624 100.01044 0.00000004313154278179
38600 95.06072 18.62996 0.18628 100.01016 0.00000005220344334589
38700 95.06346 18.63189 0.18631 100.00646 0.00000005614383624675
38800 95.06141 18.62743 0.18626 100.01000 0.00000009080936536066
38900 95.06734 18.62997 0.18628 100.01201 0.00000010305545217193
39000 95.06732 18.62648 0.18624 100.01123 0.00000009229338360228
39100 95.06958 18.62026 0.18618 100.01125 0.00000008464100886840
39200 95.07188 18.61884 0.18617 100.01000 0.00000008814035012961
39300 95.06470 18.60472 0.18604 100.00453 0.00000007436583615572
39400 95.07064 18.63542 0.18634 100.01003 0.00000009964989544642
39500 95.06923 18.62477 0.18623 100.00949 0.00000011207449901462
39600 95.07172 18.63584 0.18634 100.01043 0.00000012420538197944
39700 95.06965 18.62469 0.18622 100.01217 0.00000011148917167247
39800 95.07605 18.64949 0.18646 100.01859 0.00000011589958504032
39900 95.07559 18.64557 0.18642 100.01905 0.00000010596101773785
40000 95.07352 18.64021 0.18637 100.01860 0.00000010291521945760
40100 95.07611 18.63256 0.18629 100.01910 0.00000008583186428268
40200 95.07740 18.62609 0.18623 100.01881 0.00000009678390000545
40300 95.07969 18.61951 0.18616 100.02072 0.00000008568018117217
40400 95.08294 18.62578 0.18621 100.02411 0.00000009131793987649
40500 95.08228 18.61766 0.18613 100.02281 0.00000008146449559376
40600 95.08857 18.64965 0.18644 100.02820 0.00000008751050728506
40700 95.09357 18.65385 0.18649 100.02759 0.00000006518165207581
40800 95.08850 18.63648 0.18632 100.02417 0.00000007456753436941
40900 95.08795 18.62389 0.18620 100.02188 0.00000008324368039325
41000 95.09019 18.62588 0.18622 100.02078 0.00000008655176841899
41100 95.09600 18.64018 0.18636 100.02280 0.00000009248704557763
41200 95.09865 18.63615 0.18632 100.02357 0.00000008676297724719
41300 95.09799 18.62676 0.18622 100.02424 0.00000006745379366180
41400 95.10050 18.65921 0.18654 100.02614 0.00000005531226321409
41500 95.09543 18.64969 0.18645 100.02571 0.00000005892357535231
41600 95.09829 18.65085 0.18646 100.02714 0.00000004771856154662
41700 95.09045 18.63768 0.18633 100.02588 0.00000005792417923089
41800 95.09080 18.63700 0.18632 100.02529 0.00000004595390734607
41900 95.08706 18.62472 0.18620 100.02282 0.00000005161720295632
42000 95.08364 18.61089 0.18607 100.02012 0.00000004451237245462
42100 95.08247 18.60700 0.18603 100.01884 0.00000003822657390629
42200 95.08014 18.59979 0.18597 100.01488 0.00000005535075686680
42300 95.08035 18.59918 0.18596 100.01442 0.00000005677279091287
42400 95.08194 18.59018 0.18587 100.01644 0.00000005733386387874
42500 95.08522 18.61247 0.18609 100.01845 0.00000006010882103169
42600 95.08352 18.61452 0.18611 100.01653 0.00000004978201317840
42700 95.08717 18.62362 0.18620 100.01897 0.00000003875842580214
42800 95.08235 18.60977 0.18606 100.01776 0.00000003086387323492
42900 95.07982 18.59856 0.18595 100.01671 0.00000002798705267537
43000 95.08649 18.62545 0.18622 100.01821 0.00000002542916632819
43100 95.08336 18.61817 0.18615 100.01865 0.00000004360837380091
43200 95.08067 18.60276 0.18599 100.01771 0.00000003722965047359
43300 95.08000 18.60364 0.18600 100.01794 0.00000004029033462416
43400 95.08138 18.60378 0.18600 100.01896 0.00000004634170380768
43500 95.08848 18.66111 0.18657 100.02283 0.00000003404673520890
43600 95.08820 18.64731 0.18644 100.02009 0.00000002729490944375
43700 95.09331 18.65627 0.18652 100.02215 0.00000001893734946634
43800 95.09690 18.67884 0.18674 100.02500 0.00000000948734424355
43900 95.09042 18.66265 0.18658 100.02244 0.00000001529283011337
44000 95.09301 18.67301 0.18669 100.02373 0.00000003231222223121
44100 95.09192 18.66700 0.18663 100.02154 0.00000001568418639408
44200 95.08916 18.66501 0.18661 100.02050 0.00000001131040505697
44300 95.08736 18.64938 0.18646 100.01898 -0.00000001614599298705
44400 95.08901 18.64990 0.18646 100.02146 -0.00000000218753726244
44500 95.09269 18.65716 0.18653 100.02297 -0.00000001181417630391
44600 95.09090 18.64683 0.18642 100.02439 -0.00000001712692920819
44700 95.09001 18.65029 0.18645 100.02696 -0.00000000730882376843
44800 95.08431 18.64719 0.18643 100.02248 -0.00000002533538534522
44900 95.08368 18.64473 0.18641 100.02171 -0.00000001076469757777
45000 95.08727 18.66743 0.18663 100.02509 0.00000000053562132507
45100 95.08937 18.67289 0.18667 100.02967 -0.00000001320206521882
45200 95.09016 18.66993 0.18664 100.03159 -0.00000002967091816686
45300 95.08828 18.66637 0.18661 100.02896 -0.00000003472979059893
45400 95.08609 18.66639 0.18661 100.02907 -0.00000004328362024353
45500 95.08607 18.67767 0.18672 100.02789 -0.00000004261586639132
45600 95.08161 18.66902 0.18664 100.02487 -0.00000005860952612124
45700 95.07914 18.65669 0.18653 100.02217 -0.00000006557586473832
45800 95.07172 18.63913 0.18636 100.01504 -0.00000006684967956971
45900 95.07113 18.63052 0.18628 100.01292 -0.00000007035225735308
46000 95.07043 18.62701 0.18625 100.01130 -0.00000007448774042018
46100 95.07548 18.64904 0.18647 100.01230 -0.00000005750928266934
46200 95.07474 18.64202 0.18640 100.01186 -0.00000006843308497650
46300 95.07455 18.63650 0.18634 100.01136 -0.00000007313172289969
46400 95.07654 18.64381 0.18641 100.01494 -0.00000006956546627634
46500 95.07714 18.63682 0.18634 100.01273 -0.00000008561421793729
46600 95.07373 18.63323 0.18631 100.01032 -0.00000007527011547381
46700 95.07409 18.63068 0.18628 100.01191 -0.00000010102878178486
46800 95.07294 18.63022 0.18628 100.01013 -0.00000012501539359278
46900 95.07152 18.62270 0.18621 100.01109 -0.00000011990199055845
47000 95.06826 18.62724 0.18626 100.00923 -0.00000011683022549391
47100 95.06418 18.61213 0.18611 100.00756 -0.00000012365416779403
47200 95.05873 18.59594 0.18595 100.00525 -0.00000013439427348771
47300 95.06107 18.59766 0.18596 100.00662 -0.00000013145696797778
47400 95.05587 18.57804 0.18577 100.00568 -0.00000012255737402711
47500 95.05636 18.57764 0.18576 100.00691 -0.00000011389449738886
47600 95.05210 18.55969 0.18558 100.00706 -0.00000010892324198153
47700 95.05218 18.55793 0.18556 100.00816 -0.00000011152149781424
47800 95.05405 18.56184 0.18560 100.01165 -0.00000011839280489312
47900 95.05441 18.55505 0.18553 100.01121 -0.00000014005697224206
48000 95.04853 18.53494 0.18533 100.00946 -0.00000013625484385216
48100 95.04502 18.52497 0.18523 100.00857 -0.00000015336077296979
48200 95.03798 18.50541 0.18505 100.00396 -0.00000016820164816522
48300 95.03989 18.50366 0.18503 100.00590 -0.00000016049181894573
48400 95.04071 18.49629 0.18495 100.00545 -0.00000016773381616986
48500 95.04234 18.49586 0.18495 100.00647 -0.00000017281225694887
48600 95.04164 18.48754 0.18486 100.00648 -0.00000017471291613447
48700 95.04268 18.48979 0.18488 100.00782 -0.00000016784809275805
48800 95.04247 18.48143 0.18480 100.00922 -0.00000014697377892503
48900 95.04302 18.47345 0.18471 100.01082 -0.00000015477565540323
49000 95.04015 18.47479 0.18473 100.00996 -0.00000015678945075592
49100 95.03644 18.45981 0.18458 100.01041 -0.00000015025393906853
49200 95.03606 18.44895 0.18447 100.01148 -0.00000015733963820708
49300 95.03622 18.45624 0.18454 100.00970 -0.00000016839697281057
49400 95.03438 18.45647 0.18455 100.01024 -0.00000016085163778712
49500 95.03225 18.46895 0.18467 100.00859 -0.00000016842947303530
49600 95.02923 18.45347 0.18452 100.00796 -0.00000019527226768901
49700 95.03032 18.44899 0.18447 100.00936 -0.00000018005954771638
49800 95.03041 18.44310 0.18442 100.00859 -0.00000016475985020747
49900 95.02928 18.43544 0.18434 100.00872 -0.00000017830213394632
50000 95.02920 18.42907 0.18428 100.00680 -0.00000018268785595410
50100 95.02979 18.43056 0.18429 100.00868 -0.00000017477247737929
50200 95.02452 18.41859 0.18418 100.00556 -0.00000018993176809090
50300 95.02491 18.41470 0.18414 100.00386 -0.00000019599357159450
50400 95.02125 18.40514 0.18405 100.00075 -0.00000020537478206961
50500 95.01759 18.38794 0.18389 99.99683 -0.00000021227713276062
50600 95.01437 18.37934 0.18380 99.99644 -0.00000021711195330454
50700 95.01391 18.37323 0.18374 99.99517 -0.00000020442950088295
50800 95.01229 18.36215 0.18363 99.99726 -0.00000019209068113923
50900 95.01213 18.36281 0.18363 99.99756 -0.00000017572060073689
51000 95.01151 18.36163 0.18362 99.99539 -0.00000018590877814972
51100 95.00501 18.34308 0.18344 99.99458 -0.00000016889754661520
51200 95.00603 18.33383 0.18335 99.99500 -0.00000017703407806380
51300 95.00409 18.32835 0.18330 99.99146 -0.00000020009388990161
51400 95.00453 18.32416 0.18326 99.99121 -0.00000020844679937682
51500 95.00824 18.33104 0.18332 99.99563 -0.00000021709940156711
51600 95.01218 18.34983 0.18350 99.99703 -0.00000022685456357863
51700 95.01254 18.34025 0.18341 99.99745 -0.00000022248319098139
51800 95.00855 18.33244 0.18333 99.99699 -0.00000021433232078039
51900 95.01102 18.33167 0.18332 99.99694 -0.00000022067526117553
52000 95.01141 18.33104 0.18332 99.99665 -0.00000021134501793085
52100 95.01182 18.32477 0.18326 99.99587 -0.00000020098841702065
52200 95.01015 18.31589 0.18317 99.99644 -0.00000019198117229280
52300 95.01615 18.33204 0.18332 100.00050 -0.00000020684169044216
52400 95.01761 18.33464 0.18335 99.99912 -0.00000020544811363266
52500 95.01424 18.33655 0.18337 99.99960 -0.00000021259820215391
52600 95.01285 18.32678 0.18327 99.99876 -0.00000021190255594661
52700 95.01161 18.31749 0.18318 99.99748 -0.00000020112262433258
52800 95.01309 18.32235 0.18323 99.99894 -0.00000021235901570549
52900 95.01758 18.34996 0.18350 100.00036 -0.00000022587087755710
53000 95.01859 18.35505 0.18355 100.00087 -0.00000022445126290904
53100 95.01924 18.35313 0.18353 100.00177 -0.00000020739950912230
53200 95.01922 18.34705 0.18347 99.99996 -0.00000022038926061896
53300 95.01367 18.33545 0.18336 99.99681 -0.00000021097921987234
53400 95.01704 18.33388 0.18334 99.99801 -0.00000016904051847177
53500 95.01339 18.31976 0.18321 99.99591 -0.00000016055694018746
53600 95.01764 18.37308 0.18374 99.99726 -0.00000012952768813079
53700 95.01793 18.36787 0.18368 99.99860 -0.00000014886568777683
53800 95.01631 18.35937 0.18359 99.99931 -0.00000013905528462033
53900 95.01500 18.36014 0.18360 100.00078 -0.00000017526870621509
54000 95.01619 18.37361 0.18373 100.00065 -0.00000020422301005851
54100 95.01816 18.38335 0.18383 100.00070 -0.00000017509297833840
54200 95.01939 18.38068 0.18380 100.00288 -0.00000020373428100129
54300 95.01612 18.36687 0.18366 100.00282 -0.00000021891242596439
54400 95.01347 18.35677 0.18357 100.00110 -0.00000020536312916875
54500 95.01501 18.35994 0.18360 100.00130 -0.00000021320853349494
54600 95.01525 18.35199 0.18352 100.00022 -0.00000021538080829941
54700 95.01267 18.34424 0.18345 99.99782 -0.00000021702832597725
54800 95.01280 18.33943 0.18340 99.99615 -0.00000024509419560559
54900 95.01237 18.33550 0.18336 99.99596 -0.00000024323340852561
55000 95.01283 18.33270 0.18334 99.99451 -0.00000025913376688891
55100 95.00987 18.32198 0.18324 99.99152 -0.00000023557754502690
55200 95.00921 18.31322 0.18315 99.99167 -0.00000024390239161676
55300 95.00867 18.30677 0.18308 99.99192 -0.00000023715698205251
55400 95.01175 18.31039 0.18312 99.99303 -0.00000024670750775613
55500 95.00994 18.30235 0.18304 99.99159 -0.00000023997313647328
55600 95.00874 18.29344 0.18295 99.98935 -0.00000026812980635782
55700 95.00936 18.28407 0.18286 99.99165 -0.00000028139872298993
55800 95.00802 18.27611 0.18278 99.98970 -0.00000027673409874751
55900 95.00866 18.26589 0.18268 99.99009 -0.00000024902038475716
56000 95.00841 18.26441 0.18266 99.99050 -0.00000020153198931894
56100 95.00952 18.26575 0.18268 99.98947 -0.00000018105703958327
56200 95.01013 18.26818 0.18270 99.99053 -0.00000015448881640623
56300 95.01078 18.26394 0.18265 99.99163 -0.00000019116012950349
56400 95.00835 18.25054 0.18252 99.99071 -0.00000020707735970404
56500 95.00606 18.24194 0.18244 99.98832 -0.00000024023099953752
56600 95.00313 18.23279 0.18235 99.98675 -0.00000026075122150360
56700 95.00607 18.24491 0.18247 99.98769 -0.00000025959259275510
56800 95.00413 18.23651 0.18239 99.98812 -0.00000028309128197179
56900 95.00311 18.23100 0.18233 99.98817 -0.00000029480662533388
57000 95.00594 18.23908 0.18241 99.99196 -0.00000032267383076601
57100 95.00903 18.24470 0.18246 99.99406 -0.00000031815577017369
57200 95.01152 18.24467 0.18245 99.99594 -0.00000033697289936185
57300 95.01408 18.26227 0.18263 99.99745 -0.00000032082026635294
57400 95.01582 18.27557 0.18275 100.00117 -0.00000031794678889696
57500 95.01678 18.29099 0.18291 100.00238 -0.00000031174069192730
57600 95.01504 18.28685 0.18287 99.99845 -0.00000029750014363117
57700 95.01315 18.28347 0.18284 99.99745 -0.00000033085971296032
57800 95.01060 18.28256 0.18283 99.99623 -0.00000034145464766766
57900 95.01004 18.27445 0.18275 99.99509 -0.00000034427374728807
58000 95.01011 18.27200 0.18273 99.99557 -0.00000035568593403923
58100 95.00657 18.26112 0.18262 99.99356 -0.00000035396250552822
58200 95.00636 18.25839 0.18259 99.99402 -0.00000032561441187795
58300 95.00555 18.25004 0.18251 99.99230 -0.00000037702148247831
58400 95.00509 18.24929 0.18251 99.99125 -0.00000037427203736229
58500 95.00626 18.24308 0.18245 99.99154 -0.00000033723243575423
58600 95.00660 18.23806 0.18240 99.99177 -0.00000035644643148203
58700 95.00326 18.22562 0.18228 99.98920 -0.00000036232257727420
58800 95.00101 18.21673 0.18219 99.98866 -0.00000036821596793857
58900 95.00178 18.21169 0.18214 99.98862 -0.00000035038302215185
59000 95.00293 18.21192 0.18214 99.98885 -0.00000030443641918509
59100 95.00867 18.23725 0.18239 99.99149 -0.00000031343274997653
59200 95.01333 18.24453 0.18245 99.99498 -0.00000030138640738642
59300 95.01257 18.24247 0.18243 99.99678 -0.00000029602420426045
59400 95.01079 18.24409 0.18245 99.99505 -0.00000029449071092813
59500 95.00752 18.23600 0.18237 99.99348 -0.00000031086981167050
59600 95.00812 18.23677 0.18238 99.99586 -0.00000031985949888735
59700 95.01386 18.28544 0.18286 99.99804 -0.00000033646416497390
59800 95.01220 18.28459 0.18285 99.99778 -0.00000033456845471846
59900 95.01085 18.28333 0.18284 99.99753 -0.00000034386529890185
60000 95.01038 18.27370 0.18274 99.99655 -0.00000035407889598105
60100 95.00970 18.26528 0.18266 99.99562 -0.00000034316202857099
60200 95.01310 18.26961 0.18270 99.99659 -0.00000035092227435030
60300 95.01323 18.26743 0.18268 99.99769 -0.00000035834667855283
60400 95.01466 18.27064 0.18271 100.00012 -0.00000035854494484511
60500 95.01501 18.27091 0.18271 100.00131 -0.00000035311309787289
60600 95.01501 18.26562 0.18265 100.00106 -0.00000036309041817617
60700 95.01667 18.28290 0.18283 100.00155 -0.00000033824196066234
60800 95.01181 18.27843 0.18279 99.99817 -0.00000032695646368097
60900 95.01195 18.27409 0.18274 99.99828 -0.00000036827690763630
61000 95.01424 18.28250 0.18283 99.99941 -0.00000039107995064569
61100 95.01299 18.28045 0.18281 99.99779 -0.00000036568009420535
61200 95.00750 18.26566 0.18267 99.99474 -0.00000037380842243806
61300 95.00583 18.25918 0.18260 99.99555 -0.00000036195465114019
61400 95.00457 18.25219 0.18253 99.99590 -0.00000034494438949650
61500 95.00488 18.24500 0.18246 99.99600 -0.00000034213341848499
61600 95.00626 18.27712 0.18278 99.99640 -0.00000032366309099530
61700 95.00396 18.26766 0.18269 99.99475 -0.00000033558977463599
61800 94.99947 18.25515 0.18256 99.99272 -0.00000035360355710168
61900 94.99731 18.24417 0.18246 99.99068 -0.00000032571585961705
62000 95.00015 18.27401 0.18275 99.99373 -0.00000032679440309380
62100 94.99691 18.26388 0.18265 99.99137 -0.00000030860732991300
62200 94.99485 18.25490 0.18257 99.98960 -0.00000029005735768806
62300 94.99632 18.25614 0.18258 99.99056 -0.00000030165399067528
62400 94.99366 18.24679 0.18249 99.98968 -0.00000028307566068975
62500 94.99423 18.25083 0.18253 99.98955 -0.00000029632138520697
62600 94.99311 18.24717 0.18249 99.98824 -0.00000032261335647377
62700 94.99543 18.25936 0.18261 99.99054 -0.00000033565527246537
62800 94.99286 18.24867 0.18250 99.99119 -0.00000033507904717567
62900 94.99056 18.23934 0.18241 99.98943 -0.00000034729266573663
63000 94.98911 18.24076 0.18243 99.98989 -0.00000034330902209945
63100 94.99024 18.23757 0.18239 99.99025 -0.00000035537077636150
63200 94.98903 18.23051 0.18232 99.99093 -0.00000035483405014247
63300 94.99111 18.22361 0.18225 99.99126 -0.00000037408239705883
63400 94.99234 18.22577 0.18227 99.99074 -0.00000034730190989762
63500 94.99173 18.22538 0.18227 99.98956 -0.00000034511408841809
63600 94.99293 18.22478 0.18227 99.98858 -0.00000033423305012548
63700 94.99421 18.23046 0.18232 99.99047 -0.00000031040978143437
63800 94.99299 18.22838 0.18230 99.99284 -0.00000031573809167185
63900 94.99025 18.22127 0.18223 99.99041 -0.00000027992584250569
64000 94.99158 18.21506 0.18217 99.98948 -0.00000027609452502020
64100 94.99188 18.21732 0.18219 99.98874 -0.00000026259947460971
64200 94.99206 18.21749 0.18219 99.99055 -0.00000026193227853355
64300 94.99135 18.21495 0.18217 99.98991 -0.00000023987427866246
64400 94.99092 18.20726 0.18209 99.98877 -0.00000023088746914368
64500 94.99187 18.20722 0.18209 99.98834 -0.00000022264433496844
64600 94.99110 18.21383 0.18216 99.98926 -0.00000024016776478675
64700 94.99367 18.21734 0.18219 99.98825 -0.00000024530682196655
64800 94.99666 18.22446 0.18226 99.99035 -0.00000022545736300117
64900 94.99702 18.22300 0.18225 99.99086 -0.00000022495196105865
65000 94.99815 18.22149 0.18223 99.99148 -0.00000018420023550902
65100 94.99767 18.21852 0.18220 99.99074 -0.00000018298362647329
65200 94.99774 18.21616 0.18218 99.99112 -0.00000019900496894820
65300 94.99576 18.20843 0.18210 99.98916 -0.00000018546626989746
65400 94.99811 18.21730 0.18219 99.98931 -0.00000016914628631071
65500 94.99780 18.21268 0.18215 99.98950 -0.00000016196000984792
65600 94.99857 18.21281 0.18214 99.99128 -0.00000013896216444209
65700 94.99908 18.21001 0.18212 99.99145 -0.00000014515762813971
65800 95.00212 18.24146 0.18243 99.99298 -0.00000015920102569567
65900 95.00301 18.23344 0.18235 99.99222 -0.00000018566538528830
66000 95.00058 18.22100 0.18223 99.99171 -0.00000019348544810782
66100 95.00133 18.21859 0.18220 99.99371 -0.00000018420030301058
66200 95.00127 18.21211 0.18213 99.99424 -0.00000020779035381224
66300 95.00065 18.20554 0.18207 99.99439 -0.00000018387849465284
66400 94.99673 18.19903 0.18201 99.99166 -0.00000019910107340593
66500 94.99832 18.20821 0.18210 99.99117 -0.00000020724971605546
66600 94.99895 18.23090 0.18232 99.99162 -0.00000022380757869200
66700 95.00024 18.24883 0.18250 99.99324 -0.00000022715256520200
66800 95.00035 18.25338 0.18255 99.99246 -0.00000023785113967278
66900 95.00354 18.26833 0.18270 99.99226 -0.00000026295708366320
67000 95.00688 18.27572 0.18277 99.99439 -0.00000025499460321043
67100 95.00425 18.26625 0.18268 99.99259 -0.00000024431943401737
67200 94.99949 18.25487 0.18256 99.99210 -0.00000024496495498738
67300 94.99968 18.25406 0.18255 99.99256 -0.00000026222219418059
67400 94.99953 18.25211 0.18254 99.99188 -0.00000025660366986813
67500 94.99819 18.25538 0.18257 99.99265 -0.00000024699034284481
67600 94.99734 18.24588 0.18247 99.99391 -0.00000022488535122989
67700 94.99833 18.26335 0.18264 99.99617 -0.00000020833376623841
67800 94.99868 18.27994 0.18281 99.99650 -0.00000020384170440479
67900 94.99909 18.27913 0.18280 99.99686 -0.00000023059664400193
68000 94.99833 18.27816 0.18279 99.99754 -0.00000022704062985213
68100 94.99764 18.27395 0.18274 99.99714 -0.00000023407408988874
68200 94.99699 18.26683 0.18267 99.99726 -0.00000022325270521151
68300 94.99595 18.26654 0.18267 99.99558 -0.00000021573607966729
68400 94.99699 18.27337 0.18274 99.99671 -0.00000020539487977089
68500 94.99726 18.28068 0.18282 99.99545 -0.00000020770174913309
68600 95.00111 18.29253 0.18293 99.99864 -0.00000021032630215245
68700 95.00226 18.29552 0.18296 99.99841 -0.00000022790231213321
68800 94.99951 18.28673 0.18287 99.99718 -0.00000021982507192320
68900 94.99804 18.28708 0.18288 99.99466 -0.00000021402155070405
69000 94.99893 18.32457 0.18325 99.99496 -0.00000017990710787785
69100 94.99807 18.32127 0.18322 99.99434 -0.00000013828133305083
69200 94.99921 18.32443 0.18326 99.99415 -0.00000014587918073516
69300 94.99963 18.32503 0.18326 99.99563 -0.00000014049684793349
69400 95.00252 18.35231 0.18353 99.99635 -0.00000015787750484719
69500 95.00376 18.35270 0.18353 99.99658 -0.00000014472185938530
69600 95.00033 18.34760 0.18348 99.99707 -0.00000014921149116276
69700 95.00410 18.36697 0.18367 99.99730 -0.00000016734351859782
69800 95.00203 18.36191 0.18363 99.99583 -0.00000018415001790117
69900 95.00330 18.37290 0.18374 99.99658 -0.00000019248806637506
70000 95.00017 18.36077 0.18362 99.99566 -0.00000021587317888816
70100 95.00273 18.36780 0.18368 99.99770 -0.00000024182471847212
70200 95.00186 18.36341 0.18364 99.99759 -0.00000022300846325152
70300 95.00179 18.36541 0.18366 99.99865 -0.00000019679101370684
70400 95.00094 18.36323 0.18364 99.99768 -0.00000019161608122431
70500 95.00063 18.35837 0.18359 99.99757 -0.00000018137436796906
70600 94.99947 18.35010 0.18350 99.99810 -0.00000017251720763056
70700 94.99990 18.34227 0.18343 99.99772 -0.00000017915677474889
70800 94.99593 18.32959 0.18331 99.99431 -0.00000015480646453625
70900 94.99746 18.33666 0.18338 99.99509 -0.00000016195659924279
71000 94.99726 18.33788 0.18339 99.99392 -0.00000015970093159012
71100 94.99704 18.33781 0.18339 99.99366 -0.00000014950339277675
71200 94.99920 18.34701 0.18348 99.99522 -0.00000015785638396437
71300 95.00157 18.35193 0.18353 99.99576 -0.00000017620593339984
71400 95.00038 18.35204 0.18353 99.99503 -0.00000016772484556782
71500 95.00110 18.34818 0.18349 99.99301 -0.00000017463390378225
71600 95.00399 18.35229 0.18353 99.99345 -0.00000016424721493991
71700 95.00114 18.34260 0.18344 99.99360 -0.00000017885981762333
71800 94.99990 18.34074 0.18342 99.99180 -0.00000018204530860544
71900 94.99769 18.33626 0.18338 99.99108 -0.00000021644595804560
72000 95.00025 18.34431 0.18345 99.99442 -0.00000021481467982198
72100 95.00049 18.34131 0.18343 99.99309 -0.00000023542318317027
72200 95.00325 18.35424 0.18355 99.99507 -0.00000022875655147914
72300 95.00397 18.36359 0.18364 99.99611 -0.00000025702964734364
72400 95.00554 18.37281 0.18373 99.99696 -0.00000026776210404478
72500 95.00502 18.36930 0.18370 99.99714 -0.00000025718659912854
72600 95.00422 18.37546 0.18376 99.99631 -0.00000025045550344771
72700 95.00543 18.37486 0.18375 99.99792 -0.00000026325386315307
72800 95.00284 18.36444 0.18365 99.99734 -0.00000025474919596036
72900 95.00090 18.35890 0.18359 99.99759 -0.00000026351270676628
73000 95.00368 18.36840 0.18369 99.99768 -0.00000027113652478761
73100 95.00516 18.36795 0.18368 99.99877 -0.00000028340915037006
73200 95.00642 18.37152 0.18371 100.00083 -0.00000027088078979887
73300 95.00851 18.37414 0.18374 100.00248 -0.00000030464871514368
73400 95.00979 18.37165 0.18371 100.00283 -0.00000027455623197170
73500 95.00875 18.36510 0.18365 100.00150 -0.00000024107292873055
73600 95.01043 18.37518 0.18375 100.00167 -0.00000024863416570042
73700 95.01082 18.37335 0.18373 100.00189 -0.00000025666597380791
73800 95.01025 18.37388 0.18374 100.00194 -0.00000026493994198518
73900 95.01027 18.37201 0.18372 100.00111 -0.00000027390384360615
74000 95.00992 18.37331 0.18373 100.00026 -0.00000026037886868835
74100 95.00859 18.36609 0.18366 99.99974 -0.00000026287967358485
74200 95.00760 18.36122 0.18361 99.99906 -0.00000026746485914941
74300 95.00995 18.36578 0.18366 100.00022 -0.00000023350907696340
74400 95.00889 18.36030 0.18360 99.99906 -0.00000021279192452539
74500 95.01303 18.40907 0.18409 99.99987 -0.00000015184206958452
74600 95.01435 18.47557 0.18475 100.00282 -0.00000013804995546707
74700 95.01687 18.49566 0.18495 100.00541 -0.00000015822321586256
74800 95.01769 18.49184 0.18491 100.00570 -0.00000013094778950062
74900 95.01644 18.48969 0.18489 100.00531 -0.00000010977755593444
75000 95.01693 18.48657 0.18485 100.00607 -0.00000014525737412896
75100 95.01508 18.48038 0.18479 100.00679 -0.00000013001488596842
75200 95.00934 18.46692 0.18466 100.00503 -0.00000013143610289035
75300 95.00691 18.45820 0.18458 100.00375 -0.00000012168315421945
75400 95.00663 18.45335 0.18453 100.00375 -0.00000010580356857304
75500 95.00495 18.44865 0.18448 100.00257 -0.00000016080968734400
75600 95.00176 18.43778 0.18437 100.00261 -0.00000016282790937794
75700 95.00160 18.43381 0.18433 100.00254 -0.00000015337189651632
75800 95.00192 18.43078 0.18430 100.00281 -0.00000013760919514993
75900 95.00339 18.44033 0.18440 100.00303 -0.00000007363680509798
76000 95.00419 18.44719 0.18446 100.00399 -0.00000007878768570890
76100 95.00486 18.44613 0.18445 100.00372 -0.00000007601343554597
76200 95.00765 18.45674 0.18456 100.00560 -0.00000005368100630676
76300 95.00924 18.46615 0.18465 100.00671 -0.00000005701097904875
76400 95.00959 18.46971 0.18468 100.00666 -0.00000005846989381553
76500 95.00836 18.46265 0.18462 100.00583 -0.00000006427711340962
76600 95.00490 18.45004 0.18450 100.00240 -0.00000010194598232260
76700 95.00499 18.44740 0.18447 100.00368 -0.00000008731207756796
76800 95.00561 18.44793 0.18447 100.00430 -0.00000012099477686434
76900 95.00546 18.44404 0.18443 100.00423 -0.00000013439300161622
77000 95.00727 18.44484 0.18444 100.00499 -0.00000013585979985464
77100 95.01063 18.44689 0.18446 100.00641 -0.00000013678747734502
77200 95.01165 18.46015 0.18459 100.00680 -0.00000013740024584763
77300 95.00949 18.45378 0.18453 100.00586 -0.00000016257596868741
77400 95.00769 18.45045 0.18450 100.00450 -0.00000019686863339530
77500 95.00848 18.46553 0.18465 100.00499 -0.00000022203077421068
77600 95.00762 18.46184 0.18461 100.00622 -0.00000028405730745362
77700 95.00885 18.46149 0.18460 100.00763 -0.00000021675031192103
77800 95.00851 18.46216 0.18461 100.00734 -0.00000018806340307265
77900 95.00862 18.45849 0.18457 100.00822 -0.00000014694707672902
78000 95.00808 18.45920 0.18458 100.00791 -0.00000012489371670199
78100 95.00942 18.46664 0.18465 100.00836 -0.00000011881382633305
78200 95.00852 18.45937 0.18458 100.00831 -0.00000012859998221870
78300 95.00892 18.45728 0.18456 100.00722 -0.00000016051722084853
78400 95.00915 18.45584 0.18454 100.00819 -0.00000018135249391094
78500 95.00935 18.47004 0.18469 100.00811 -0.00000014343398646588
78600 95.00986 18.47112 0.18470 100.00653 -0.00000008452950694959
78700 95.01224 18.47118 0.18470 100.00771 -0.00000004505366035801
78800 95.01231 18.46651 0.18465 100.00805 -0.00000006697642263020
78900 95.01003 18.46343 0.18463 100.00437 -0.00000007802435320059
79000 95.01001 18.45678 0.18456 100.00487 -0.00000008461305966989
79100 95.01333 18.46289 0.18462 100.00678 -0.00000009273293954948
79200 95.01517 18.46696 0.18465 100.00905 -0.00000007625956754964
79300 95.01568 18.46521 0.18464 100.00880 -0.00000010379633508251
79400 95.01357 18.45854 0.18457 100.00700 -0.00000013510823038132
79500 95.01179 18.45791 0.18457 100.00603 -0.00000018992484385194
79600 95.01194 18.45328 0.18452 100.00536 -0.00000017307011646039
79700 95.01003 18.44542 0.18445 100.00290 -0.00000018882046859403
79800 95.01419 18.46650 0.18465 100.00573 -0.00000026634798544478
79900 95.01463 18.46512 0.18464 100.00658 -0.00000022964290380401
80000 95.01271 18.47018 0.18469 100.00548 -0.00000027216254849804
80100 95.01490 18.48184 0.18481 100.00690 -0.00000026888709570017
80200 95.01685 18.49062 0.18489 100.00737 -0.00000027671943669816
80300 95.01526 18.48338 0.18482 100.00804 -0.00000025208486320594
80400 95.01524 18.48149 0.18480 100.00643 -0.00000023914299873695
80500 95.01219 18.47322 0.18472 100.00460 -0.00000022087663964498
80600 95.01138 18.47213 0.18471 100.00476 -0.00000021493112356552
80700 95.01276 18.46943 0.18468 100.00509 -0.00000023332282950150
80800 95.01397 18.46895 0.18468 100.00484 -0.00000024554593736070
80900 95.01567 18.46736 0.18466 100.00685 -0.00000021050075460494
81000 95.01677 18.46433 0.18463 100.00774 -0.00000014733722153437
81100 95.01678 18.45769 0.18456 100.00731 -0.00000013911716223447
81200 95.01504 18.44830 0.18447 100.00585 -0.00000011271665556478
81300 95.01182 18.43814 0.18437 100.00590 -0.00000010303595132655
81400 95.01056 18.43250 0.18431 100.00544 -0.00000013672588039526
81500 95.01108 18.43367 0.18432 100.00687 -0.00000012612016320190
81600 95.01217 18.43596 0.18435 100.00697 -0.00000015329387892393
81700 95.01216 18.43519 0.18434 100.00781 -0.00000010638592939927
81800 95.01242 18.42926 0.18428 100.00867 -0.00000010234233727147
81900 95.01507 18.43803 0.18436 100.00991 -0.00000008126146511245
82000 95.01676 18.43890 0.18437 100.01095 -0.00000010382693815814
82100 95.01668 18.43236 0.18430 100.01189 -0.00000010338135325583
82200 95.01578 18.42335 0.18421 100.01092 -0.00000011398114097005
82300 95.01762 18.42492 0.18423 100.01141 -0.00000009149114177376
82400 95.01539 18.41997 0.18418 100.01135 -0.00000010177437204106
82500 95.01649 18.41891 0.18417 100.01189 -0.00000009174145176871
82600 95.01718 18.42227 0.18420 100.01245 -0.00000013991014213843
82700 95.01588 18.42561 0.18423 100.01273 -0.00000013598120673919
82800 95.01829 18.42687 0.18424 100.01496 -0.00000011271908562094
82900 95.02024 18.42603 0.18423 100.01593 -0.00000014195155628727
83000 95.01991 18.42490 0.18422 100.01563 -0.00000014658785474353
83100 95.02200 18.43008 0.18427 100.01736 -0.00000014722810348644
83200 95.02508 18.43629 0.18433 100.01897 -0.00000018988705008383
83300 95.02314 18.43798 0.18435 100.01869 -0.00000023120492187445
83400 95.02571 18.44117 0.18438 100.01888 -0.00000020163981062638
83500 95.02557 18.43501 0.18432 100.01897 -0.00000018416110947328
83600 95.02669 18.44134 0.18438 100.02005 -0.00000013773827944874
83700 95.02760 18.44614 0.18442 100.01992 -0.00000010648565051952
83800 95.02859 18.45091 0.18447 100.02032 -0.00000008925369598956
83900 95.02845 18.44722 0.18443 100.02051 -0.00000009457622240916
84000 95.02836 18.44948 0.18445 100.02248 -0.00000009524218924639
84100 95.02517 18.43764 0.18434 100.02194 -0.00000008066475487567
84200 95.02602 18.43787 0.18434 100.02343 -0.00000009322896588060
84300 95.02594 18.43966 0.18435 100.02362 -0.00000010306440501040
84400 95.02687 18.44425 0.18440 100.02410 -0.00000009246264909279
84500 95.02810 18.46927 0.18464 100.02588 -0.00000009809939172101
84600 95.02585 18.46177 0.18457 100.02404 -0.00000011425107970808
84700 95.02521 18.45688 0.18452 100.02423 -0.00000011740062078047
84800 95.02788 18.47891 0.18474 100.02512 -0.00000009654611687893
84900 95.02890 18.48085 0.18476 100.02453 -0.00000007829412496108
85000 95.03158 18.49196 0.18487 100.02447 -0.00000009841719261772
85100 95.03023 18.48705 0.18483 100.02400 -0.00000008698480513658
85200 95.03017 18.49115 0.18487 100.02376 -0.00000004847929346852
85300 95.03213 18.49448 0.18490 100.02298 -0.00000002927106379502
85400 95.03150 18.50049 0.18496 100.02297 0.00000000765019692039
85500 95.03179 18.49997 0.18496 100.02248 0.00000002067426052577
85600 95.03415 18.50936 0.18505 100.02430 0.00000003145801485971
85700 95.03280 18.50430 0.18500 100.02294 0.00000003270019988122
85800 95.03179 18.49762 0.18494 100.02100 0.00000000910723585434
85900 95.02991 18.48976 0.18486 100.01838 0.00000001902560597955
86000 95.03287 18.50550 0.18502 100.01967 0.00000000594339866211
86100 95.03396 18.50725 0.18503 100.02181 0.00000005167291305952
86200 95.03668 18.51924 0.18515 100.02364 0.00000003766977485498
86300 95.03804 18.51589 0.18511 100.02543 -0.00000000479422013200
86400 95.03897 18.52147 0.18517 100.02624 -0.00000000714650738587
86500 95.03812 18.51583 0.18511 100.02511 -0.00000003508185031365
86600 95.03764 18.51123 0.18507 100.02543 -0.00000000701564317751
86700 95.03779 18.51622 0.18512 100.02487 -0.00000001233432556091
86800 95.03636 18.51119 0.18507 100.02410 -0.00000004431684530459
86900 95.03273 18.50156 0.18498 100.02190 -0.00000001799800131153
87000 95.03106 18.49650 0.18493 100.02160 0.00000001186933573649
87100 95.03191 18.49374 0.18490 100.02178 0.00000002610031657468
87200 95.03332 18.49905 0.18495 100.02227 0.00000000302165048538
87300 95.03056 18.49204 0.18488 100.01984 0.00000004177158530183
87400 95.03058 18.48645 0.18483 100.01939 0.00000005770852595788
87500 95.03107 18.48625 0.18483 100.01847 0.00000008573965004643
87600 95.03189 18.48377 0.18480 100.02006 0.00000009014744506430
87700 95.03253 18.48450 0.18481 100.02025 0.00000007791071965357
87800 95.03231 18.48293 0.18479 100.02043 0.00000009951690316257
87900 95.03221 18.47986 0.18476 100.02014 0.00000009273043843905
88000 95.03265 18.47997 0.18476 100.01989 0.00000008524379779828
88100 95.03515 18.49387 0.18490 100.02014 0.00000009913021159491
88200 95.03382 18.50089 0.18497 100.02026 0.00000010951123741165
88300 95.03530 18.50113 0.18497 100.02250 0.00000013647545671347
88400 95.03518 18.49444 0.18490 100.02288 0.00000017450918221584
88500 95.03324 18.48560 0.18482 100.02123 0.00000018045775718178
88600 95.03294 18.47852 0.18475 100.02144 0.00000017520512685110
88700 95.03425 18.48218 0.18478 100.02191 0.00000016593630647321
88800 95.03279 18.48100 0.18477 100.02072 0.00000019461732847503
88900 95.03056 18.47674 0.18473 100.01990 0.00000019124302852447
89000 95.03044 18.47510 0.18471 100.01951 0.00000020018680757516
89100 95.03130 18.47022 0.18467 100.01861 0.00000025924622448770
89200 95.03041 18.46394 0.18461 100.01784 0.00000025766353672907
89300 95.03231 18.47142 0.18468 100.01849 0.00000025424925098605
89400 95.03257 18.46971 0.18466 100.01829 0.00000027508916389252
89500 95.03057 18.46306 0.18460 100.01667 0.00000024015360722274
89600 95.03059 18.45948 0.18456 100.01777 0.00000023602042986681
89700 95.03062 18.46056 0.18457 100.01824 0.00000022324751824954
89800 95.02979 18.45538 0.18452 100.01699 0.00000020394977795490
89900 95.03030 18.45623 0.18453 100.01871 0.00000025245065415902
90000 95.02988 18.45196 0.18449 100.01731 0.00000024785874686017
90100 95.03147 18.45167 0.18448 100.01818 0.00000025360721878087
90200 95.03008 18.44408 0.18441 100.01712 0.00000024723763303314
90300 95.02988 18.44640 0.18443 100.01693 0.00000023017706141104
90400 95.03030 18.44205 0.18439 100.01566 0.00000022994635884288
90500 95.03271 18.45948 0.18456 100.01794 0.00000025921384505523
90600 95.03393 18.46443 0.18461 100.01802 0.00000027332499641375
90700 95.03183 18.45616 0.18453 100.01479 0.00000027119457968183
90800 95.02707 18.44525 0.18443 100.01295 0.00000026491089144542
90900 95.02856 18.45209 0.18449 100.01435 0.00000023591351450136
91000 95.02954 18.46093 0.18458 100.01490 0.00000023674584070932
91100 95.03024 18.46106 0.18458 100.01465 0.00000025575820572499
91200 95.02903 18.45464 0.18452 100.01441 0.00000025892052590848
91300 95.03045 18.46748 0.18465 100.01552 0.00000022527398257921
91400 95.02771 18.45877 0.18456 100.01361 0.00000026092682148260
91500 95.02550 18.45721 0.18455 100.01219 0.00000026492609705997
91600 95.02551 18.45748 0.18455 100.01251 0.00000026011184672825
91700 95.02657 18.45704 0.18455 100.01196 0.00000026490262783341
91800 95.02628 18.45777 0.18456 100.01184 0.00000026421725962678
91900 95.02817 18.47318 0.18471 100.01328 0.00000024938898590676
92000 95.03024 18.47647 0.18474 100.01511 0.00000025554091820368
92100 95.03117 18.47715 0.18474 100.01547 0.00000027019147097462
92200 95.03199 18.47755 0.18475 100.01549 0.00000025391905822403
92300 95.03335 18.47898 0.18476 100.01664 0.00000022100430285832
92400 95.03421 18.47466 0.18472 100.01681 0.00000023650072122905
92500 95.03224 18.46893 0.18466 100.01631 0.00000024714275781434
92600 95.03427 18.49297 0.18490 100.01718 0.00000023831259454710
92700 95.03470 18.48925 0.18486 100.01699 0.00000026826228349819
92800 95.03432 18.49391 0.18491 100.01693 0.00000025926846092261
92900 95.03657 18.50348 0.18500 100.01833 0.00000021425568519362
93000 95.03664 18.49840 0.18495 100.01828 0.00000020636594655343
93100 95.03682 18.49911 0.18496 100.01901 0.00000022714435843341
93200 95.03658 18.49719 0.18494 100.01928 0.00000020622410445981
93300 95.03773 18.49912 0.18495 100.01992 0.00000022548303491021
93400 95.03574 18.49414 0.18491 100.01883 0.00000028109425542766
93500 95.03599 18.49117 0.18488 100.01987 0.00000029703860704444
93600 95.03264 18.48340 0.18480 100.01905 0.00000033597261150931
93700 95.03475 18.49474 0.18491 100.01935 0.00000030951243346067
93800 95.03169 18.48505 0.18482 100.01735 0.00000029496048270516
93900 95.03139 18.48258 0.18479 100.01751 0.00000031609364370411
94000 95.03149 18.47940 0.18476 100.01699 0.00000030546164353495
94100 95.03087 18.47303 0.18470 100.01536 0.00000025970759409688
94200 95.03212 18.49012 0.18487 100.01562 0.00000026172943634606
94300 95.03389 18.51068 0.18508 100.01622 0.00000028250644490413
94400 95.03543 18.51264 0.18510 100.01568 0.00000027363087795607
94500 95.03430 18.51071 0.18508 100.01564 0.00000028134111929035
94600 95.03445 18.50928 0.18506 100.01577 0.00000031978978398683
94700 95.03459 18.50658 0.18504 100.01571 0.00000031254451116070
94800 95.03182 18.50181 0.18499 100.01405 0.00000026683151332918
94900 95.03071 18.49591 0.18493 100.01323 0.00000026157703558738
95000 95.03029 18.49419 0.18492 100.01196 0.00000024505859030910
95100 95.02905 18.48871 0.18487 100.01081 0.00000024252711483541
95200 95.02797 18.48249 0.18481 100.00967 0.00000021493486457302
95300 95.03008 18.49903 0.18497 100.01037 0.00000022758755235941
95400 95.02839 18.49362 0.18492 100.00935 0.00000022408588407075
95500 95.02964 18.49509 0.18493 100.01021 0.00000018043984795213
95600 95.03174 18.49677 0.18495 100.01045 0.00000017844674360390
95700 95.03288 18.49539 0.18493 100.01071 0.00000017952925546183
95800 95.03239 18.48837 0.18487 100.00879 0.00000019099932657696
95900 95.03316 18.49381 0.18492 100.00846 0.00000018761084774610
96000 95.03171 18.48887 0.18487 100.00856 0.00000021782108206025
96100 95.03337 18.48939 0.18487 100.01074 0.00000019489253588745
96200 95.03569 18.50026 0.18498 100.01246 0.00000020585553173191
96300 95.03520 18.49927 0.18497 100.01385 0.00000017000705554437
96400 95.03689 18.50375 0.18501 100.01521 0.00000012425717343945
96500 95.03575 18.49633 0.18494 100.01454 0.00000013784277541617
96600 95.03484 18.49099 0.18489 100.01326 0.00000013325472281167
96700 95.03569 18.49026 0.18488 100.01423 0.00000014366167988555
96800 95.03274 18.48239 0.18480 100.01340 0.00000013592235248439
96900 95.03282 18.48709 0.18485 100.01277 0.00000014419296689994
97000 95.03165 18.48214 0.18480 100.01243 0.00000014582121821149
97100 95.03341 18.49284 0.18490 100.01415 0.00000017516833139553
97200 95.03544 18.50443 0.18502 100.01494 0.00000018144386615404
97300 95.03444 18.50065 0.18498 100.01437 0.00000023839740848075
97400 95.03598 18.50617 0.18503 100.01553 0.00000024085739269708
97500 95.03665 18.50576 0.18503 100.01440 0.00000023334569831945
97600 95.03727 18.50214 0.18499 100.01489 0.00000021921738024844
97700 95.03960 18.52192 0.18519 100.01502 0.00000023870902055023
97800 95.03998 18.52256 0.18520 100.01372 0.00000021942036099176
97900 95.03981 18.52586 0.18523 100.01398 0.00000020088997487733
98000 95.04014 18.52868 0.18526 100.01479 0.00000014955307037212
98100 95.03890 18.52380 0.18521 100.01406 0.00000012788696679422
98200 95.03851 18.52122 0.18519 100.01424 0.00000015932757335690
98300 95.03970 18.52077 0.18518 100.01437 0.00000012198396603935
98400 95.04019 18.51958 0.18517 100.01435 0.00000013601033543864
98500 95.04134 18.52237 0.18520 100.01430 0.00000011144251743644
98600 95.04214 18.52401 0.18521 100.01398 0.00000010087697432937
98700 95.04209 18.52214 0.18520 100.01368 0.00000010584869514219
98800 95.04111 18.51543 0.18513 100.01454 0.00000010265035399470
98900 95.04130 18.51572 0.18513 100.01455 0.00000005761990351516
99000 95.04050 18.51126 0.18509 100.01310 0.00000008957129438159
99100 95.04093 18.50789 0.18505 100.01354 0.00000010719393728209
99200 95.04025 18.50516 0.18503 100.01290 0.00000009608922368898
99300 95.03938 18.50430 0.18502 100.01158 0.00000009273813006416
99400 95.03875 18.50220 0.18500 100.01030 0.00000013199965920307
99500 95.03986 18.50977 0.18508 100.00984 0.00000013967139267379
99600 95.03886 18.50364 0.18502 100.00973 0.00000013336504167683
99700 95.03834 18.49901 0.18497 100.00906 0.00000012175799568581
99800 95.03918 18.49692 0.18495 100.00940 0.00000009667746425635
99900 95.03932 18.49276 0.18491 100.01045 0.00000010843684350448
100000 95.04126 18.50498 0.18503 100.01078 0.00000009034587478141
