#Arquivo Dados/ColetaChamadaReal60.txt 
#Parâmetros(Ocupação: 60.00%, Capacidade: 588000.000 bps)
#Coleta|Ocupação|E(n)|E(w)|lambda|Little

100 0.00000 0.00000 -nan 0.00000 -nan
200 0.74904 0.06882 13.76356 0.00500 0.00000000000000000000
300 2.56373 0.25510 25.51046 0.01000 0.00000000000000000000
400 4.34182 0.25402 20.32167 0.01250 0.00000000000000005551
500 5.86723 0.98610 49.30491 0.02000 -0.00000000000000033307
600 5.34174 1.91933 104.69061 0.01833 0.00000000000000000000
700 6.15662 2.81548 103.72839 0.02714 0.00000000000000088818
800 7.34368 3.74146 119.72686 0.03125 0.00000000000000133227
900 9.92973 4.60058 153.35262 0.03000 0.00000000000000266454
1000 8.93675 5.69567 177.98958 0.03200 -0.00000000000000088818
1100 8.12432 6.81238 220.40063 0.03091 -0.00000000000000177636
1200 8.38564 8.01394 253.07186 0.03167 -0.00000000000000355271
1300 8.42427 9.10005 303.33495 0.03000 0.00000000000000177636
1400 8.92758 10.16027 330.79949 0.03071 0.00000000000000355271
1500 9.18509 11.20198 357.50991 0.03133 0.00000000000000000000
1600 8.81712 12.22617 391.23730 0.03125 -0.00000000000000532907
1700 9.25221 12.35842 389.06125 0.03176 0.00000000000000000000
1800 9.43401 12.47516 393.95249 0.03167 0.00000000000000000000
1900 9.34427 12.81146 386.37722 0.03316 -0.00000000000000710543
2000 10.06407 13.27906 396.38977 0.03350 -0.00000000000000355271
2100 9.58483 13.85159 404.00466 0.03429 -0.00000000000000177636
2200 9.55543 14.49251 430.85832 0.03364 0.00000000000000000000
2300 9.47804 15.08675 456.57284 0.03304 0.00000000000000000000
2400 9.67461 15.60462 486.37783 0.03208 -0.00000000000000177636
2500 9.55926 16.07145 496.03236 0.03240 -0.00000000000000355271
2600 9.62216 16.58484 507.30110 0.03269 -0.00000000000001065814
2700 9.72520 17.16056 526.51727 0.03259 -0.00000000000000710543
2800 9.78074 17.68798 556.47575 0.03179 -0.00000000000000355271
2900 9.81387 18.11009 590.10404 0.03069 -0.00000000000000710543
3000 9.87297 18.47658 602.49732 0.03067 -0.00000000000000355271
3100 10.32566 18.86115 615.46914 0.03065 0.00000000000000000000
3200 10.00298 19.25922 622.52018 0.03094 -0.00000000000000355271
3300 10.36261 19.72545 625.90384 0.03152 -0.00000000000001065814
3400 10.05783 20.35315 629.09721 0.03235 -0.00000000000000710543
3500 10.16922 21.00854 656.51703 0.03200 -0.00000000000001776357
3600 9.97633 21.63744 677.34585 0.03194 -0.00000000000001421085
3700 10.12392 22.31962 682.50065 0.03270 -0.00000000000000355271
3800 10.06689 23.07384 701.44470 0.03289 0.00000000000000000000
3900 10.04995 23.78964 730.54803 0.03256 -0.00000000000000355271
4000 10.12728 24.44887 758.10461 0.03225 -0.00000000000000710543
4100 10.08786 25.03792 783.62970 0.03195 0.00000000000000710543
4200 10.48199 25.55102 789.07557 0.03238 0.00000000000001065814
4300 10.23823 26.17487 787.07648 0.03326 0.00000000000000710543
4400 10.25995 26.92279 795.03550 0.03386 0.00000000000003552714
4500 10.17438 27.71123 815.03627 0.03400 0.00000000000004973799
4600 10.20591 28.49271 840.16955 0.03391 0.00000000000002842171
4700 10.18049 29.25342 875.73928 0.03340 0.00000000000002131628
4800 10.20120 29.95567 910.04566 0.03292 0.00000000000002131628
4900 10.31633 30.62349 932.01918 0.03286 0.00000000000001776357
5000 10.30121 31.30281 942.85581 0.03320 0.00000000000002131628
5100 10.37548 32.06926 945.39440 0.03392 0.00000000000003552714
5200 10.49719 32.88573 944.78339 0.03481 0.00000000000002131628
5300 10.29913 33.79053 978.63285 0.03453 0.00000000000002131628
5400 10.26969 34.69117 1001.77706 0.03463 0.00000000000003552714
5500 10.31198 35.24630 1025.68588 0.03436 0.00000000000001421085
5600 10.29941 35.72494 1047.43286 0.03411 0.00000000000002842171
5700 10.53164 36.15592 1051.47325 0.03439 0.00000000000002131628
5800 10.35006 36.58526 1066.30411 0.03431 0.00000000000002131628
5900 10.33721 36.99073 1085.79768 0.03407 0.00000000000001421085
6000 10.36094 37.36101 1104.26619 0.03383 0.00000000000000710543
6100 10.38500 37.77104 1107.70835 0.03410 0.00000000000000710543
6200 10.38483 38.20332 1117.26681 0.03419 0.00000000000001421085
6300 10.53124 38.67309 1117.61676 0.03460 0.00000000000001421085
6400 10.36669 39.17194 1134.39112 0.03453 0.00000000000000710543
6500 10.58236 39.61015 1154.55580 0.03431 0.00000000000001421085
6600 10.42202 40.09143 1160.54147 0.03455 0.00000000000002131628
6700 10.40082 40.56833 1186.93357 0.03418 0.00000000000002842171
6800 10.50739 41.02953 1207.79564 0.03397 0.00000000000002131628
6900 10.42993 41.50962 1224.00165 0.03391 0.00000000000003552714
7000 10.63356 41.99958 1240.49396 0.03386 0.00000000000002131628
7100 10.48379 42.53409 1232.62060 0.03451 0.00000000000003552714
7200 10.43236 43.13218 1257.29435 0.03431 0.00000000000006394885
7300 10.49129 43.69379 1265.73294 0.03452 0.00000000000004263256
7400 10.47246 44.32111 1266.31746 0.03500 0.00000000000004973799
7500 10.44475 44.94512 1296.49388 0.03467 0.00000000000004973799
7600 10.47265 45.51752 1330.51221 0.03421 0.00000000000006394885
7700 10.46720 46.02243 1347.42489 0.03416 0.00000000000007105427
7800 10.45813 46.29089 1362.52427 0.03397 0.00000000000007815970
7900 10.33534 45.71059 1362.69314 0.03354 0.00000000000007815970
8000 10.35581 45.14374 1357.70643 0.03325 0.00000000000007105427
8100 10.22796 44.59552 1357.98379 0.03284 0.00000000000007815970
8200 10.21233 44.07377 1328.69463 0.03317 0.00000000000008526513
8300 10.22395 43.59999 1325.56735 0.03289 0.00000000000009947598
8400 10.21276 43.11416 1316.94155 0.03274 0.00000000000009947598
8500 10.22527 42.64170 1303.79288 0.03271 0.00000000000008526513
8600 10.46658 42.19329 1286.74574 0.03279 0.00000000000007105427
8700 10.34627 41.78311 1279.97555 0.03264 0.00000000000008526513
8800 10.26290 41.40395 1273.96781 0.03250 0.00000000000008526513
8900 10.34109 41.03993 1263.85946 0.03247 0.00000000000009237056
9000 10.25886 40.69669 1254.34999 0.03244 0.00000000000011368684
9100 10.30007 40.34794 1227.98064 0.03286 0.00000000000014210855
9200 10.35197 40.03152 1211.48016 0.03304 0.00000000000013500312
9300 10.32407 39.75943 1212.33674 0.03280 0.00000000000012789769
9400 10.48462 39.49210 1201.37781 0.03287 0.00000000000013500312
9500 10.37426 39.24889 1195.07839 0.03284 0.00000000000012079227
9600 10.32676 39.04394 1186.14495 0.03292 0.00000000000012789769
9700 10.44634 38.88761 1175.10845 0.03309 0.00000000000012789769
9800 10.33975 38.76363 1165.28691 0.03327 0.00000000000011368684
9900 10.34562 38.67958 1163.91450 0.03323 0.00000000000012789769
10000 10.44519 38.58914 1165.83490 0.03310 0.00000000000012079227
10100 10.34177 38.53656 1158.39067 0.03327 0.00000000000012789769
10200 10.34307 38.45793 1164.00857 0.03304 0.00000000000014210855
10300 10.36984 38.35233 1158.44292 0.03311 0.00000000000014921397
10400 10.40718 38.27889 1150.57922 0.03327 0.00000000000014921397
10500 10.37787 38.23397 1150.30577 0.03324 0.00000000000014210855
10600 10.35441 38.18779 1159.85836 0.03292 0.00000000000013500312
10700 10.35976 38.13901 1162.64230 0.03280 0.00000000000014921397
10800 10.35932 38.06920 1161.43309 0.03278 0.00000000000016342483
10900 10.36313 37.96710 1159.21953 0.03275 0.00000000000019895197
11000 10.41673 37.86255 1150.51951 0.03291 0.00000000000020605739
11100 10.38489 37.79479 1143.11226 0.03306 0.00000000000021316282
11200 10.39004 37.77865 1131.33913 0.03339 0.00000000000022737368
11300 10.47617 37.77973 1132.38965 0.03336 0.00000000000024868996
11400 10.40921 37.79269 1139.77965 0.03316 0.00000000000024158453
11500 10.39587 37.79273 1143.72738 0.03304 0.00000000000019895197
11600 10.40416 37.77782 1153.21774 0.03276 0.00000000000018474111
11700 10.41231 37.77991 1148.11665 0.03291 0.00000000000019184654
11800 10.40569 37.79138 1149.32563 0.03288 0.00000000000019184654
11900 10.42746 37.80226 1156.41860 0.03269 0.00000000000019184654
12000 10.58074 37.81200 1157.51035 0.03267 0.00000000000015631940
12100 10.49330 37.82979 1155.91032 0.03273 0.00000000000012789769
12200 10.44946 37.87893 1161.11282 0.03262 0.00000000000016342483
12300 10.53148 37.94079 1155.12799 0.03285 0.00000000000015631940
12400 10.44655 38.05419 1153.72126 0.03298 0.00000000000009947598
12500 10.44831 38.15848 1154.91777 0.03304 0.00000000000012079227
12600 10.49741 38.23410 1158.05196 0.03302 0.00000000000009947598
12700 10.45837 38.32269 1164.34966 0.03291 0.00000000000012079227
12800 10.44223 38.42544 1162.75556 0.03305 0.00000000000012079227
12900 10.47443 38.48545 1165.40448 0.03302 0.00000000000013500312
13000 10.49641 38.52415 1172.86629 0.03285 0.00000000000007815970
13100 10.46683 38.55342 1180.02287 0.03267 0.00000000000007815970
13200 10.45652 38.58890 1179.10532 0.03273 0.00000000000008526513
13300 10.45904 38.53897 1183.76041 0.03256 0.00000000000006394885
13400 10.50846 38.38127 1174.22142 0.03269 0.00000000000001421085
13500 10.55236 38.23169 1173.01765 0.03259 0.00000000000007105427
13600 10.47476 38.07557 1176.88128 0.03235 0.00000000000007815970
13700 10.49190 37.92470 1175.49413 0.03226 0.00000000000007815970
13800 10.47998 37.76842 1179.19508 0.03203 0.00000000000006394885
13900 10.50818 37.61087 1166.94439 0.03223 0.00000000000011368684
14000 10.51894 37.47732 1160.80192 0.03229 0.00000000000012079227
14100 10.52935 37.35735 1162.77858 0.03213 0.00000000000014921397
14200 10.52848 37.25777 1157.68115 0.03218 0.00000000000013500312
14300 10.48723 37.17802 1150.74835 0.03231 0.00000000000014210855
14400 10.51923 37.09804 1148.84263 0.03229 0.00000000000018474111
14500 10.46139 36.92805 1149.04874 0.03214 0.00000000000017053026
14600 10.41866 36.67776 1144.22082 0.03205 0.00000000000017763568
14700 10.43755 36.45003 1130.41237 0.03224 0.00000000000020605739
14800 10.41034 36.22803 1124.05616 0.03223 0.00000000000021316282
14900 10.43129 36.01027 1108.58066 0.03248 0.00000000000017053026
15000 10.41803 35.82269 1103.36836 0.03247 0.00000000000019184654
15100 10.44186 35.63224 1104.81894 0.03225 0.00000000000018474111
15200 10.60581 35.44395 1092.79516 0.03243 0.00000000000019184654
15300 10.53649 35.27153 1083.64350 0.03255 0.00000000000019184654
15400 10.46807 35.13107 1073.44950 0.03273 0.00000000000019895197
15500 10.43590 35.01127 1072.47973 0.03265 0.00000000000021316282
15600 10.42432 34.81690 1060.82739 0.03282 0.00000000000018474111
15700 10.42159 34.62517 1057.61694 0.03274 0.00000000000017053026
15800 10.43962 34.44158 1048.51063 0.03285 0.00000000000013500312
15900 10.45351 34.27192 1047.92995 0.03270 0.00000000000011368684
16000 10.43440 34.11847 1039.80098 0.03281 0.00000000000011368684
16100 10.49749 33.98244 1036.20689 0.03280 0.00000000000009237056
16200 10.43269 33.87991 1027.81763 0.03296 0.00000000000012789769
16300 10.44661 33.79121 1019.99399 0.03313 0.00000000000013500312
16400 10.45148 33.63365 1017.69723 0.03305 0.00000000000016342483
16500 10.44081 33.43881 1010.51350 0.03309 0.00000000000012789769
16600 10.45851 33.24954 1009.03525 0.03295 0.00000000000011368684
16700 10.42893 33.05744 1001.92246 0.03299 0.00000000000011368684
16800 10.39395 32.86356 998.38670 0.03292 0.00000000000003552714
16900 10.36286 32.67033 996.62199 0.03278 0.00000000000005684342
17000 10.34013 32.48501 993.24676 0.03271 0.00000000000009947598
17100 10.42114 32.30129 991.65540 0.03257 0.00000000000006394885
17200 10.36056 32.13281 983.42408 0.03267 0.00000000000007105427
17300 10.34690 31.97726 982.60498 0.03254 0.00000000000011368684
17400 10.34403 31.80126 975.91161 0.03259 0.00000000000015631940
17500 10.34366 31.63078 969.41982 0.03263 0.00000000000012434498
17600 10.47758 31.46833 969.95188 0.03244 0.00000000000010302870
17700 10.41838 31.33064 961.09586 0.03260 0.00000000000010658141
17800 10.35985 31.21045 959.49216 0.03253 0.00000000000010658141
17900 10.37684 31.10079 953.26065 0.03263 0.00000000000017408297
18000 10.39232 31.01232 952.59699 0.03256 0.00000000000018118840
18100 10.38964 30.92162 955.08752 0.03238 0.00000000000015987212
18200 10.36276 30.82047 952.34720 0.03236 0.00000000000012434498
18300 10.33106 30.65367 949.17458 0.03230 0.00000000000014921397
18400 10.41759 30.49586 941.48302 0.03239 0.00000000000015987212
18500 10.36128 30.34492 940.33669 0.03227 0.00000000000016697754
18600 10.32396 30.21145 931.89544 0.03242 0.00000000000024158453
18700 10.32546 30.09091 928.54801 0.03241 0.00000000000029132252
18800 10.35537 29.94921 920.00855 0.03255 0.00000000000019895197
18900 10.32808 29.82305 918.00593 0.03249 0.00000000000015276669
19000 10.32700 29.70070 916.09304 0.03242 0.00000000000020605739
19100 10.32812 29.56682 916.76352 0.03225 0.00000000000020250468
19200 10.34367 29.42368 911.18492 0.03229 0.00000000000014921397
19300 10.33665 29.28959 908.82475 0.03223 0.00000000000010658141
19400 10.35944 29.15386 904.93585 0.03222 0.00000000000011013412
19500 10.34156 29.02468 902.68143 0.03215 0.00000000000011013412
19600 10.41731 28.89884 900.50445 0.03209 0.00000000000009237056
19700 10.36443 28.78369 895.79577 0.03213 0.00000000000010302870
19800 10.37360 28.68329 894.37659 0.03207 0.00000000000009592327
19900 10.45165 28.56855 889.69349 0.03211 0.00000000000012789769
20000 10.39939 28.43772 885.91032 0.03210 0.00000000000008881784
20100 10.35913 28.32841 882.79217 0.03209 0.00000000000008881784
20200 10.36494 28.21150 883.52280 0.03193 0.00000000000006394885
20300 10.37911 28.08684 878.52535 0.03197 0.00000000000007105427
20400 10.40431 27.97109 872.49274 0.03206 0.00000000000007815970
20500 10.36352 27.86269 866.74516 0.03215 0.00000000000004618528
20600 10.40008 27.75038 864.83794 0.03209 0.00000000000006394885
20700 10.39855 27.63877 864.23336 0.03198 0.00000000000004618528
20800 10.37121 27.52964 862.37414 0.03192 0.00000000000006039613
20900 10.37553 27.42178 857.95689 0.03196 0.00000000000003197442
21000 10.38011 27.32349 855.13172 0.03195 -0.00000000000002486900
21100 10.38294 27.20515 854.20934 0.03185 0.00000000000001065814
21200 10.36596 27.08143 851.81961 0.03179 0.00000000000005329071
21300 10.37575 26.96186 847.03187 0.03183 0.00000000000003552714
21400 10.33596 26.84119 845.95205 0.03173 0.00000000000005329071
21500 10.30623 26.71846 842.29752 0.03172 0.00000000000001776357
21600 10.27858 26.59661 839.89287 0.03167 0.00000000000008881784
21700 10.27957 26.47829 836.35932 0.03166 0.00000000000004618528
21800 10.32132 26.37252 829.61176 0.03179 0.00000000000004973799
21900 10.27419 26.29471 826.18954 0.03183 0.00000000000006750156
22000 10.32254 26.20749 823.66404 0.03182 0.00000000000004263256
22100 10.27583 26.12761 822.53596 0.03176 0.00000000000006039613
22200 10.30497 26.05127 819.17595 0.03180 0.00000000000004263256
22300 10.28685 25.98514 818.45855 0.03175 0.00000000000003197442
22400 10.28696 25.91930 815.43863 0.03179 -0.00000000000001776357
22500 10.31371 25.86215 811.57369 0.03187 -0.00000000000001776357
22600 10.32763 25.82274 810.54697 0.03186 -0.00000000000002131628
22700 10.32428 25.78333 812.89100 0.03172 -0.00000000000004263256
22800 10.36036 25.74192 812.90265 0.03167 -0.00000000000004263256
22900 10.31511 25.71898 809.01725 0.03179 -0.00000000000002131628
23000 10.30396 25.71990 807.03654 0.03187 -0.00000000000005329071
23100 10.26940 25.63490 806.76578 0.03177 -0.00000000000000710543
23200 10.29984 25.53430 802.70442 0.03181 0.00000000000001421085
23300 10.26440 25.44568 800.11384 0.03180 -0.00000000000001065814
23400 10.26980 25.34976 796.22079 0.03184 0.00000000000003552714
23500 10.27985 25.25956 793.58232 0.03183 -0.00000000000005684342
23600 10.28220 25.16294 789.68809 0.03186 -0.00000000000008171241
23700 10.28490 25.07691 783.03400 0.03203 -0.00000000000004973799
23800 10.29127 25.01470 778.23498 0.03214 -0.00000000000003197442
23900 10.28992 24.97010 776.05390 0.03218 -0.00000000000008526513
24000 10.28841 24.92889 777.00424 0.03208 -0.00000000000005684342
24100 10.28155 24.88306 776.78995 0.03203 -0.00000000000008881784
24200 10.32235 24.84484 773.80329 0.03211 -0.00000000000009237056
24300 10.27987 24.81824 775.17109 0.03202 -0.00000000000009237056
24400 10.28339 24.78974 775.47384 0.03197 -0.00000000000012434498
24500 10.29151 24.75984 773.74485 0.03200 -0.00000000000011013412
24600 10.34985 24.73509 773.16808 0.03199 -0.00000000000009592327
24700 10.30795 24.73230 770.35022 0.03211 -0.00000000000003907985
24800 10.32515 24.75581 766.47191 0.03230 0.00000000000002486900
24900 10.31421 24.79066 767.77031 0.03229 -0.00000000000010302870
25000 10.38589 24.82546 771.93594 0.03216 -0.00000000000004973799
25100 10.34451 24.85944 775.12029 0.03207 -0.00000000000006039613
25200 10.30346 24.90566 776.76072 0.03206 -0.00000000000008881784
25300 10.36968 24.94116 778.06568 0.03206 -0.00000000000001776357
25400 10.32886 24.97496 779.31683 0.03205 0.00000000000008881784
25500 10.31300 25.01905 778.03147 0.03216 0.00000000000006750156
25600 10.31748 25.06985 780.76425 0.03211 0.00000000000003552714
25700 10.34423 25.10620 783.99675 0.03202 0.00000000000000710543
25800 10.37931 25.14111 783.38228 0.03209 0.00000000000002842171
25900 10.33923 25.18150 785.78416 0.03205 -0.00000000000000355271
26000 10.32334 25.22908 788.40866 0.03200 0.00000000000000355271
26100 10.31488 25.20612 790.72085 0.03188 0.00000000000000710543
26200 10.32882 25.11384 788.00304 0.03187 0.00000000000006394885
26300 10.37414 25.02609 784.48890 0.03190 0.00000000000014566126
26400 10.33485 24.95327 782.38290 0.03189 0.00000000000015276669
26500 10.32525 24.88812 781.43986 0.03185 0.00000000000018118840
26600 10.36249 24.82834 777.89604 0.03192 0.00000000000020961011
26700 10.33326 24.78337 775.75129 0.03195 0.00000000000017408297
26800 10.34526 24.75509 770.54159 0.03213 0.00000000000010658141
26900 10.33406 24.72430 767.99491 0.03219 0.00000000000009947598
27000 10.34667 24.67987 765.04752 0.03226 0.00000000000009947598
27100 10.32475 24.62780 764.50554 0.03221 0.00000000000011013412
27200 10.32531 24.54424 760.36829 0.03228 0.00000000000015987212
27300 10.33435 24.46074 758.83875 0.03223 0.00000000000015987212
27400 10.29871 24.37298 758.02459 0.03215 0.00000000000010302870
27500 10.30190 24.28659 756.37733 0.03211 0.00000000000013500312
27600 10.30167 24.20575 753.18901 0.03214 0.00000000000009947598
27700 10.30635 24.13762 748.72582 0.03224 0.00000000000000710543
27800 10.32029 24.08487 748.11119 0.03219 0.00000000000010302870
27900 10.30569 24.03464 745.90262 0.03222 0.00000000000011368684
28000 10.31898 23.99103 743.90799 0.03225 0.00000000000013500312
28100 10.30090 23.95302 742.09479 0.03228 0.00000000000022737368
28200 10.30586 23.91440 741.89900 0.03223 0.00000000000032684966
28300 10.30303 23.88198 738.64496 0.03233 0.00000000000030198066
28400 10.32839 23.86035 736.55864 0.03239 0.00000000000034106051
28500 10.35187 23.85479 733.39981 0.03253 0.00000000000036237680
28600 10.31567 23.86301 733.85180 0.03252 0.00000000000034816594
28700 10.31723 23.88440 733.92119 0.03254 0.00000000000033040237
28800 10.34446 23.90112 734.63424 0.03253 0.00000000000027000624
28900 10.32689 23.91680 736.88210 0.03246 0.00000000000024513724
29000 10.31904 23.92182 738.79940 0.03238 0.00000000000018118840
29100 10.33795 23.88326 739.36484 0.03230 0.00000000000016697754
29200 10.43038 23.82548 739.32429 0.03223 0.00000000000020961011
29300 10.39478 23.77242 737.07069 0.03225 0.00000000000020605739
29400 10.35942 23.73653 736.13279 0.03224 0.00000000000021671553
29500 10.40562 23.70927 735.46092 0.03224 0.00000000000020250468
29600 10.37047 23.69008 734.26849 0.03226 0.00000000000019184654
29700 10.33555 23.68089 734.92430 0.03222 0.00000000000017053026
29800 10.35025 23.67492 735.67524 0.03218 0.00000000000015631940
29900 10.40584 23.64732 731.94077 0.03231 0.00000000000029842795
30000 10.37115 23.58315 730.12864 0.03230 0.00000000000025934810
30100 10.33670 23.52474 730.74783 0.03219 0.00000000000026290081
30200 10.34003 23.46630 730.60017 0.03212 0.00000000000027000624
30300 10.33232 23.39579 729.31322 0.03208 0.00000000000035171865
30400 10.35035 23.32744 726.59236 0.03211 0.00000000000029842795
30500 10.33721 23.26357 726.98642 0.03200 0.00000000000027355895
30600 10.34333 23.19229 724.90708 0.03199 0.00000000000023803182
30700 10.39195 23.12358 722.90607 0.03199 0.00000000000026645353
30800 10.35821 23.05702 720.23954 0.03201 0.00000000000023803182
30900 10.34824 22.99860 718.56076 0.03201 0.00000000000024513724
31000 10.34398 22.94199 715.49460 0.03206 0.00000000000024158453
31100 10.47423 22.88797 711.81576 0.03215 0.00000000000028421709
31200 10.44066 22.84527 709.93260 0.03218 0.00000000000031619152
31300 10.40730 22.80819 710.34455 0.03211 0.00000000000033750780
31400 10.37416 22.78038 707.52130 0.03220 0.00000000000035882408
31500 10.35689 22.77454 705.40619 0.03229 0.00000000000035171865
31600 10.36329 22.76664 707.40000 0.03218 0.00000000000034106051
31700 10.35672 22.75769 705.88935 0.03224 0.00000000000031263880
31800 10.35764 22.75541 706.66211 0.03220 0.00000000000037303494
31900 10.36289 22.75078 708.04863 0.03213 0.00000000000037658765
32000 10.36341 22.73402 707.67390 0.03213 0.00000000000039435122
32100 10.38935 22.68728 704.31508 0.03221 0.00000000000047251092
32200 10.42099 22.65391 702.75139 0.03224 0.00000000000045830006
32300 10.38872 22.63207 700.87807 0.03229 0.00000000000057198690
32400 10.37305 22.61931 699.29922 0.03235 0.00000000000066080474
32500 10.40159 22.62228 697.55619 0.03243 0.00000000000076383344
32600 10.37699 22.63723 698.17753 0.03242 0.00000000000089528385
32700 10.37197 22.64863 699.34862 0.03239 0.00000000000093791641
32800 10.38494 22.59643 698.55135 0.03235 0.00000000000082067686
32900 10.38393 22.53768 696.23432 0.03237 0.00000000000090594199
33000 10.38211 22.47622 695.79291 0.03230 0.00000000000084909857
33100 10.37524 22.41639 693.44147 0.03233 0.00000000000082067686
33200 10.43755 22.35664 689.17404 0.03244 0.00000000000037303494
33300 10.40620 22.29814 688.80159 0.03237 0.00000000000034461323
33400 10.38863 22.24288 688.51905 0.03231 0.00000000000039079850
33500 10.39277 22.18699 686.30124 0.03233 0.00000000000048316906
33600 10.38511 22.13612 685.50571 0.03229 0.00000000000052224891
33700 10.40944 22.08653 684.11405 0.03228 0.00000000000043698378
33800 10.38911 22.04504 683.59851 0.03225 0.00000000000033395509
33900 10.39480 22.00309 681.81417 0.03227 0.00000000000029487524
34000 10.41122 21.96929 680.90772 0.03226 0.00000000000018118840
34100 10.39472 21.94750 678.52199 0.03235 0.00000000000005684342
34200 10.44506 21.92902 679.32288 0.03228 0.00000000000010658141
34300 10.41461 21.91125 678.91223 0.03227 0.00000000000001776357
34400 10.40910 21.90682 677.08420 0.03235 -0.00000000000006039613
34500 10.39285 21.91055 678.55830 0.03229 -0.00000000000008171241
34600 10.41907 21.91118 678.71682 0.03228 -0.00000000000016697754
34700 10.39478 21.91533 678.37804 0.03231 -0.00000000000015276669
34800 10.45559 21.88003 678.63190 0.03224 -0.00000000000015276669
34900 10.42563 21.82213 677.57333 0.03221 -0.00000000000017408297
35000 10.40869 21.77569 674.46820 0.03229 0.00000000000004973799
35100 10.40271 21.73407 674.50570 0.03222 -0.00000000000002131628
35200 10.39344 21.68619 673.74562 0.03219 0.00000000000000000000
35300 10.44220 21.63034 670.36955 0.03227 0.00000000000000000000
35400 10.41270 21.58108 670.14942 0.03220 0.00000000000003907985
35500 10.40438 21.54267 667.33416 0.03228 0.00000000000015631940
35600 10.39503 21.51119 665.33311 0.03233 0.00000000000019184654
35700 10.42088 21.48674 665.86509 0.03227 0.00000000000031263880
35800 10.41929 21.45992 666.89685 0.03218 0.00000000000033395509
35900 10.40163 21.43271 666.75407 0.03214 0.00000000000040500936
36000 10.43071 21.41132 665.63703 0.03217 0.00000000000028066438
36100 10.40181 21.39883 663.65786 0.03224 0.00000000000029132252
36200 10.40912 21.39616 663.13438 0.03227 0.00000000000040145665
36300 10.40372 21.40071 662.27253 0.03231 0.00000000000047961635
36400 10.45950 21.39987 661.25234 0.03236 0.00000000000044408921
36500 10.43084 21.40653 661.59053 0.03236 0.00000000000040856207
36600 10.45528 21.42290 662.78784 0.03232 0.00000000000033040237
36700 10.42680 21.44548 662.49936 0.03237 0.00000000000025579538
36800 10.41211 21.47665 664.15189 0.03234 0.00000000000029487524
36900 10.41068 21.50793 664.69239 0.03236 0.00000000000024158453
37000 10.45955 21.54216 665.88131 0.03235 0.00000000000017763568
37100 10.43136 21.58373 666.74152 0.03237 0.00000000000023092639
37200 10.44520 21.63132 668.89861 0.03234 0.00000000000023447910
37300 10.41720 21.68695 668.53150 0.03244 0.00000000000018829382
37400 10.41783 21.75258 670.68955 0.03243 0.00000000000021316282
37500 10.42348 21.80936 672.57491 0.03243 0.00000000000010302870
37600 10.42054 21.86623 674.46284 0.03242 0.00000000000015631940
37700 10.43617 21.92018 676.81469 0.03239 0.00000000000013855583
37800 10.43093 21.98147 676.62840 0.03249 0.00000000000018474111
37900 10.44996 22.04827 679.37342 0.03245 0.00000000000019184654
38000 10.42580 22.11735 682.74519 0.03239 0.00000000000006394885
38100 10.42787 22.18645 684.45645 0.03241 0.00000000000011013412
38200 10.43466 22.22107 685.65837 0.03241 0.00000000000009237056
38300 10.44295 22.24755 685.50364 0.03245 -0.00000000000007105427
38400 10.45220 22.28170 686.14057 0.03247 -0.00000000000023803182
38500 10.44233 22.32165 687.50671 0.03247 -0.00000000000025579538
38600 10.43763 22.36726 687.94928 0.03251 -0.00000000000038369308
38700 10.43248 22.41075 689.42449 0.03251 -0.00000000000036237680
38800 10.45319 22.45407 690.34709 0.03253 -0.00000000000032329694
38900 10.43900 22.50374 691.46549 0.03254 -0.00000000000035171865
39000 10.47524 22.56165 692.29283 0.03259 -0.00000000000037658765
39100 10.44845 22.62781 693.37556 0.03263 -0.00000000000040856207
39200 10.43767 22.70012 695.73464 0.03263 -0.00000000000057553962
39300 10.48236 22.74615 697.83277 0.03260 -0.00000000000056132876
39400 10.45575 22.78885 698.73976 0.03261 -0.00000000000064304118
39500 10.47738 22.83880 700.95766 0.03258 -0.00000000000069988459
39600 10.45092 22.89077 703.23840 0.03255 -0.00000000000066791017
39700 10.47810 22.95455 703.16007 0.03264 -0.00000000000070699002
39800 10.45177 23.02473 705.99704 0.03261 -0.00000000000068567374
39900 10.44854 23.09754 708.37178 0.03261 -0.00000000000061106675
40000 10.47173 23.14659 708.93070 0.03265 -0.00000000000064659389
40100 10.45986 23.16745 710.25600 0.03262 -0.00000000000056132876
40200 10.48524 23.19234 711.16085 0.03261 -0.00000000000047606363
40300 10.45922 23.22228 711.13812 0.03266 -0.00000000000037658765
40400 10.48311 23.26574 711.53367 0.03270 -0.00000000000041211479
40500 10.45723 23.31709 713.24940 0.03269 -0.00000000000039790393
40600 10.45677 23.37457 714.61398 0.03271 -0.00000000000035171865
40700 10.45838 23.42949 717.51714 0.03265 -0.00000000000046185278
40800 10.46001 23.47949 720.81502 0.03257 -0.00000000000054356519
40900 10.45793 23.53493 719.95423 0.03269 -0.00000000000054711791
41000 10.48004 23.56114 720.36301 0.03271 -0.00000000000046540549
41100 10.48297 23.51847 719.20335 0.03270 -0.00000000000047606363
41200 10.49246 23.48481 716.72166 0.03277 -0.00000000000059330318
41300 10.46705 23.45700 717.61055 0.03269 -0.00000000000059330318
41400 10.46983 23.42875 715.83052 0.03273 -0.00000000000053645977
41500 10.46963 23.39940 713.50130 0.03280 -0.00000000000060040861
41600 10.46491 23.37274 712.83443 0.03279 -0.00000000000062527761
41700 10.46576 23.33703 711.89044 0.03278 -0.00000000000057553962
41800 10.46951 23.30220 711.49164 0.03275 -0.00000000000065369932
41900 10.46976 23.27056 709.11745 0.03282 -0.00000000000058975047
42000 10.47081 23.24664 707.50638 0.03286 -0.00000000000070699002
42100 10.45141 23.19843 706.69609 0.03283 -0.00000000000085265128
42200 10.44404 23.14506 706.23388 0.03277 -0.00000000000076028073
42300 10.42490 23.09103 705.23495 0.03274 -0.00000000000074962259
42400 10.45980 23.04285 704.41010 0.03271 -0.00000000000083844043
42500 10.43519 22.99987 702.72798 0.03273 -0.00000000000079225515
42600 10.43613 22.95405 700.96226 0.03275 -0.00000000000079580786
42700 10.44349 22.90875 699.71636 0.03274 -0.00000000000076383344
42800 10.46357 22.86212 698.92756 0.03271 -0.00000000000079225515
42900 10.43918 22.81694 697.18439 0.03273 -0.00000000000079936058
43000 10.43177 22.77594 696.56152 0.03270 -0.00000000000078870244
43100 10.44340 22.73568 694.47760 0.03274 -0.00000000000085265128
43200 10.45804 22.70591 692.72254 0.03278 -0.00000000000086330942
43300 10.43389 22.68462 691.23442 0.03282 -0.00000000000090594199
43400 10.45227 22.66842 691.84904 0.03276 -0.00000000000092370556
43500 10.43958 22.65410 692.03180 0.03274 -0.00000000000097344355
43600 10.44572 22.63086 691.93930 0.03271 -0.00000000000099120712
43700 10.43964 22.60474 690.78809 0.03272 -0.00000000000090949470
43800 10.46084 22.57748 690.08631 0.03272 -0.00000000000098410169
43900 10.44941 22.55912 688.21762 0.03278 -0.00000000000099475983
44000 10.44635 22.54707 687.02982 0.03282 -0.00000000000088817842
44100 10.44918 22.54163 687.47306 0.03279 -0.00000000000085620400
44200 10.44323 22.53601 687.43392 0.03278 -0.00000000000089883656
44300 10.44852 22.53216 688.39645 0.03273 -0.00000000000087752028
44400 10.44600 22.52988 688.45607 0.03273 -0.00000000000090594199
44500 10.45044 22.52830 687.59205 0.03276 -0.00000000000102673425
44600 10.47468 22.52933 687.75365 0.03276 -0.00000000000096278541
44700 10.45124 22.53858 686.75823 0.03282 -0.00000000000087041485
44800 10.45497 22.55488 687.85480 0.03279 -0.00000000000079580786
44900 10.46267 22.56968 689.37311 0.03274 -0.00000000000079936058
45000 10.46964 22.58586 689.52760 0.03276 -0.00000000000092725827
45100 10.45636 22.60569 689.79485 0.03277 -0.00000000000092370556
45200 10.45316 22.63273 689.35265 0.03283 -0.00000000000072120088
45300 10.45650 22.66258 691.78898 0.03276 -0.00000000000071054274
45400 10.45666 22.68404 691.17824 0.03282 -0.00000000000082778229
45500 10.45692 22.70306 692.35210 0.03279 -0.00000000000078159701
45600 10.45818 22.71840 693.87736 0.03274 -0.00000000000080291329
45700 10.45850 22.72580 695.15992 0.03269 -0.00000000000084909857
45800 10.46079 22.72728 695.33041 0.03269 -0.00000000000070699002
45900 10.46037 22.72103 696.19182 0.03264 -0.00000000000078159701
46000 10.46085 22.70274 696.21734 0.03261 -0.00000000000089173113
46100 10.49438 22.68243 696.17847 0.03258 -0.00000000000074962259
46200 10.47166 22.66703 695.36313 0.03260 -0.00000000000093081098
46300 10.47402 22.65772 695.65810 0.03257 -0.00000000000100186526
46400 10.46895 22.64852 696.41558 0.03252 -0.00000000000097344355
46500 10.46732 22.63247 695.57829 0.03254 -0.00000000000104805054
46600 10.47904 22.61708 694.30570 0.03258 -0.00000000000116884280
46700 10.47242 22.60785 693.68366 0.03259 -0.00000000000130029321
46800 10.51434 22.60314 694.11209 0.03256 -0.00000000000147437618
46900 10.49192 22.59851 694.99673 0.03252 -0.00000000000139621648
47000 10.46959 22.59511 696.37378 0.03245 -0.00000000000138911105
47100 10.48339 22.58846 696.73640 0.03242 -0.00000000000143529633
47200 10.54560 22.58416 696.25902 0.03244 -0.00000000000130384592
47300 10.52330 22.58102 697.18157 0.03239 -0.00000000000123989707
47400 10.50110 22.57979 698.61760 0.03232 -0.00000000000123989707
47500 10.47899 22.58466 697.96439 0.03236 -0.00000000000099831254
47600 10.48188 22.59648 697.07870 0.03242 -0.00000000000080291329
47700 10.48012 22.61612 696.89213 0.03245 -0.00000000000100186526
47800 10.48644 22.64235 696.91210 0.03249 -0.00000000000105160325
47900 10.48189 22.67564 697.60002 0.03251 -0.00000000000120436994
48000 10.49987 22.71237 698.84227 0.03250 -0.00000000000134647848
48100 10.49658 22.75757 699.89710 0.03252 -0.00000000000146371804
48200 10.49331 22.80373 701.87713 0.03249 -0.00000000000145661261
48300 10.51353 22.85640 702.71423 0.03253 -0.00000000000163069558
48400 10.49181 22.91827 704.28206 0.03254 -0.00000000000165201186
48500 10.48817 22.98387 706.85972 0.03252 -0.00000000000164845915
48600 10.49329 23.05011 708.11350 0.03255 -0.00000000000160582658
48700 10.48643 23.11807 710.31536 0.03255 -0.00000000000150279789
48800 10.48471 23.18097 713.26068 0.03250 -0.00000000000153477231
48900 10.53430 23.16184 713.23306 0.03247 -0.00000000000170885528
49000 10.51280 23.13417 712.93978 0.03245 -0.00000000000181898940
49100 10.49139 23.11359 711.52172 0.03248 -0.00000000000190070182
49200 10.48883 23.10158 710.37360 0.03252 -0.00000000000206412665
49300 10.49002 23.09656 709.00409 0.03258 -0.00000000000247268872
49400 10.49506 23.09634 709.11068 0.03257 -0.00000000000242650344
49500 10.50671 23.09898 708.86520 0.03259 -0.00000000000249400500
49600 10.49659 23.10372 709.56308 0.03256 -0.00000000000244426701
49700 10.49198 23.11062 710.32637 0.03254 -0.00000000000231636932
49800 10.49352 23.09897 710.07940 0.03253 -0.00000000000216715534
49900 10.50750 23.08501 709.32385 0.03255 -0.00000000000238387088
50000 10.52396 23.07574 709.58610 0.03252 -0.00000000000232347475
50100 10.50295 23.06778 709.88689 0.03250 -0.00000000000230571118
50200 10.52332 23.06387 709.00556 0.03253 -0.00000000000234479103
50300 10.50240 23.06785 708.37160 0.03256 -0.00000000000232702746
50400 10.50192 23.07330 709.51442 0.03252 -0.00000000000230571118
50500 10.49906 23.07310 709.18525 0.03253 -0.00000000000235544917
50600 10.51450 23.07423 708.89857 0.03255 -0.00000000000241939802
50700 10.50624 23.08066 708.77626 0.03256 -0.00000000000241939802
50800 10.50886 23.08857 709.55789 0.03254 -0.00000000000249400500
50900 10.50616 23.09974 709.15355 0.03257 -0.00000000000255084842
51000 10.50435 23.11711 708.51731 0.03263 -0.00000000000254374299
51100 10.50619 23.13736 709.24964 0.03262 -0.00000000000235189646
51200 10.50781 23.16022 709.21250 0.03266 -0.00000000000246558329
51300 10.50943 23.17828 709.45439 0.03267 -0.00000000000250466314
51400 10.52151 23.19411 710.47522 0.03265 -0.00000000000251532128
51500 10.51113 23.21360 710.76132 0.03266 -0.00000000000262545541
51600 10.51995 23.23621 711.56580 0.03266 -0.00000000000247624143
51700 10.50756 23.26353 711.67119 0.03269 -0.00000000000262900812
51800 10.53326 23.29243 710.98876 0.03276 -0.00000000000251532128
51900 10.51297 23.33130 711.87226 0.03277 -0.00000000000241939802
52000 10.51738 23.37446 713.30523 0.03277 -0.00000000000236255460
52100 10.51341 23.42044 715.24337 0.03274 -0.00000000000262545541
52200 10.51688 23.46365 716.67791 0.03274 -0.00000000000270006240
52300 10.51412 23.50814 718.57152 0.03272 -0.00000000000274269496
52400 10.52168 23.55033 720.39546 0.03269 -0.00000000000266808797
52500 10.53834 23.59685 721.09126 0.03272 -0.00000000000254374299
52600 10.51831 23.64642 721.88144 0.03276 -0.00000000000274624767
52700 10.51657 23.69797 723.57080 0.03275 -0.00000000000271427325
52800 10.51991 23.74262 725.46891 0.03273 -0.00000000000268229883
52900 10.52341 23.78783 726.96486 0.03272 -0.00000000000272137868
53000 10.53012 23.83263 728.86870 0.03270 -0.00000000000279598567
53100 10.53138 23.87386 729.82266 0.03271 -0.00000000000276756396
53200 10.52874 23.92212 730.57218 0.03274 -0.00000000000255084842
53300 10.52010 23.97079 733.01376 0.03270 -0.00000000000256505928
53400 10.53593 24.01966 735.46424 0.03266 -0.00000000000256150656
53500 10.52158 24.06879 737.50292 0.03264 -0.00000000000257216470
53600 10.52283 24.11362 738.56565 0.03265 -0.00000000000255084842
53700 10.55035 24.15441 739.92703 0.03264 -0.00000000000260413913
53800 10.53074 24.19933 741.41443 0.03264 -0.00000000000261124455
53900 10.54193 24.24854 742.61167 0.03265 -0.00000000000269650968
54000 10.53587 24.30327 744.82222 0.03263 -0.00000000000276756396
54100 10.54436 24.36285 745.91403 0.03266 -0.00000000000276045853
54200 10.52491 24.42774 747.59084 0.03268 -0.00000000000272137868
54300 10.53567 24.48761 749.11395 0.03269 -0.00000000000274980039
54400 10.52766 24.52931 750.50308 0.03268 -0.00000000000284217094
54500 10.53574 24.56893 752.67377 0.03264 -0.00000000000272848411
54600 10.55957 24.61292 752.86586 0.03269 -0.00000000000283151280
54700 10.54027 24.65964 753.98673 0.03271 -0.00000000000294164693
54800 10.53128 24.71750 753.76698 0.03279 -0.00000000000290967250
54900 10.53355 24.78393 754.65213 0.03284 -0.00000000000277111667
55000 10.52987 24.85256 757.28018 0.03282 -0.00000000000284217094
55100 10.53558 24.92375 757.47313 0.03290 -0.00000000000286348723
55200 10.53171 25.00343 759.59788 0.03292 -0.00000000000285638180
55300 10.53610 25.07673 762.36563 0.03289 -0.00000000000261834998
55400 10.56124 25.15120 764.75103 0.03289 -0.00000000000278177481
55500 10.54221 25.23100 766.03968 0.03294 -0.00000000000276401124
55600 10.54150 25.31961 768.43346 0.03295 -0.00000000000260769184
55700 10.55194 25.41446 770.17715 0.03300 -0.00000000000258282284
55800 10.55468 25.51279 774.12386 0.03296 -0.00000000000260058641
55900 10.53580 25.61065 778.06261 0.03292 -0.00000000000258992827
56000 10.53932 25.70692 781.11100 0.03291 -0.00000000000232702746
56100 10.54419 25.80489 783.78699 0.03292 -0.00000000000241939802
56200 10.53939 25.90863 785.78802 0.03297 -0.00000000000236255460
56300 10.56225 26.01226 789.90840 0.03293 -0.00000000000235900188
56400 10.54352 26.11732 793.22382 0.03293 -0.00000000000244426701
56500 10.56564 26.22556 797.06516 0.03290 -0.00000000000238387088
56600 10.54697 26.33750 800.59208 0.03290 -0.00000000000241939802
56700 10.54074 26.45202 803.33671 0.03293 -0.00000000000242295073
56800 10.54645 26.56365 805.56085 0.03298 -0.00000000000225952590
56900 10.54657 26.68331 808.45593 0.03301 -0.00000000000226663133
57000 10.55621 26.80731 812.34277 0.03300 -0.00000000000222399876
57100 10.54310 26.93831 815.14426 0.03305 -0.00000000000225952590
57200 10.54347 27.07364 818.93838 0.03306 -0.00000000000229150032
57300 10.55130 27.20207 821.65450 0.03311 -0.00000000000225597319
57400 10.55967 27.32954 825.20550 0.03312 -0.00000000000237321274
57500 10.54760 27.45162 829.89922 0.03308 -0.00000000000247624143
57600 10.54782 27.57039 833.62427 0.03307 -0.00000000000263611355
57700 10.55300 27.69001 838.25476 0.03303 -0.00000000000255440114
57800 10.54911 27.80796 842.40058 0.03301 -0.00000000000249400500
57900 10.55317 27.92322 846.46818 0.03299 -0.00000000000255440114
58000 10.54834 28.03761 849.62466 0.03300 -0.00000000000273914225
58100 10.57012 28.14811 852.66170 0.03301 -0.00000000000262545541
58200 10.55196 28.25703 856.98745 0.03297 -0.00000000000268229883
58300 10.55060 28.36652 859.10045 0.03302 -0.00000000000265032440
58400 10.55077 28.48052 861.34775 0.03307 -0.00000000000251532128
58500 10.55642 28.59618 864.98276 0.03306 -0.00000000000261479727
58600 10.55194 28.71079 867.69083 0.03309 -0.00000000000254019028
58700 10.57167 28.82293 871.66707 0.03307 -0.00000000000254374299
58800 10.55369 28.93799 874.83481 0.03308 -0.00000000000263611355
58900 10.57151 29.06007 876.86369 0.03314 -0.00000000000273914225
59000 10.57851 29.19308 880.11856 0.03317 -0.00000000000267874611
59100 10.56061 29.33460 882.72646 0.03323 -0.00000000000258637556
59200 10.55938 29.48137 886.38744 0.03326 -0.00000000000254729571
59300 10.57800 29.63194 891.06197 0.03325 -0.00000000000242650344
59400 10.56019 29.78333 896.21561 0.03323 -0.00000000000243716158
59500 10.56102 29.93826 900.56950 0.03324 -0.00000000000240518716
59600 10.58298 30.09499 905.88956 0.03322 -0.00000000000250466314
59700 10.56525 30.25385 911.27905 0.03320 -0.00000000000258637556
59800 10.59501 30.41565 916.30024 0.03319 -0.00000000000261479727
59900 10.57732 30.58184 921.45487 0.03319 -0.00000000000256861199
60000 10.55969 30.75113 926.70417 0.03318 -0.00000000000256505928
60100 10.56003 30.90064 931.82552 0.03316 -0.00000000000389732691
60200 10.56099 30.98357 934.94280 0.03314 -0.00000000000400035560
60300 10.56172 31.05264 935.76917 0.03318 -0.00000000000400035560
60400 10.56845 31.12857 937.27099 0.03321 -0.00000000000405719902
60500 10.56309 31.20691 939.78006 0.03321 -0.00000000000407140988
60600 10.56324 31.28622 941.38278 0.03323 -0.00000000000412470058
60700 10.59796 31.36073 941.90823 0.03329 -0.00000000000416733315
60800 10.58053 31.44234 944.04643 0.03331 -0.00000000000404298817
60900 10.56404 31.52805 947.70883 0.03327 -0.00000000000408206802
61000 10.57259 31.60296 948.71103 0.03331 -0.00000000000412114787
61100 10.56558 31.67942 951.16084 0.03331 -0.00000000000408562073
61200 10.56641 31.75506 954.05488 0.03328 -0.00000000000408917344
61300 10.56986 31.82919 956.90501 0.03326 -0.00000000000412825329
61400 10.56728 31.89700 960.50796 0.03321 -0.00000000000419220214
61500 10.57202 31.96199 962.61620 0.03320 -0.00000000000418154400
61600 10.58006 32.02923 965.26444 0.03318 -0.00000000000424194013
61700 10.57485 32.10267 966.21208 0.03323 -0.00000000000425615099
61800 10.57581 32.17801 969.57626 0.03319 -0.00000000000428457270
61900 10.57656 32.25642 970.67212 0.03323 -0.00000000000445510295
62000 10.57408 32.33520 974.14105 0.03319 -0.00000000000446931381
62100 10.57161 32.41502 976.22349 0.03320 -0.00000000000444799753
62200 10.58450 32.49789 978.87099 0.03320 -0.00000000000437694325
62300 10.58677 32.58818 979.84722 0.03326 -0.00000000000451905180
62400 10.60635 32.68865 981.60330 0.03330 -0.00000000000440536496
62500 10.58938 32.79414 984.92745 0.03330 -0.00000000000430588898
62600 10.58415 32.90384 988.37842 0.03329 -0.00000000000429167812
62700 10.60562 33.01489 992.34595 0.03327 -0.00000000000415667500
62800 10.58874 33.12897 994.97826 0.03330 -0.00000000000408562073
62900 10.58001 33.24952 997.80291 0.03332 -0.00000000000411404244
63000 10.57798 33.37590 1000.80042 0.03335 -0.00000000000397193389
63100 10.57555 33.49393 1005.45533 0.03331 -0.00000000000390798505
63200 10.58407 33.59452 1008.15462 0.03332 -0.00000000000394351218
63300 10.57886 33.69663 1012.33814 0.03329 -0.00000000000400035560
63400 10.58307 33.79940 1013.66213 0.03334 -0.00000000000386535248
63500 10.59354 33.90657 1016.55664 0.03335 -0.00000000000391509047
63600 10.58310 34.01671 1021.46499 0.03330 -0.00000000000391509047
63700 10.58475 34.12436 1024.85690 0.03330 -0.00000000000395772304
63800 10.59625 34.23597 1026.43555 0.03335 -0.00000000000400035560
63900 10.57967 34.35515 1029.68760 0.03336 -0.00000000000412114787
64000 10.58336 34.47618 1032.51075 0.03339 -0.00000000000404298817
64100 10.58448 34.60101 1034.96258 0.03343 -0.00000000000382982535
64200 10.58378 34.73008 1037.53895 0.03347 -0.00000000000424194013
64300 10.58121 34.85555 1042.90930 0.03342 -0.00000000000412825329
64400 10.58328 34.97511 1047.62669 0.03339 -0.00000000000407140988
64500 10.58928 35.09196 1051.78046 0.03336 -0.00000000000423483471
64600 10.58684 35.21161 1054.55254 0.03339 -0.00000000000446220838
64700 10.59597 35.33715 1058.47855 0.03338 -0.00000000000446220838
64800 10.59265 35.46686 1060.56864 0.03344 -0.00000000000444799753
64900 10.58740 35.60378 1063.85136 0.03347 -0.00000000000469668748
65000 10.58766 35.74029 1069.08373 0.03343 -0.00000000000488142859
65100 10.58632 35.87614 1074.30391 0.03339 -0.00000000000495958830
65200 10.58818 36.01351 1078.58569 0.03339 -0.00000000000495248287
65300 10.58785 36.15227 1081.42154 0.03343 -0.00000000000487432317
65400 10.59000 36.29671 1085.91256 0.03343 -0.00000000000488142859
65500 10.59371 36.44089 1090.39656 0.03342 -0.00000000000486721774
65600 10.59146 36.58592 1094.90712 0.03341 -0.00000000000475353090
65700 10.59295 36.72802 1098.83000 0.03342 -0.00000000000463984406
65800 10.59287 36.87516 1101.40068 0.03348 -0.00000000000404298817
65900 10.59668 37.01616 1105.28547 0.03349 -0.00000000000412825329
66000 10.58881 37.15815 1110.20270 0.03347 -0.00000000000421351842
66100 10.59067 37.27925 1114.49951 0.03345 -0.00000000000434852154
66200 10.60920 37.37966 1118.18066 0.03343 -0.00000000000416378043
66300 10.59320 37.48217 1121.92689 0.03341 -0.00000000000408562073
66400 10.59347 37.58666 1125.22724 0.03340 -0.00000000000437694325
66500 10.59839 37.69227 1128.05396 0.03341 -0.00000000000437694325
66600 10.59236 37.79852 1132.93485 0.03336 -0.00000000000444089210
66700 10.59640 37.90500 1136.29823 0.03336 -0.00000000000423483471
66800 10.59338 38.01453 1139.24212 0.03337 -0.00000000000439115411
66900 10.59769 38.11571 1142.44682 0.03336 -0.00000000000436273240
67000 10.59324 38.21532 1144.06898 0.03340 -0.00000000000427746727
67100 10.59615 38.31814 1147.32126 0.03340 -0.00000000000404298817
67200 10.59778 38.42176 1150.59806 0.03339 -0.00000000000420641300
67300 10.60631 38.52657 1154.42497 0.03337 -0.00000000000374456022
67400 10.59594 38.63017 1158.73307 0.03334 -0.00000000000375877107
67500 10.59571 38.72537 1162.27763 0.03332 -0.00000000000393640676
67600 10.60288 38.81694 1165.71538 0.03330 -0.00000000000360955710
67700 10.60516 38.90917 1168.65607 0.03329 -0.00000000000360245167
67800 10.59781 39.00500 1171.70526 0.03329 -0.00000000000404298817
67900 10.59863 39.10251 1174.28585 0.03330 -0.00000000000435562697
68000 10.60574 39.20341 1175.92928 0.03334 -0.00000000000443378667
68100 10.59904 39.31083 1178.80560 0.03335 -0.00000000000400746103
68200 10.60331 39.41732 1182.69316 0.03333 -0.00000000000414956958
68300 10.60770 39.52523 1185.58331 0.03334 -0.00000000000401456646
68400 10.62728 39.63540 1186.97969 0.03339 -0.00000000000416378043
68500 10.61177 39.75376 1190.70080 0.03339 -0.00000000000413535872
68600 10.60329 39.87476 1194.50162 0.03338 -0.00000000000407851530
68700 10.61046 39.99881 1196.30756 0.03344 -0.00000000000401456646
68800 10.62221 40.12625 1201.34292 0.03340 -0.00000000000405009359
68900 10.60679 40.25629 1205.93844 0.03338 -0.00000000000411404244
69000 10.60196 40.38317 1211.49496 0.03333 -0.00000000000417088586
69100 10.60652 40.50197 1216.29111 0.03330 -0.00000000000422772928
69200 10.60374 40.61993 1220.00819 0.03329 -0.00000000000448352466
69300 10.60562 40.73356 1224.12644 0.03328 -0.00000000000442668124
69400 10.61239 40.84052 1228.57928 0.03324 -0.00000000000446931381
69500 10.61469 40.94757 1229.84276 0.03329 -0.00000000000461852778
69600 10.62054 41.05646 1233.82098 0.03328 -0.00000000000486011231
69700 10.60531 41.16831 1236.82392 0.03329 -0.00000000000503774800
69800 10.61487 41.28368 1239.39822 0.03331 -0.00000000000504485342
69900 10.60626 41.40261 1242.07826 0.03333 -0.00000000000563460389
70000 10.61201 41.52391 1245.89525 0.03333 -0.00000000000557065505
70100 10.62980 41.64690 1248.69460 0.03335 -0.00000000000593303184
70200 10.61465 41.77541 1252.19219 0.03336 -0.00000000000612487838
70300 10.60687 41.91005 1255.87231 0.03337 -0.00000000000613198381
70400 10.61519 42.04181 1260.53798 0.03335 -0.00000000000633804120
70500 10.61923 42.17298 1266.26693 0.03330 -0.00000000000625988150
70600 10.62326 42.30269 1271.96338 0.03326 -0.00000000000616751095
70700 10.61283 42.43199 1276.02800 0.03325 -0.00000000000604671868
70800 10.61097 42.56226 1280.66652 0.03323 -0.00000000000586908300
70900 10.61535 42.68155 1282.79849 0.03327 -0.00000000000599698069
71000 10.61144 42.76668 1284.99137 0.03328 -0.00000000000559197133
71100 10.61223 42.80819 1286.41699 0.03328 -0.00000000000557065505
71200 10.61389 42.84470 1288.78007 0.03324 -0.00000000000529354338
71300 10.61553 42.87858 1291.61093 0.03320 -0.00000000000521538368
71400 10.61182 42.91036 1292.74249 0.03319 -0.00000000000517985654
71500 10.61453 42.92158 1293.79981 0.03317 -0.00000000000527222710
71600 10.61421 42.92817 1294.17147 0.03317 -0.00000000000525801624
71700 10.61283 42.93586 1292.94462 0.03321 -0.00000000000556354962
71800 10.61642 42.94691 1293.99408 0.03319 -0.00000000000564881475
71900 10.62425 42.95832 1294.51095 0.03318 -0.00000000000563460389
72000 10.63505 42.97572 1293.58351 0.03322 -0.00000000000543565193
72100 10.62030 42.99793 1293.88600 0.03323 -0.00000000000567723646
72200 10.61742 43.02356 1294.83151 0.03323 -0.00000000000589039928
72300 10.63291 43.04660 1295.16003 0.03324 -0.00000000000585487214
72400 10.61822 43.07304 1295.59126 0.03325 -0.00000000000589039928
72500 10.61525 43.10134 1297.15543 0.03323 -0.00000000000579092330
72600 10.61716 43.13053 1297.13191 0.03325 -0.00000000000571276360
72700 10.62525 43.16326 1297.75392 0.03326 -0.00000000000569144731
72800 10.62027 43.19808 1300.04977 0.03323 -0.00000000000562749847
72900 10.62093 43.22931 1300.62593 0.03324 -0.00000000000542144107
73000 10.62568 43.25888 1301.68927 0.03323 -0.00000000000510169684
73100 10.61949 43.28860 1303.29343 0.03321 -0.00000000000523669996
73200 10.62831 43.31882 1304.91254 0.03320 -0.00000000000527222710
73300 10.63222 43.35098 1306.05300 0.03319 -0.00000000000509459142
73400 10.61949 43.38576 1307.27212 0.03319 -0.00000000000513011855
73500 10.62049 43.41770 1308.94214 0.03317 -0.00000000000511590770
73600 10.62010 43.44926 1310.60065 0.03315 -0.00000000000494537744
73700 10.61976 43.46192 1311.68867 0.03313 -0.00000000000468958206
73800 10.63391 43.43602 1308.93346 0.03318 -0.00000000000480326889
73900 10.62273 43.41311 1308.94687 0.03317 -0.00000000000478195261
74000 10.62272 43.38896 1308.38747 0.03316 -0.00000000000476063633
74100 10.62396 43.36726 1307.90162 0.03316 -0.00000000000476774176
74200 10.62401 43.34483 1306.86151 0.03317 -0.00000000000492406116
74300 10.62388 43.32147 1306.85558 0.03315 -0.00000000000497379915
74400 10.62348 43.30026 1305.32403 0.03317 -0.00000000000522959454
74500 10.62593 43.27781 1305.87152 0.03314 -0.00000000000527222710
74600 10.63126 43.23856 1303.79805 0.03316 -0.00000000000518696197
74700 10.63434 43.18824 1302.97329 0.03315 -0.00000000000510169684
74800 10.62401 43.13882 1302.69846 0.03311 -0.00000000000527933253
74900 10.64501 43.08780 1301.32116 0.03311 -0.00000000000526512167
75000 10.63081 43.04271 1298.55311 0.03315 -0.00000000000515854026
75100 10.62549 43.00144 1298.51547 0.03312 -0.00000000000528643795
75200 10.62859 42.95958 1295.85264 0.03315 -0.00000000000547117907
75300 10.64232 42.92190 1295.39841 0.03313 -0.00000000000543565193
75400 10.62820 42.88647 1293.97366 0.03314 -0.00000000000540012479
75500 10.62448 42.85222 1292.06969 0.03317 -0.00000000000542854650
75600 10.61955 42.79605 1291.05388 0.03315 -0.00000000000520827825
75700 10.61197 42.74091 1291.09613 0.03310 -0.00000000000530064881
75800 10.61255 42.68826 1288.12501 0.03314 -0.00000000000537170308
75900 10.61133 42.63424 1287.67950 0.03311 -0.00000000000549249535
76000 10.62073 42.57881 1286.16423 0.03311 -0.00000000000529354338
76100 10.60677 42.52709 1284.76046 0.03310 -0.00000000000528643795
76200 10.62649 42.47633 1283.38475 0.03310 -0.00000000000554933877
76300 10.61257 42.42919 1282.11784 0.03309 -0.00000000000561328761
76400 10.60357 42.38112 1281.32864 0.03308 -0.00000000000561328761
76500 10.59626 42.32632 1280.33353 0.03306 -0.00000000000585487214
76600 10.59761 42.27271 1279.37160 0.03304 -0.00000000000598276984
76700 10.60356 42.22173 1275.46536 0.03310 -0.00000000000591171556
76800 10.59793 42.17822 1273.80549 0.03311 -0.00000000000600408612
76900 10.61007 42.13737 1271.72828 0.03313 -0.00000000000603961325
77000 10.59831 42.10229 1270.82582 0.03313 -0.00000000000613198381
77100 10.59877 42.06258 1270.28017 0.03311 -0.00000000000635225206
77200 10.58999 42.00990 1270.33464 0.03307 -0.00000000000611066753
77300 10.58722 41.95782 1267.42450 0.03310 -0.00000000000587618842
77400 10.58727 41.91179 1265.69368 0.03311 -0.00000000000562749847
77500 10.58739 41.86536 1263.95231 0.03312 -0.00000000000551381163
77600 10.60558 41.81768 1262.17490 0.03313 -0.00000000000535038680
77700 10.59193 41.77425 1258.57289 0.03319 -0.00000000000534328137
77800 10.59612 41.73658 1256.61997 0.03321 -0.00000000000539301936
77900 10.58953 41.70360 1254.81278 0.03323 -0.00000000000515143483
78000 10.59818 41.67681 1254.16315 0.03323 -0.00000000000520117283
78100 10.59910 41.65014 1254.48369 0.03320 -0.00000000000542854650
78200 10.60285 41.62434 1254.82794 0.03317 -0.00000000000535749223
78300 10.58931 41.59843 1255.16661 0.03314 -0.00000000000532907052
78400 10.60962 41.56735 1254.38024 0.03314 -0.00000000000525801624
78500 10.59611 41.53843 1253.17704 0.03315 -0.00000000000532196509
78600 10.59906 41.51610 1250.73410 0.03319 -0.00000000000524380539
78700 10.60065 41.50033 1248.97733 0.03323 -0.00000000000516564569
78800 10.59395 41.48926 1247.84483 0.03325 -0.00000000000511590770
78900 10.60180 41.48133 1247.76100 0.03324 -0.00000000000500222086
79000 10.59709 41.47605 1247.28129 0.03325 -0.00000000000503774800
79100 10.59905 41.47437 1247.38517 0.03325 -0.00000000000500222086
79200 10.60196 41.47324 1246.55816 0.03327 -0.00000000000500222086
79300 10.59344 41.47076 1246.16570 0.03328 -0.00000000000505906428
79400 10.60292 41.46948 1246.28195 0.03327 -0.00000000000521538368
79500 10.59448 41.46988 1246.91971 0.03326 -0.00000000000510880227
79600 10.59439 41.46564 1247.41678 0.03324 -0.00000000000554223334
79700 10.61275 41.44481 1246.94270 0.03324 -0.00000000000547828449
79800 10.59945 41.42428 1246.94752 0.03322 -0.00000000000548538992
79900 10.59819 41.40518 1246.99370 0.03320 -0.00000000000546407364
80000 10.59521 41.38447 1247.45945 0.03318 -0.00000000000570565817
80100 10.58571 41.33327 1247.00371 0.03315 -0.00000000000558486590
80200 10.59658 41.28297 1245.63363 0.03314 -0.00000000000526512167
80300 10.58485 41.23354 1245.22496 0.03311 -0.00000000000515143483
80400 10.58570 41.18497 1243.43662 0.03312 -0.00000000000537170308
80500 10.58072 41.13549 1241.15702 0.03314 -0.00000000000542144107
80600 10.57923 41.08624 1240.28139 0.03313 -0.00000000000564881475
80700 10.59464 41.03684 1239.86270 0.03310 -0.00000000000550670620
80800 10.58153 40.99077 1237.68857 0.03312 -0.00000000000547117907
80900 10.57911 40.94746 1236.52461 0.03311 -0.00000000000559907676
81000 10.57283 40.89780 1235.16854 0.03311 -0.00000000000568434189
81100 10.58196 40.85224 1232.55829 0.03314 -0.00000000000565592018
81200 10.57250 40.81267 1230.59360 0.03317 -0.00000000000566302560
81300 10.57430 40.77370 1227.74127 0.03321 -0.00000000000585487214
81400 10.57391 40.73831 1227.27565 0.03319 -0.00000000000564881475
81500 10.58367 40.70178 1226.77344 0.03318 -0.00000000000546407364
81600 10.59218 40.66825 1225.45404 0.03319 -0.00000000000554933877
81700 10.57922 40.63663 1224.64507 0.03318 -0.00000000000552091706
81800 10.58405 40.60880 1223.49916 0.03319 -0.00000000000548538992
81900 10.57531 40.58528 1222.93399 0.03319 -0.00000000000532907052
82000 10.57761 40.54667 1221.91352 0.03318 -0.00000000000532907052
82100 10.58039 40.50510 1220.80337 0.03318 -0.00000000000549249535
82200 10.58050 40.46885 1217.62064 0.03324 -0.00000000000576250159
82300 10.57514 40.43098 1217.51535 0.03321 -0.00000000000566302560
82400 10.56861 40.38249 1217.08747 0.03318 -0.00000000000544986278
82500 10.55682 40.33369 1215.75778 0.03318 -0.00000000000535038680
82600 10.56724 40.28935 1212.34988 0.03323 -0.00000000000515143483
82700 10.55840 40.25319 1210.52330 0.03325 -0.00000000000473221462
82800 10.58070 40.21748 1209.15289 0.03326 -0.00000000000478195261
82900 10.56793 40.18462 1208.74630 0.03324 -0.00000000000486721774
83000 10.55882 40.15390 1207.52656 0.03325 -0.00000000000464694949
83100 10.55984 40.11681 1207.86489 0.03321 -0.00000000000466826577
83200 10.55808 40.07073 1205.74487 0.03323 -0.00000000000466826577
83300 10.55688 40.02650 1204.55479 0.03323 -0.00000000000452615723
83400 10.56200 39.97988 1203.72623 0.03321 -0.00000000000455457894
83500 10.56110 39.93654 1202.12729 0.03322 -0.00000000000459721150
83600 10.55485 39.89697 1199.77942 0.03325 -0.00000000000476063633
83700 10.56882 39.85913 1198.35094 0.03326 -0.00000000000484590146
83800 10.55621 39.82478 1197.02899 0.03327 -0.00000000000470379291
83900 10.55777 39.79455 1196.68921 0.03325 -0.00000000000454747351
84000 10.57624 39.76461 1196.35656 0.03324 -0.00000000000460431693
84100 10.56367 39.73672 1196.08366 0.03322 -0.00000000000456168436
84200 10.55707 39.71073 1195.01197 0.03323 -0.00000000000483879603
84300 10.55612 39.68226 1194.71948 0.03321 -0.00000000000489563945
84400 10.56318 39.64744 1192.53160 0.03325 -0.00000000000491695573
84500 10.56001 39.61766 1191.77380 0.03324 -0.00000000000490985030
84600 10.56044 39.58782 1190.58985 0.03325 -0.00000000000478195261
84700 10.55904 39.56255 1188.70093 0.03328 -0.00000000000466826577
84800 10.56300 39.53564 1188.45171 0.03327 -0.00000000000466826577
84900 10.56406 39.50761 1188.16728 0.03325 -0.00000000000471089834
85000 10.56109 39.47817 1188.25930 0.03322 -0.00000000000479616347
85100 10.55932 39.45063 1187.14594 0.03323 -0.00000000000471800377
85200 10.56061 39.42008 1184.27037 0.03329 -0.00000000000463984406
85300 10.56497 39.38797 1184.27696 0.03326 -0.00000000000467537120
85400 10.58373 39.35349 1183.37601 0.03326 -0.00000000000459010607
85500 10.57135 39.32112 1182.95423 0.03324 -0.00000000000466826577
85600 10.56313 39.29345 1181.42568 0.03326 -0.00000000000471800377
85700 10.57755 39.26492 1180.70307 0.03326 -0.00000000000468958206
85800 10.56522 39.24044 1178.86194 0.03329 -0.00000000000483879603
85900 10.56318 39.22076 1178.40612 0.03328 -0.00000000000460431693
86000 10.56613 39.19806 1177.85938 0.03328 -0.00000000000456168436
86100 10.56503 39.17268 1176.82063 0.03329 -0.00000000000449063009
86200 10.57155 39.14692 1175.77157 0.03329 -0.00000000000461142236
86300 10.56788 39.12416 1174.81384 0.03330 -0.00000000000459721150
86400 10.56445 39.10098 1175.06959 0.03328 -0.00000000000460431693
86500 10.56460 39.07813 1173.29336 0.03331 -0.00000000000454747351
86600 10.57443 39.05761 1172.40515 0.03331 -0.00000000000463984406
86700 10.56573 39.04044 1172.02420 0.03331 -0.00000000000476063633
86800 10.57072 39.01646 1171.84379 0.03329 -0.00000000000475353090
86900 10.56652 38.99287 1171.67367 0.03328 -0.00000000000476063633
87000 10.57325 38.96985 1169.49872 0.03332 -0.00000000000478905804
87100 10.57491 38.95335 1169.13743 0.03332 -0.00000000000471089834
87200 10.56908 38.93978 1167.65774 0.03335 -0.00000000000469668748
87300 10.60153 38.93006 1167.09955 0.03336 -0.00000000000478195261
87400 10.58940 38.92295 1166.62062 0.03336 -0.00000000000473932005
87500 10.57730 38.92019 1166.27281 0.03337 -0.00000000000476774176
87600 10.57723 38.92393 1165.32340 0.03340 -0.00000000000503064257
87700 10.57841 38.93164 1165.68948 0.03340 -0.00000000000501643171
87800 10.57850 38.94083 1166.09974 0.03339 -0.00000000000503064257
87900 10.57039 38.95142 1166.55195 0.03339 -0.00000000000508748599
88000 10.58074 38.96412 1166.66970 0.03340 -0.00000000000512301312
88100 10.57409 38.97742 1167.20280 0.03339 -0.00000000000528643795
88200 10.57236 38.99249 1167.78869 0.03339 -0.00000000000537170308
88300 10.57717 39.00905 1168.41885 0.03339 -0.00000000000511590770
88400 10.57180 39.02839 1169.52882 0.03337 -0.00000000000512301312
88500 10.57657 39.04448 1170.54089 0.03336 -0.00000000000513722398
88600 10.57427 39.05522 1170.59969 0.03336 -0.00000000000499511543
88700 10.57593 39.06214 1171.33597 0.03335 -0.00000000000505195885
88800 10.57777 39.06847 1172.45020 0.03332 -0.00000000000490985030
88900 10.57629 39.07394 1173.53823 0.03330 -0.00000000000484590146
89000 10.57376 39.08192 1171.93094 0.03335 -0.00000000000468958206
89100 10.58016 39.08242 1172.07802 0.03334 -0.00000000000491695573
89200 10.57439 39.08017 1173.32582 0.03331 -0.00000000000499511543
89300 10.56699 39.04783 1172.87971 0.03329 -0.00000000000488142859
89400 10.57081 39.00555 1171.73927 0.03329 -0.00000000000497379915
89500 10.56486 38.96727 1169.54092 0.03332 -0.00000000000499511543
89600 10.56563 38.92401 1168.76393 0.03330 -0.00000000000500932629
89700 10.55759 38.88435 1166.14062 0.03334 -0.00000000000514432941
89800 10.56314 38.85506 1163.06154 0.03341 -0.00000000000549249535
89900 10.56416 38.82846 1162.01018 0.03341 -0.00000000000570565817
90000 10.56172 38.80330 1162.16220 0.03339 -0.00000000000573407988
90100 10.55987 38.77983 1161.59013 0.03339 -0.00000000000568434189
90200 10.55842 38.75485 1161.74404 0.03336 -0.00000000000577671244
90300 10.55869 38.72644 1160.25148 0.03338 -0.00000000000604671868
90400 10.56428 38.68849 1159.24409 0.03337 -0.00000000000590461013
90500 10.56064 38.64924 1157.81389 0.03338 -0.00000000000583355586
90600 10.56125 38.61264 1156.84698 0.03338 -0.00000000000596145355
90700 10.56226 38.57737 1155.15594 0.03340 -0.00000000000574118530
90800 10.57710 38.54171 1154.97919 0.03337 -0.00000000000569855274
90900 10.56547 38.50634 1154.42817 0.03336 -0.00000000000563460389
91000 10.56487 38.47098 1154.63691 0.03332 -0.00000000000562749847
91100 10.56137 38.43735 1152.61451 0.03335 -0.00000000000531485966
91200 10.57443 38.40567 1152.54935 0.03332 -0.00000000000524380539
91300 10.56285 38.37587 1151.78066 0.03332 -0.00000000000476063633
91400 10.56234 38.34604 1151.01091 0.03332 -0.00000000000480326889
91500 10.56294 38.31457 1150.94667 0.03329 -0.00000000000470379291
91600 10.56734 38.28328 1150.13065 0.03329 -0.00000000000439825953
91700 10.56568 38.25284 1148.96360 0.03329 -0.00000000000420641300
91800 10.56676 38.22043 1148.86565 0.03327 -0.00000000000395061761
91900 10.56593 38.18801 1147.26311 0.03329 -0.00000000000382271992
92000 10.56714 38.15923 1146.52162 0.03328 -0.00000000000363087338
92100 10.57202 38.13151 1146.18538 0.03327 -0.00000000000387245791
92200 10.56918 38.10525 1145.14487 0.03328 -0.00000000000405719902
92300 10.58130 38.08145 1144.92442 0.03326 -0.00000000000359534624
92400 10.56985 38.05909 1144.37349 0.03326 -0.00000000000331823458
92500 10.56862 38.03492 1143.02462 0.03328 -0.00000000000355981911
92600 10.57496 37.99972 1140.97723 0.03330 -0.00000000000390087962
92700 10.56715 37.96572 1140.07836 0.03330 -0.00000000000397903932
92800 10.56780 37.92911 1139.10088 0.03330 -0.00000000000439825953
92900 10.57477 37.89185 1137.73535 0.03330 -0.00000000000427036184
93000 10.57081 37.85622 1137.52130 0.03328 -0.00000000000415667500
93100 10.56904 37.82126 1136.95803 0.03327 -0.00000000000451905180
93200 10.56701 37.78511 1136.35759 0.03325 -0.00000000000441247039
93300 10.56365 37.74574 1134.92679 0.03326 -0.00000000000398614475
93400 10.57045 37.70869 1133.56676 0.03327 -0.00000000000350297569
93500 10.56844 37.67283 1133.33636 0.03324 -0.00000000000362376795
93600 10.56545 37.63924 1132.08011 0.03325 -0.00000000000350297569
93700 10.57598 37.60221 1131.08409 0.03324 -0.00000000000280664381
93800 10.56632 37.56405 1130.05394 0.03324 -0.00000000000296296321
93900 10.56939 37.52861 1127.65977 0.03328 -0.00000000000271427325
94000 10.57032 37.49503 1127.12922 0.03327 -0.00000000000277111667
94100 10.58133 37.46042 1126.20632 0.03326 -0.00000000000321165317
94200 10.57010 37.43018 1124.69641 0.03328 -0.00000000000282085466
94300 10.57801 37.40356 1124.01396 0.03328 -0.00000000000294164693
94400 10.57567 37.37931 1123.40224 0.03327 -0.00000000000262900812
94500 10.57558 37.35710 1122.49476 0.03328 -0.00000000000264321898
94600 10.57035 37.33733 1122.37409 0.03327 -0.00000000000257927013
94700 10.57644 37.31736 1121.53397 0.03327 -0.00000000000240163445
94800 10.58174 37.29772 1121.41585 0.03326 -0.00000000000225242047
94900 10.57059 37.28018 1120.29429 0.03328 -0.00000000000207478479
95000 10.57085 37.26275 1120.95048 0.03324 -0.00000000000198241423
95100 10.59307 37.24156 1120.78239 0.03323 -0.00000000000194688710
95200 10.58194 37.22111 1120.63564 0.03321 -0.00000000000189004368
95300 10.57084 37.20444 1120.24748 0.03321 -0.00000000000181898940
95400 10.57141 37.18949 1119.20407 0.03323 -0.00000000000144950718
95500 10.57132 37.17734 1117.89541 0.03326 -0.00000000000127897692
95600 10.57231 37.16175 1118.24474 0.03323 -0.00000000000144240175
95700 10.57175 37.14194 1118.46545 0.03321 -0.00000000000186872740
95800 10.56152 37.10339 1118.47223 0.03317 -0.00000000000191135996
95900 10.55787 37.06569 1117.09593 0.03318 -0.00000000000206767936
96000 10.55538 37.02767 1116.41228 0.03317 -0.00000000000206057393
96100 10.54746 36.98958 1116.07490 0.03314 -0.00000000000193978167
96200 10.53920 36.95158 1115.73818 0.03312 -0.00000000000195399252
96300 10.52825 36.91321 1115.73818 0.03308 -0.00000000000195399252
96400 10.53007 36.87769 1113.72478 0.03311 -0.00000000000257927013
96500 10.52921 36.84374 1113.50484 0.03309 -0.00000000000255084842
96600 10.53021 36.81037 1111.90809 0.03311 -0.00000000000293454150
96700 10.53291 36.77653 1110.99351 0.03310 -0.00000000000215294449
96800 10.52949 36.74121 1111.07429 0.03307 -0.00000000000193978167
96900 10.53916 36.70418 1109.71450 0.03308 -0.00000000000174082970
97000 10.52830 36.67290 1107.14960 0.03312 -0.00000000000164135372
97100 10.52988 36.64073 1106.97412 0.03310 -0.00000000000171240799
97200 10.52447 36.60488 1105.99756 0.03310 -0.00000000000243005616
97300 10.52017 36.56827 1104.99774 0.03309 -0.00000000000222399876
97400 10.52769 36.53417 1103.38849 0.03311 -0.00000000000209610107
97500 10.52137 36.50190 1103.20370 0.03309 -0.00000000000231636932
97600 10.52418 36.46940 1102.66828 0.03307 -0.00000000000218847163
97700 10.51886 36.43425 1101.71041 0.03307 -0.00000000000215294449
97800 10.52136 36.39888 1100.40500 0.03308 -0.00000000000223820962
97900 10.52833 36.36267 1100.09429 0.03305 -0.00000000000198241423
98000 10.51759 36.32794 1099.48691 0.03304 -0.00000000000183320026
98100 10.51876 36.29433 1097.89515 0.03306 -0.00000000000181898940
98200 10.51296 36.26068 1097.65698 0.03303 -0.00000000000122213351
98300 10.51261 36.22488 1097.01339 0.03302 -0.00000000000123634436
98400 10.51043 36.18988 1096.73048 0.03300 -0.00000000000119371180
98500 10.51795 36.15522 1095.78115 0.03299 -0.00000000000135713663
98600 10.51110 36.12148 1094.85942 0.03299 -0.00000000000117950094
98700 10.52969 36.08689 1093.57576 0.03300 -0.00000000000112976295
98800 10.51903 36.05458 1092.69723 0.03300 -0.00000000000108002496
98900 10.51477 36.02512 1092.23911 0.03298 -0.00000000000138555833
99000 10.51095 35.99632 1091.80015 0.03297 -0.00000000000120792265
99100 10.52151 35.96506 1091.28529 0.03296 -0.00000000000154898316
99200 10.51091 35.93350 1090.75993 0.03294 -0.00000000000166977543
99300 10.51222 35.90278 1090.25879 0.03293 -0.00000000000181188398
99400 10.51744 35.87305 1089.12073 0.03294 -0.00000000000166977543
99500 10.51262 35.84557 1088.38381 0.03293 -0.00000000000162003744
99600 10.52462 35.82255 1086.78816 0.03296 -0.00000000000180477855
99700 10.51406 35.80225 1086.93179 0.03294 -0.00000000000186162197
99800 10.52052 35.78289 1085.45068 0.03297 -0.00000000000160582658
99900 10.51565 35.76788 1084.76346 0.03297 -0.00000000000172661885
100000 10.52080 35.75618 1084.83545 0.03296 -0.00000000000157740487
