#Arquivo Dados/Coleta60.txt 
#Parâmetros(Ocupação: 60.00%, Capacidade: 588000.000 bps)
#Coleta|Ocupação|E(n)|E(w)|lambda|Little

100 59.09973 1.37913 0.01384 99.65000 -0.00000000000624145180
200 59.32435 1.40766 0.01411 99.79000 -0.00000000000319522186
300 59.37551 1.41316 0.01419 99.62000 -0.00000000007103539978
400 59.69942 1.42951 0.01430 99.99000 -0.00000000012205814137
500 59.49524 1.42182 0.01426 99.68200 -0.00000000007089062670
600 59.30002 1.41344 0.01421 99.44667 -0.00000000007997202900
700 59.47553 1.42531 0.01430 99.70143 -0.00000000015258749819
800 59.51937 1.43368 0.01438 99.72250 -0.00000000011866618799
900 59.54961 1.43384 0.01439 99.66222 -0.00000000023474044930
1000 59.76924 1.44241 0.01444 99.87800 0.00000000014141510185
1100 59.78592 1.44850 0.01450 99.93000 -0.00000000001101962965
1200 59.82967 1.45435 0.01455 99.97833 0.00000000060908034172
1300 59.83301 1.45636 0.01457 99.96308 0.00000000101876818093
1400 59.86274 1.45436 0.01454 100.01357 0.00000000058107652023
1500 59.87975 1.45554 0.01456 99.98200 0.00000000064292415836
1600 59.94293 1.45776 0.01456 100.11375 0.00000000065363381374
1700 59.99932 1.46208 0.01461 100.08824 0.00000000030216606994
1800 59.98151 1.46076 0.01460 100.03667 0.00000000026480129200
1900 59.99100 1.46033 0.01459 100.09579 0.00000000132021971133
2000 59.89356 1.45302 0.01453 99.99600 0.00000000051907722565
2100 59.83491 1.45103 0.01452 99.93333 -0.00000000005933986635
2200 59.79510 1.45220 0.01454 99.88273 0.00000000017256396312
2300 59.81772 1.44966 0.01451 99.90130 0.00000000067080740962
2400 59.90993 1.45699 0.01457 100.00917 0.00000000115708242987
2500 59.92028 1.45756 0.01457 100.04840 -0.00000000016612977660
2600 59.92922 1.45842 0.01457 100.08500 -0.00000000007268741165
2700 59.93617 1.45828 0.01457 100.08481 -0.00000000040652903266
2800 59.94415 1.45797 0.01457 100.09679 0.00000000106402930911
2900 59.91202 1.45530 0.01454 100.06034 0.00000000158726431998
3000 59.91397 1.45657 0.01456 100.03367 0.00000000119895537942
3100 59.92077 1.45815 0.01457 100.06000 0.00000000042900460961
3200 59.94163 1.45986 0.01459 100.04313 0.00000000135543576363
3300 59.91725 1.45979 0.01459 100.03212 0.00000000214933026932
3400 59.86749 1.45818 0.01458 99.98500 0.00000000114346221380
3500 59.88318 1.46161 0.01462 100.00514 0.00000000083588491684
3600 59.90061 1.46389 0.01464 99.99250 0.00000000227555596588
3700 59.89372 1.46311 0.01463 100.00703 0.00000000291151858178
3800 59.85661 1.46195 0.01462 99.96658 0.00000000301433566996
3900 59.85596 1.46282 0.01464 99.95256 0.00000000412539624683
4000 59.88166 1.46362 0.01464 99.97425 0.00000000606295724737
4100 59.88978 1.46403 0.01465 99.95561 0.00000000601907101938
4200 59.89997 1.46412 0.01464 99.98762 0.00000000608908190536
4300 59.91051 1.46365 0.01464 99.97302 0.00000000441614300684
4400 59.93032 1.46376 0.01464 99.99477 0.00000000121348064930
4500 59.94657 1.46450 0.01465 99.97689 -0.00000000040201464380
4600 59.96976 1.46531 0.01465 100.00565 0.00000000058254112645
4700 59.99643 1.46749 0.01467 100.01234 0.00000000150045531555
4800 59.97482 1.46677 0.01467 100.01271 -0.00000000040669267953
4900 59.93542 1.46453 0.01464 100.01020 -0.00000000093071395035
5000 59.96238 1.46512 0.01465 100.02460 0.00000000127818866602
5100 59.98094 1.46587 0.01466 100.00392 0.00000000210473527495
5200 59.97548 1.46660 0.01467 99.98346 0.00000000250133225244
5300 59.96943 1.46560 0.01466 99.97623 0.00000000160969149121
5400 59.96246 1.46666 0.01467 99.96593 0.00000000426220347904
5500 59.96873 1.46524 0.01465 99.98909 0.00000000394344823462
5600 59.97869 1.46711 0.01467 100.02000 0.00000000178708958742
5700 59.96375 1.46594 0.01466 100.01053 0.00000000448135595299
5800 59.95207 1.46544 0.01465 100.00414 0.00000000677728850818
5900 59.93340 1.46412 0.01464 99.99390 0.00000000729151050649
6000 59.91353 1.46332 0.01463 99.99633 0.00000000745489936449
6100 59.91475 1.46284 0.01463 100.00082 0.00000000919245612963
6200 59.90959 1.46403 0.01464 100.00097 0.00000001097803026262
6300 59.90610 1.46213 0.01462 99.98492 0.00000000997811477887
6400 59.91798 1.46264 0.01463 100.00875 0.00000000976726233226
6500 59.92356 1.46394 0.01464 100.00954 0.00000001083556799841
6600 59.88100 1.46174 0.01462 99.97727 0.00000000756353979448
6700 59.88900 1.46135 0.01462 99.97731 0.00000000582623749246
6800 59.90385 1.46212 0.01462 100.01059 0.00000000460939397762
6900 59.90630 1.46256 0.01462 100.00623 0.00000000481922013407
7000 59.88870 1.46131 0.01461 99.99871 0.00000000278383271990
7100 59.89614 1.46180 0.01462 100.01958 0.00000000122634813415
7200 59.91581 1.46279 0.01462 100.03903 0.00000000193262472692
7300 59.91352 1.46295 0.01462 100.03192 0.00000000734982652517
7400 59.91808 1.46277 0.01462 100.02392 0.00000000769929497935
7500 59.89954 1.46164 0.01462 99.99907 0.00000000431315316796
7600 59.88798 1.46068 0.01461 99.98118 0.00000000039092551418
7700 59.88676 1.46027 0.01460 99.98636 0.00000000556471801971
7800 59.87810 1.45935 0.01460 99.96551 0.00000000828442847656
7900 59.88545 1.45970 0.01460 99.97633 0.00000001059697440908
8000 59.89761 1.46065 0.01461 99.97187 0.00000000978259895312
8100 59.89207 1.46069 0.01461 99.96963 0.00000001091380119611
8200 59.90134 1.46114 0.01462 99.96232 0.00000001093176438260
8300 59.90858 1.46186 0.01462 99.96000 0.00000000902293839644
8400 59.90580 1.46124 0.01462 99.95869 0.00000001110284242323
8500 59.91683 1.46186 0.01462 99.95894 0.00000000973108882363
8600 59.90512 1.46114 0.01462 99.96919 0.00000001011129069362
8700 59.89528 1.46087 0.01461 99.96460 0.00000000865604610212
8800 59.90625 1.46172 0.01462 99.96295 0.00000000747962825010
8900 59.89074 1.46053 0.01461 99.94079 0.00000000524432852700
9000 59.89019 1.46033 0.01461 99.92689 0.00000000343755468535
9100 59.90395 1.46115 0.01462 99.94407 0.00000000673139988194
9200 59.91083 1.46137 0.01462 99.94609 0.00000000745057304741
9300 59.90218 1.46080 0.01462 99.93860 0.00000000234506747354
9400 59.89627 1.46061 0.01462 99.92489 0.00000000175632042243
9500 59.91376 1.46149 0.01462 99.94337 0.00000000454728454891
9600 59.90341 1.46088 0.01462 99.93500 0.00000000071182681971
9700 59.88600 1.46048 0.01462 99.91918 0.00000000170205471939
9800 59.87470 1.45933 0.01461 99.91969 0.00000000324493409920
9900 59.87224 1.45868 0.01460 99.92253 0.00000000454339410538
10000 59.86620 1.45881 0.01460 99.92580 0.00000000245665798815
10100 59.86582 1.45879 0.01460 99.92772 0.00000000211990780485
10200 59.86327 1.45839 0.01460 99.91461 -0.00000000136585853738
10300 59.87057 1.45899 0.01460 99.92573 -0.00000000118989063047
10400 59.88178 1.45994 0.01461 99.93644 0.00000000234840924485
10500 59.88541 1.46053 0.01461 99.94371 -0.00000000323001625446
10600 59.88000 1.46060 0.01461 99.94038 -0.00000000181284565137
10700 59.87837 1.46142 0.01462 99.93243 -0.00000000010651635129
10800 59.86725 1.46097 0.01462 99.92991 0.00000000039027359122
10900 59.87121 1.46144 0.01462 99.93431 0.00000000305594127781
11000 59.88741 1.46256 0.01463 99.96091 0.00000000519554599343
11100 59.89854 1.46332 0.01464 99.97216 0.00000000784928344544
11200 59.90378 1.46399 0.01464 99.98027 0.00000000368592734112
11300 59.89298 1.46323 0.01464 99.97655 0.00000000009370237919
11400 59.89100 1.46287 0.01463 99.98053 0.00000000714017311942
11500 59.90063 1.46326 0.01463 99.98591 0.00000001106894798042
11600 59.90450 1.46337 0.01464 99.99078 0.00000001196019461247
11700 59.91882 1.46427 0.01464 99.99197 0.00000001235914304232
11800 59.92557 1.46454 0.01465 99.99780 0.00000001057496379353
11900 59.92624 1.46458 0.01465 99.99227 0.00000001051716114198
12000 59.93039 1.46456 0.01465 99.98975 0.00000001436682839362
12100 59.91845 1.46388 0.01464 99.98479 0.00000001288974149638
12200 59.92861 1.46454 0.01465 100.00016 0.00000001247672209992
12300 59.93608 1.46485 0.01465 100.00008 0.00000001214190037402
12400 59.93782 1.46559 0.01465 100.00734 0.00000001062304511024
12500 59.94212 1.46576 0.01466 100.01360 0.00000000858005932969
12600 59.93353 1.46560 0.01465 100.01262 0.00000000784101517048
12700 59.93032 1.46540 0.01465 100.00197 0.00000000700021018929
12800 59.93107 1.46595 0.01466 100.00500 0.00000000728209581524
12900 59.93131 1.46599 0.01466 100.00202 0.00000001693533668856
13000 59.94311 1.46697 0.01467 100.00969 0.00000001656849835108
13100 59.94325 1.46718 0.01467 100.00221 0.00000001831420748388
13200 59.94919 1.46747 0.01467 100.00818 0.00000000862811910807
13300 59.95544 1.46760 0.01467 100.00820 0.00000000920701137552
13400 59.95105 1.46707 0.01467 99.99463 0.00000001368156610226
13500 59.95075 1.46748 0.01468 99.98874 0.00000002601325954643
13600 59.95132 1.46781 0.01468 99.99500 0.00000003321770014608
13700 59.94625 1.46736 0.01468 99.98876 0.00000003868152931297
13800 59.93768 1.46711 0.01467 99.98290 0.00000004076506932016
13900 59.95236 1.46800 0.01468 99.98806 0.00000004369741857246
14000 59.94711 1.46755 0.01468 99.98957 0.00000004759459204529
14100 59.93187 1.46686 0.01467 99.98057 0.00000004941289044602
14200 59.93466 1.46703 0.01467 99.98239 0.00000004588495294833
14300 59.94649 1.46769 0.01468 99.99266 0.00000004931102814965
14400 59.94835 1.46777 0.01468 99.99201 0.00000005308600048437
14500 59.95191 1.46822 0.01468 99.99352 0.00000004918162122003
14600 59.94693 1.46780 0.01468 99.99404 0.00000004529370389861
14700 59.94719 1.46761 0.01468 99.99537 0.00000004456762137117
14800 59.94043 1.46745 0.01468 99.99277 0.00000004546614085221
14900 59.93792 1.46722 0.01467 99.98933 0.00000004084953042494
15000 59.94327 1.46774 0.01468 99.99787 0.00000004210744908306
15100 59.93452 1.46710 0.01467 99.98695 0.00000003889526767331
15200 59.93361 1.46748 0.01468 99.98829 0.00000003368762691025
15300 59.92445 1.46707 0.01467 99.98150 0.00000004054720315061
15400 59.92677 1.46734 0.01468 99.98786 0.00000003973862638951
15500 59.92656 1.46701 0.01467 99.98484 0.00000003977488027829
15600 59.93275 1.46740 0.01468 99.98199 0.00000004655435326129
15700 59.93212 1.46739 0.01468 99.98854 0.00000004726127933452
15800 59.94306 1.46793 0.01468 99.99842 0.00000005240489553415
15900 59.94079 1.46765 0.01468 100.00006 0.00000004867297365152
16000 59.93632 1.46735 0.01468 99.98775 0.00000004239617656943
16100 59.92257 1.46674 0.01467 99.97335 0.00000003902564982283
16200 59.92358 1.46655 0.01467 99.97543 0.00000003903694634211
16300 59.92236 1.46651 0.01467 99.97926 0.00000004002890507948
16400 59.92060 1.46631 0.01467 99.97189 0.00000004170128264924
16500 59.92787 1.46646 0.01467 99.97927 0.00000004266809372488
16600 59.92219 1.46628 0.01467 99.97554 0.00000003701478168416
16700 59.93246 1.46713 0.01467 99.98665 0.00000003842359519446
16800 59.92903 1.46688 0.01467 99.97875 0.00000004318396729097
16900 59.92985 1.46673 0.01467 99.96994 0.00000004441092937846
17000 59.94343 1.46775 0.01468 99.98112 0.00000004196140923618
17100 59.93345 1.46721 0.01468 99.96550 0.00000004878801895813
17200 59.94173 1.46759 0.01468 99.96808 0.00000004918282603406
17300 59.93231 1.46700 0.01468 99.95104 0.00000005384933832175
17400 59.92714 1.46652 0.01467 99.94425 0.00000005331117236551
17500 59.92040 1.46593 0.01467 99.94149 0.00000005038282546721
17600 59.92146 1.46562 0.01466 99.94148 0.00000003993187802642
17700 59.92767 1.46605 0.01467 99.94576 0.00000004220534011168
17800 59.92828 1.46566 0.01466 99.94989 0.00000004123771057962
17900 59.92241 1.46552 0.01466 99.95285 0.00000004406647802213
18000 59.92730 1.46611 0.01467 99.95794 0.00000004460010627483
18100 59.93115 1.46679 0.01467 99.96287 0.00000004306423795342
18200 59.93473 1.46709 0.01468 99.96374 0.00000003984585683625
18300 59.94058 1.46774 0.01468 99.96792 0.00000003579521812291
18400 59.94863 1.46844 0.01469 99.97337 0.00000003028585493503
18500 59.95151 1.46862 0.01469 99.97497 0.00000003437379492155
18600 59.95354 1.46848 0.01469 99.97866 0.00000002989431902023
18700 59.94092 1.46790 0.01468 99.96262 0.00000001829705253975
18800 59.94421 1.46779 0.01468 99.96633 0.00000002242310181977
18900 59.94074 1.46809 0.01469 99.95910 0.00000003141559279385
19000 59.94224 1.46782 0.01468 99.95979 0.00000003893471878236
19100 59.93802 1.46740 0.01468 99.95984 0.00000004804599096353
19200 59.94072 1.46769 0.01468 99.95094 0.00000005018544424473
19300 59.94411 1.46821 0.01469 99.94907 0.00000006576418543069
19400 59.95000 1.46866 0.01469 99.95402 0.00000006678193598120
19500 59.95185 1.46917 0.01470 99.95441 0.00000006267363139578
19600 59.95930 1.46923 0.01470 99.95179 0.00000005883951437191
19700 59.96233 1.46927 0.01470 99.94650 0.00000006376076955306
19800 59.96170 1.46919 0.01470 99.94545 0.00000006232848948073
19900 59.95973 1.46908 0.01470 99.94698 0.00000005768745370283
20000 59.95715 1.46892 0.01470 99.93810 0.00000004799949304690
20100 59.95430 1.46853 0.01469 99.93791 0.00000004870919112498
20200 59.95542 1.46855 0.01469 99.94020 0.00000004433867517584
20300 59.95067 1.46860 0.01470 99.93665 0.00000005115266432654
20400 59.95627 1.46886 0.01470 99.93951 0.00000006048279543869
20500 59.96358 1.46910 0.01470 99.94785 0.00000005878258257930
20600 59.96989 1.46929 0.01470 99.95083 0.00000005239301303916
20700 59.96676 1.46915 0.01470 99.94691 0.00000005909169864537
20800 59.96553 1.46876 0.01470 99.94837 0.00000005736135988421
20900 59.96395 1.46851 0.01469 99.95077 0.00000006932699458950
21000 59.96775 1.46914 0.01470 99.95171 0.00000006120446549573
21100 59.96286 1.46876 0.01469 99.95085 0.00000005613501730117
21200 59.96788 1.46890 0.01470 99.95500 0.00000005547024284347
21300 59.97507 1.46923 0.01470 99.96460 0.00000005931193269859
21400 59.97428 1.46916 0.01470 99.96037 0.00000005655051182885
21500 59.98182 1.46973 0.01470 99.96847 0.00000005686010462469
21600 59.98075 1.46966 0.01470 99.96565 0.00000005139384318120
21700 59.98038 1.46954 0.01470 99.96599 0.00000005134361247272
21800 59.97756 1.46948 0.01470 99.96362 0.00000006039061029028
21900 59.97967 1.46992 0.01470 99.96776 0.00000005404273029086
22000 59.97765 1.46979 0.01470 99.96718 0.00000005761097332524
22100 59.97745 1.47001 0.01470 99.96905 0.00000005618208920311
22200 59.98051 1.47037 0.01471 99.97423 0.00000006173203748183
22300 59.98621 1.47090 0.01471 99.97771 0.00000005813096581875
22400 59.98532 1.47079 0.01471 99.97621 0.00000005774005851222
22500 59.97870 1.47046 0.01471 99.96604 0.00000005883665510353
22600 59.98424 1.47089 0.01471 99.97593 0.00000006004179797792
22700 59.98789 1.47136 0.01472 99.98044 0.00000005943369485450
22800 59.98623 1.47138 0.01472 99.97496 0.00000006784469297472
22900 59.98815 1.47153 0.01472 99.98258 0.00000006954997111563
23000 59.98648 1.47141 0.01472 99.98074 0.00000006132760566047
23100 59.98978 1.47154 0.01472 99.98359 0.00000007369991972261
23200 59.98759 1.47150 0.01472 99.98341 0.00000007337828589193
23300 59.98187 1.47130 0.01472 99.98197 0.00000007909344446055
23400 59.98152 1.47117 0.01471 99.98124 0.00000008432269238412
23500 59.97896 1.47100 0.01471 99.98051 0.00000009054889815729
23600 59.98089 1.47103 0.01471 99.97547 0.00000008696801123698
23700 59.98382 1.47113 0.01471 99.97810 0.00000008191612832498
23800 59.98232 1.47124 0.01472 99.97643 0.00000008486105618211
23900 59.98481 1.47112 0.01471 99.98117 0.00000009083777663399
24000 59.97782 1.47080 0.01471 99.97471 0.00000008619247338082
24100 59.98162 1.47089 0.01471 99.97419 0.00000008920882188512
24200 59.98314 1.47101 0.01471 99.97215 0.00000009026699676618
24300 59.98249 1.47108 0.01472 99.96844 0.00000009432615777349
24400 59.97761 1.47097 0.01472 99.96189 0.00000009957311752906
24500 59.98148 1.47141 0.01472 99.96567 0.00000010622024460005
24600 59.97809 1.47146 0.01472 99.96232 0.00000010733806465879
24700 59.97829 1.47151 0.01472 99.95603 0.00000010830516394833
24800 59.98250 1.47184 0.01473 99.95266 0.00000010662719263088
24900 59.98519 1.47178 0.01472 99.95382 0.00000010391383575836
25000 59.98518 1.47159 0.01472 99.95604 0.00000009853142302063
25100 59.99227 1.47215 0.01473 99.96243 0.00000009172548964820
25200 59.98968 1.47186 0.01472 99.96012 0.00000009224878017022
25300 59.98737 1.47166 0.01472 99.95897 0.00000009008557899648
25400 59.99096 1.47194 0.01472 99.96520 0.00000009092866615212
25500 59.99204 1.47181 0.01472 99.96949 0.00000008811263185748
25600 59.99494 1.47186 0.01472 99.96973 0.00000008347762725514
25700 59.99068 1.47143 0.01472 99.97140 0.00000007553571390595
25800 59.99006 1.47136 0.01472 99.97155 0.00000007849591177056
25900 59.98600 1.47101 0.01471 99.96923 0.00000006818299502775
26000 59.99165 1.47121 0.01472 99.97700 0.00000005713087936066
26100 59.99612 1.47154 0.01472 99.98352 0.00000006063231960951
26200 59.99576 1.47152 0.01472 99.98198 0.00000006520949091815
26300 59.99565 1.47135 0.01472 99.97913 0.00000006771438521014
26400 59.99559 1.47146 0.01472 99.98367 0.00000007092171006029
26500 59.99348 1.47137 0.01472 99.98423 0.00000008822114416773
26600 59.99011 1.47113 0.01471 99.97842 0.00000008349163937993
26700 59.99212 1.47115 0.01471 99.97794 0.00000007795945200506
26800 59.98800 1.47115 0.01472 99.97590 0.00000008466686529651
26900 59.98852 1.47112 0.01471 99.97680 0.00000007888913122756
27000 59.98445 1.47089 0.01471 99.97407 0.00000008763208181328
27100 59.98398 1.47089 0.01471 99.97277 0.00000007186516826074
27200 59.98671 1.47113 0.01472 99.97467 0.00000006225836912677
27300 59.98987 1.47126 0.01472 99.98275 0.00000006623272530426
27400 59.99719 1.47199 0.01472 99.99438 0.00000005834873384458
27500 59.99449 1.47172 0.01472 99.99036 0.00000006004507713264
27600 59.99307 1.47165 0.01472 99.99022 0.00000006021342313645
27700 59.99248 1.47172 0.01472 99.99054 0.00000006618714643025
27800 59.99568 1.47188 0.01472 99.98745 0.00000005271321956712
27900 59.99341 1.47186 0.01472 99.98667 0.00000002980473357006
28000 59.99306 1.47176 0.01472 99.98796 0.00000003643925583496
28100 59.99720 1.47186 0.01472 99.98979 0.00000003212139687570
28200 59.99654 1.47182 0.01472 99.99230 0.00000003971298490058
28300 59.99853 1.47178 0.01472 99.98996 0.00000004990522861625
28400 59.99724 1.47169 0.01472 99.99063 0.00000004629539085421
28500 60.00110 1.47187 0.01472 99.99874 0.00000005036388506241
28600 60.00073 1.47186 0.01472 99.99196 0.00000005625797339093
28700 59.99789 1.47174 0.01472 99.98387 0.00000006286420028978
28800 59.99693 1.47156 0.01472 99.98507 0.00000007033531468359
28900 59.99462 1.47166 0.01472 99.98446 0.00000007026686676959
29000 59.99063 1.47147 0.01472 99.98272 0.00000006610310521182
29100 59.98832 1.47127 0.01472 99.98450 0.00000005786538026520
29200 59.98577 1.47131 0.01472 99.98024 0.00000003909314227890
29300 59.99188 1.47168 0.01472 99.98884 0.00000005317910889424
29400 59.98896 1.47134 0.01472 99.98813 0.00000005484957421587
29500 59.98835 1.47128 0.01471 99.98864 0.00000004010985388270
29600 59.99182 1.47150 0.01472 99.99098 0.00000004292607780343
29700 59.99638 1.47194 0.01472 99.99889 0.00000002590581771322
29800 60.00052 1.47225 0.01472 99.99879 0.00000002521616915274
29900 59.99607 1.47202 0.01472 99.99709 0.00000002564230006108
30000 59.99971 1.47215 0.01472 100.00397 0.00000001885269007573
30100 59.99993 1.47225 0.01472 100.00535 0.00000000550428480572
30200 60.00291 1.47238 0.01472 100.00871 0.00000000130819510780
30300 59.99931 1.47208 0.01472 100.00472 -0.00000000273913980386
30400 60.00039 1.47218 0.01472 100.00872 -0.00000001260750259746
30500 60.00358 1.47237 0.01472 100.01275 -0.00000000311217385196
30600 60.00599 1.47232 0.01472 100.01794 -0.00000001876566524395
30700 60.00454 1.47244 0.01472 100.01270 -0.00000001871208632487
30800 60.00089 1.47236 0.01472 100.00880 -0.00000001918464254125
30900 59.99824 1.47206 0.01472 100.00220 -0.00000001910489788592
31000 59.99781 1.47188 0.01472 100.00068 -0.00000002850340008465
31100 59.99560 1.47159 0.01472 99.99405 -0.00000003168585571700
31200 59.99993 1.47175 0.01472 100.00006 -0.00000002806143473144
31300 60.00099 1.47199 0.01472 100.00597 -0.00000002629700257550
31400 60.00154 1.47200 0.01472 100.00822 -0.00000003618066224398
31500 60.00389 1.47226 0.01472 100.00978 -0.00000003874282872296
31600 60.00362 1.47221 0.01472 100.00573 -0.00000002683164046502
31700 60.00711 1.47246 0.01472 100.00603 -0.00000002875576199379
31800 60.01424 1.47295 0.01473 100.00874 -0.00000001011835282227
31900 60.01456 1.47299 0.01473 100.00966 -0.00000002419774136619
32000 60.01397 1.47286 0.01473 100.01063 -0.00000001302778374068
32100 60.01609 1.47294 0.01473 100.01112 -0.00000002301528967408
32200 60.01407 1.47285 0.01473 100.00969 -0.00000001810924921131
32300 60.01534 1.47312 0.01473 100.01266 -0.00000001306335706275
32400 60.01442 1.47291 0.01473 100.01262 -0.00000001518830150538
32500 60.00831 1.47276 0.01473 100.00474 -0.00000000854977555420
32600 60.00848 1.47285 0.01473 100.00610 -0.00000000231018071339
32700 60.00903 1.47270 0.01473 100.00737 0.00000000019136581209
32800 60.01401 1.47307 0.01473 100.00957 0.00000000354026208349
32900 60.01201 1.47290 0.01473 100.00939 0.00000000069175443151
33000 60.01154 1.47278 0.01473 100.01112 -0.00000001003498995011
33100 60.00912 1.47272 0.01473 100.01066 -0.00000002898953810337
33200 60.00970 1.47284 0.01473 100.01054 -0.00000002130326914873
33300 60.00759 1.47276 0.01473 100.01159 -0.00000001903943447346
33400 60.01035 1.47295 0.01473 100.01401 -0.00000002043469438107
33500 60.01095 1.47303 0.01473 100.01409 -0.00000002819849242996
33600 60.01184 1.47313 0.01473 100.01595 -0.00000002351917882670
33700 60.01285 1.47318 0.01473 100.01700 -0.00000002843707824773
33800 60.01318 1.47330 0.01473 100.01994 -0.00000003487904409738
33900 60.01544 1.47328 0.01473 100.02496 -0.00000004178303458779
34000 60.02241 1.47355 0.01473 100.03306 -0.00000003441589702113
34100 60.02407 1.47357 0.01473 100.03625 -0.00000003119012403907
34200 60.02371 1.47371 0.01473 100.03719 -0.00000002900265139161
34300 60.02387 1.47373 0.01473 100.03790 -0.00000003275751647713
34400 60.02357 1.47382 0.01473 100.03756 -0.00000002911830443431
34500 60.02139 1.47378 0.01473 100.03629 -0.00000002122752618128
34600 60.02189 1.47383 0.01473 100.03332 -0.00000000236239805496
34700 60.02294 1.47396 0.01473 100.03524 0.00000000780326514516
34800 60.02133 1.47385 0.01473 100.03356 0.00000000294043123183
34900 60.01775 1.47381 0.01473 100.03077 -0.00000000436663172287
35000 60.01779 1.47368 0.01473 100.03351 -0.00000001594338594479
35100 60.01416 1.47365 0.01473 100.03117 -0.00000002357007855558
35200 60.01636 1.47391 0.01473 100.03142 -0.00000002489353190249
35300 60.01567 1.47380 0.01473 100.02912 -0.00000001922559977885
35400 60.01552 1.47380 0.01473 100.02799 -0.00000002142383803694
35500 60.01666 1.47365 0.01473 100.03121 -0.00000003346030097440
35600 60.02088 1.47378 0.01473 100.03340 -0.00000004344552673174
35700 60.02387 1.47400 0.01474 100.03120 -0.00000004641632678215
35800 60.01989 1.47380 0.01473 100.02534 -0.00000003716662755338
35900 60.02006 1.47378 0.01473 100.02565 -0.00000003422371586126
36000 60.02155 1.47364 0.01473 100.02817 -0.00000003317561070304
36100 60.02109 1.47364 0.01473 100.02449 -0.00000003459517161630
36200 60.02096 1.47361 0.01473 100.02500 -0.00000005056109197987
36300 60.02328 1.47360 0.01473 100.02785 -0.00000005793817647870
36400 60.02354 1.47361 0.01473 100.02692 -0.00000005169268457728
36500 60.02514 1.47364 0.01473 100.02942 -0.00000004309052581419
36600 60.02399 1.47362 0.01473 100.02997 -0.00000003502735346217
36700 60.02039 1.47339 0.01473 100.03052 -0.00000003912750634605
36800 60.01821 1.47319 0.01473 100.02995 -0.00000004162266153962
36900 60.02116 1.47336 0.01473 100.03163 -0.00000004025578381750
37000 60.02004 1.47321 0.01473 100.03159 -0.00000005977083539221
37100 60.02149 1.47314 0.01473 100.03671 -0.00000008009709384638
37200 60.02061 1.47316 0.01473 100.03551 -0.00000005620340171042
37300 60.01998 1.47312 0.01473 100.03563 -0.00000006733241120216
37400 60.02169 1.47322 0.01473 100.03471 -0.00000007096859167000
37500 60.02256 1.47334 0.01473 100.03445 -0.00000006308653954790
37600 60.02173 1.47316 0.01473 100.03471 -0.00000006620111658862
37700 60.01658 1.47272 0.01472 100.02883 -0.00000007422971415316
37800 60.01793 1.47285 0.01472 100.03040 -0.00000006242308936422
37900 60.01792 1.47277 0.01472 100.03248 -0.00000006430923860101
38000 60.01918 1.47295 0.01473 100.02939 -0.00000006610652514283
38100 60.01881 1.47281 0.01472 100.02829 -0.00000009311009807611
38200 60.02227 1.47311 0.01473 100.03094 -0.00000011880904748907
38300 60.02270 1.47309 0.01473 100.02768 -0.00000014150388349954
38400 60.02111 1.47309 0.01473 100.02703 -0.00000014100968659392
38500 60.02460 1.47323 0.01473 100.03171 -0.00000011826679746640
38600 60.02572 1.47315 0.01473 100.03137 -0.00000011065469340821
38700 60.02242 1.47300 0.01473 100.02729 -0.00000009013986290718
38800 60.02437 1.47315 0.01473 100.02879 -0.00000009486183238927
38900 60.02598 1.47312 0.01473 100.02956 -0.00000007785784150727
39000 60.02783 1.47316 0.01473 100.03356 -0.00000008381624194698
39100 60.02972 1.47319 0.01473 100.03412 -0.00000008199456136282
39200 60.03252 1.47343 0.01473 100.03602 -0.00000007458926765125
39300 60.03230 1.47348 0.01473 100.03830 -0.00000008921149063923
39400 60.03717 1.47364 0.01473 100.04558 -0.00000007297919069060
39500 60.03803 1.47381 0.01473 100.04795 -0.00000005389051382920
39600 60.03589 1.47368 0.01473 100.04659 -0.00000004678080123277
39700 60.03559 1.47362 0.01473 100.04607 -0.00000004387903640435
39800 60.03522 1.47358 0.01473 100.04774 -0.00000003216973798459
39900 60.03435 1.47350 0.01473 100.04769 -0.00000003411583415769
40000 60.03126 1.47335 0.01473 100.04305 -0.00000002756563644013
40100 60.03123 1.47324 0.01473 100.04244 -0.00000003856249120027
40200 60.02920 1.47315 0.01473 100.04124 -0.00000004871627079517
40300 60.02930 1.47326 0.01473 100.04050 -0.00000003351892408077
40400 60.02872 1.47326 0.01473 100.03988 -0.00000000821672063722
40500 60.02557 1.47300 0.01472 100.03775 -0.00000001557384221584
40600 60.02521 1.47312 0.01473 100.03852 -0.00000003955501992614
40700 60.02786 1.47343 0.01473 100.04381 -0.00000006794797902110
40800 60.02533 1.47333 0.01473 100.04292 -0.00000006299712596025
40900 60.02221 1.47311 0.01473 100.04042 -0.00000002395891196549
41000 60.01973 1.47292 0.01472 100.03839 -0.00000001719271214284
41100 60.02030 1.47287 0.01472 100.03869 0.00000001298486007606
41200 60.01929 1.47291 0.01472 100.04005 0.00000000982525905080
41300 60.01797 1.47303 0.01472 100.03954 -0.00000000212109751985
41400 60.01505 1.47296 0.01472 100.03531 0.00000000110832965028
41500 60.01474 1.47285 0.01472 100.03106 0.00000002144554134276
41600 60.01606 1.47296 0.01473 100.03012 0.00000002149307221089
41700 60.01634 1.47298 0.01473 100.03199 0.00000001693049633822
41800 60.01640 1.47305 0.01473 100.03347 0.00000001639218005778
41900 60.01593 1.47327 0.01473 100.03189 0.00000002411268984481
42000 60.01470 1.47306 0.01473 100.02824 0.00000004584521851037
42100 60.01319 1.47299 0.01473 100.02537 0.00000004753323468165
42200 60.01261 1.47301 0.01473 100.02192 0.00000005208632902765
42300 60.01562 1.47309 0.01473 100.02352 0.00000002884527439129
42400 60.01537 1.47318 0.01473 100.02476 0.00000004026432143256
42500 60.01711 1.47334 0.01473 100.02711 0.00000004080132387507
42600 60.02146 1.47367 0.01473 100.03103 0.00000004720293755867
42700 60.02150 1.47374 0.01473 100.03187 0.00000006602172319958
42800 60.02189 1.47377 0.01473 100.02981 0.00000005750684284322
42900 60.02622 1.47403 0.01474 100.03403 0.00000006922462980619
43000 60.02913 1.47428 0.01474 100.03679 0.00000007516799871432
43100 60.02977 1.47410 0.01474 100.03615 0.00000009297882264114
43200 60.02870 1.47399 0.01474 100.03252 0.00000006602417390589
43300 60.02727 1.47383 0.01473 100.03231 0.00000007918154198983
43400 60.02483 1.47372 0.01473 100.02991 0.00000009302623360519
43500 60.02162 1.47351 0.01473 100.02754 0.00000010253002802330
43600 60.01967 1.47344 0.01473 100.02608 0.00000009401003686627
43700 60.01815 1.47320 0.01473 100.02387 0.00000012654918291055
43800 60.01759 1.47313 0.01473 100.02425 0.00000013080521465980
43900 60.01898 1.47315 0.01473 100.02563 0.00000013782311936161
44000 60.02283 1.47330 0.01473 100.02925 0.00000014057017838631
44100 60.02404 1.47338 0.01473 100.03045 0.00000012561644990861
44200 60.02393 1.47353 0.01473 100.02968 0.00000012257591053277
44300 60.02408 1.47366 0.01473 100.03183 0.00000009983585980144
44400 60.02029 1.47346 0.01473 100.02831 0.00000012010814698371
44500 60.02317 1.47367 0.01473 100.03040 0.00000011999629845327
44600 60.02366 1.47372 0.01473 100.03034 0.00000012166691099047
44700 60.02731 1.47392 0.01473 100.03441 0.00000012565782303575
44800 60.02769 1.47385 0.01473 100.03589 0.00000012063034970922
44900 60.02950 1.47391 0.01473 100.03541 0.00000010355563784259
45000 60.02958 1.47391 0.01473 100.03487 0.00000009434628744920
45100 60.02652 1.47378 0.01473 100.03215 0.00000009800245570624
45200 60.02867 1.47391 0.01473 100.03281 0.00000009904503905922
45300 60.02729 1.47379 0.01473 100.03057 0.00000011038807157249
45400 60.02534 1.47372 0.01473 100.02874 0.00000012628934120684
45500 60.02412 1.47363 0.01473 100.02785 0.00000013503834361828
45600 60.02348 1.47345 0.01473 100.02853 0.00000015989323864929
45700 60.02027 1.47312 0.01473 100.02707 0.00000015084381010944
45800 60.01986 1.47302 0.01473 100.02533 0.00000015173426159976
45900 60.01723 1.47279 0.01473 100.01882 0.00000017359611237389
46000 60.01784 1.47270 0.01472 100.02135 0.00000017653724060374
46100 60.01754 1.47268 0.01472 100.01983 0.00000016884574671749
46200 60.01744 1.47268 0.01472 100.02294 0.00000018114588007379
46300 60.01681 1.47273 0.01472 100.02510 0.00000017194452306413
46400 60.01776 1.47267 0.01472 100.02517 0.00000015592604785120
46500 60.01615 1.47259 0.01472 100.02286 0.00000015793462182501
46600 60.01777 1.47258 0.01472 100.02335 0.00000015243405449006
46700 60.01580 1.47243 0.01472 100.02394 0.00000014048267726885
46800 60.01902 1.47266 0.01472 100.02855 0.00000015173856304784
46900 60.01965 1.47266 0.01472 100.02902 0.00000016990812046203
47000 60.01753 1.47257 0.01472 100.02926 0.00000015508275774678
47100 60.01486 1.47237 0.01472 100.03076 0.00000014252070923426
47200 60.01616 1.47239 0.01472 100.03239 0.00000014398976544427
47300 60.01749 1.47253 0.01472 100.03326 0.00000014179214824495
47400 60.01776 1.47256 0.01472 100.03405 0.00000014899476585839
47500 60.01858 1.47248 0.01472 100.03488 0.00000015956546661755
47600 60.01788 1.47244 0.01472 100.03345 0.00000015950792664476
47700 60.01538 1.47230 0.01472 100.03159 0.00000015525090613089
47800 60.01492 1.47239 0.01472 100.03301 0.00000013506616181047
47900 60.01563 1.47254 0.01472 100.03238 0.00000014091588007581
48000 60.01093 1.47214 0.01472 100.02792 0.00000014172640994126
48100 60.01225 1.47216 0.01472 100.02736 0.00000012265171900339
48200 60.00824 1.47201 0.01472 100.02423 0.00000012315361819226
48300 60.00866 1.47216 0.01472 100.02507 0.00000012059037346468
48400 60.00671 1.47214 0.01472 100.02264 0.00000010746280620921
48500 60.00770 1.47216 0.01472 100.02297 0.00000011184133241748
48600 60.00716 1.47209 0.01472 100.01942 0.00000011456113879760
48700 60.00837 1.47229 0.01472 100.02018 0.00000012057271248089
48800 60.00974 1.47241 0.01472 100.02020 0.00000011326206439399
48900 60.01201 1.47272 0.01472 100.02162 0.00000011873804495188
49000 60.00936 1.47254 0.01472 100.01653 0.00000012595236209556
49100 60.00838 1.47249 0.01472 100.01764 0.00000013436549850532
49200 60.00666 1.47247 0.01472 100.01563 0.00000013493572881274
49300 60.00635 1.47243 0.01472 100.01361 0.00000012335662580298
49400 60.00946 1.47250 0.01472 100.01496 0.00000011859825699290
49500 60.01204 1.47271 0.01472 100.01903 0.00000012612590660765
49600 60.01428 1.47269 0.01472 100.02192 0.00000013846961666175
49700 60.01267 1.47269 0.01472 100.02022 0.00000012834783635896
49800 60.01075 1.47276 0.01472 100.01906 0.00000012434031537722
49900 60.00719 1.47257 0.01472 100.01627 0.00000011189157822500
50000 60.00513 1.47239 0.01472 100.01586 0.00000010890432355914
50100 60.00521 1.47241 0.01472 100.01481 0.00000010033137098908
50200 60.00463 1.47236 0.01472 100.01390 0.00000009542143719621
50300 60.00710 1.47252 0.01472 100.01610 0.00000008097038572963
50400 60.00479 1.47229 0.01472 100.01141 0.00000009352752261549
50500 60.00613 1.47237 0.01472 100.01164 0.00000011665088317514
50600 60.00655 1.47226 0.01472 100.01115 0.00000013604377957499
50700 60.00739 1.47226 0.01472 100.01057 0.00000016188583007448
50800 60.00659 1.47207 0.01472 100.01030 0.00000016548795533922
50900 60.00863 1.47208 0.01472 100.01039 0.00000017158602028111
51000 60.00917 1.47210 0.01472 100.01333 0.00000015445182044438
51100 60.00823 1.47213 0.01472 100.01454 0.00000014731695863190
51200 60.00866 1.47216 0.01472 100.01346 0.00000015652180151982
51300 60.00840 1.47208 0.01472 100.01185 0.00000017369729810035
51400 60.00555 1.47198 0.01472 100.00677 0.00000017944509878021
51500 60.00533 1.47191 0.01472 100.00833 0.00000016262260960076
51600 60.00451 1.47184 0.01472 100.00806 0.00000016403327207648
51700 60.00492 1.47178 0.01472 100.00921 0.00000017966574383799
51800 60.00879 1.47209 0.01472 100.01124 0.00000018871302187584
51900 60.00918 1.47206 0.01472 100.01382 0.00000019565005304756
52000 60.01316 1.47226 0.01472 100.01556 0.00000019854907051808
52100 60.01483 1.47231 0.01472 100.01795 0.00000021793293902839
52200 60.01380 1.47228 0.01472 100.01565 0.00000021449669063145
52300 60.01530 1.47236 0.01472 100.01453 0.00000022810560196262
52400 60.01552 1.47239 0.01472 100.01275 0.00000024235105544612
52500 60.01795 1.47254 0.01472 100.01571 0.00000021888557921734
52600 60.01744 1.47248 0.01472 100.01496 0.00000020184275673074
52700 60.01838 1.47262 0.01472 100.01723 0.00000021092626822927
52800 60.01790 1.47255 0.01472 100.01612 0.00000021984073761416
52900 60.01672 1.47247 0.01472 100.01405 0.00000020405924683331
53000 60.01833 1.47254 0.01472 100.01372 0.00000023206071242399
53100 60.02092 1.47282 0.01473 100.01589 0.00000024791158836912
53200 60.02028 1.47286 0.01473 100.01491 0.00000025697806149694
53300 60.02136 1.47287 0.01473 100.01704 0.00000026988800061467
53400 60.02448 1.47296 0.01473 100.01963 0.00000023153900996498
53500 60.02289 1.47284 0.01473 100.01819 0.00000023883621524945
53600 60.02430 1.47290 0.01473 100.01935 0.00000024854662794560
53700 60.02436 1.47292 0.01473 100.01726 0.00000026767260252747
53800 60.02314 1.47280 0.01473 100.01476 0.00000027228385213185
53900 60.02176 1.47267 0.01473 100.01004 0.00000027262658530702
54000 60.01871 1.47252 0.01472 100.00783 0.00000027112840794707
54100 60.01696 1.47248 0.01472 100.00593 0.00000029372221788115
54200 60.01813 1.47252 0.01472 100.00721 0.00000028297944054678
54300 60.02035 1.47266 0.01473 100.00991 0.00000028655991113347
54400 60.02177 1.47271 0.01473 100.01189 0.00000028765910276007
54500 60.01910 1.47255 0.01472 100.01112 0.00000031624645369099
54600 60.01943 1.47259 0.01472 100.01352 0.00000030667370776172
54700 60.01955 1.47276 0.01473 100.01280 0.00000031076759388071
54800 60.01816 1.47264 0.01472 100.01026 0.00000030570798714713
54900 60.01756 1.47264 0.01472 100.00949 0.00000033192212178790
55000 60.01752 1.47266 0.01473 100.00922 0.00000032403038630058
55100 60.01760 1.47262 0.01472 100.00897 0.00000031542740042134
55200 60.01841 1.47278 0.01473 100.00975 0.00000031604185113387
55300 60.01957 1.47283 0.01473 100.01248 0.00000031400483990751
55400 60.01652 1.47260 0.01472 100.01117 0.00000030950892671022
55500 60.01506 1.47257 0.01472 100.00923 0.00000029592384187538
55600 60.01358 1.47251 0.01472 100.00653 0.00000029810416557474
55700 60.01112 1.47233 0.01472 100.00540 0.00000028798035311972
55800 60.00915 1.47226 0.01472 100.00444 0.00000028623446945986
55900 60.00914 1.47247 0.01472 100.00435 0.00000029226743580857
56000 60.00877 1.47246 0.01472 100.00250 0.00000027800923785293
56100 60.00925 1.47249 0.01472 100.00258 0.00000025661178626457
56200 60.00785 1.47235 0.01472 100.00139 0.00000027773940503018
56300 60.00519 1.47220 0.01472 99.99787 0.00000029361337539058
56400 60.00377 1.47213 0.01472 99.99672 0.00000023601644594251
56500 60.00408 1.47213 0.01472 99.99788 0.00000023434146800838
56600 60.00424 1.47212 0.01472 99.99592 0.00000027299863880614
56700 60.00512 1.47219 0.01472 99.99688 0.00000028867499390905
56800 60.00535 1.47216 0.01472 99.99650 0.00000027289897541749
56900 60.00319 1.47212 0.01472 99.99772 0.00000026607347680674
57000 60.00344 1.47221 0.01472 99.99944 0.00000027550033165902
57100 60.00140 1.47204 0.01472 99.99813 0.00000029047128791149
57200 59.99970 1.47196 0.01472 99.99434 0.00000026734155622599
57300 59.99956 1.47194 0.01472 99.99431 0.00000029879416474365
57400 60.00127 1.47195 0.01472 99.99794 0.00000029473743379249
57500 59.99938 1.47179 0.01472 99.99626 0.00000031803425648569
57600 59.99783 1.47166 0.01472 99.99516 0.00000032324650733884
57700 59.99693 1.47165 0.01472 99.99487 0.00000032468918265138
57800 59.99407 1.47145 0.01472 99.99282 0.00000035809149423471
57900 59.99545 1.47153 0.01472 99.99257 0.00000033384338493647
58000 59.99686 1.47163 0.01472 99.99512 0.00000031086786478340
58100 59.99716 1.47161 0.01472 99.99458 0.00000030229305481022
58200 59.99545 1.47154 0.01472 99.99335 0.00000031593120519702
58300 59.99478 1.47149 0.01472 99.99383 0.00000030403551520841
58400 59.99399 1.47143 0.01472 99.99353 0.00000027113454659222
58500 59.99566 1.47159 0.01472 99.99391 0.00000028162461207515
58600 59.99418 1.47155 0.01472 99.99370 0.00000029343921226221
58700 59.99521 1.47179 0.01472 99.99506 0.00000030306551446202
58800 59.99672 1.47209 0.01472 99.99520 0.00000032267387584106
58900 59.99771 1.47212 0.01472 99.99766 0.00000031400111510926
59000 59.99682 1.47204 0.01472 99.99559 0.00000032957671813882
59100 59.99645 1.47188 0.01472 99.99530 0.00000034426716788438
59200 59.99711 1.47187 0.01472 99.99541 0.00000034009463845130
59300 59.99599 1.47180 0.01472 99.99302 0.00000035241151818965
59400 59.99607 1.47186 0.01472 99.99476 0.00000036210782328183
59500 59.99528 1.47196 0.01472 99.99565 0.00000036055406504865
59600 59.99569 1.47200 0.01472 99.99498 0.00000035741439829984
59700 59.99449 1.47184 0.01472 99.99384 0.00000034209494526038
59800 59.99571 1.47189 0.01472 99.99472 0.00000036196722841275
59900 59.99459 1.47178 0.01472 99.99519 0.00000037743590297623
60000 59.99452 1.47177 0.01472 99.99593 0.00000041047084997636
60100 59.99494 1.47178 0.01472 99.99458 0.00000042687916823603
60200 59.99440 1.47175 0.01472 99.99555 0.00000043448407205382
60300 59.99590 1.47188 0.01472 99.99615 0.00000044147792110927
60400 59.99706 1.47194 0.01472 99.99642 0.00000043624914614071
60500 59.99915 1.47207 0.01472 99.99826 0.00000044811119415122
60600 60.00153 1.47235 0.01472 99.99861 0.00000046516013041398
60700 60.00288 1.47240 0.01472 100.00000 0.00000047223452881440
60800 60.00242 1.47237 0.01472 99.99773 0.00000048742247060751
60900 60.00068 1.47216 0.01472 99.99578 0.00000047248291124014
61000 60.00219 1.47227 0.01472 99.99748 0.00000049764723142331
61100 60.00209 1.47227 0.01472 99.99666 0.00000051313327320557
61200 60.00242 1.47220 0.01472 99.99485 0.00000050362817427541
61300 60.00241 1.47232 0.01472 99.99209 0.00000052493840496659
61400 60.00193 1.47228 0.01472 99.99104 0.00000051854702021181
61500 60.00137 1.47223 0.01472 99.99148 0.00000055478292226852
61600 60.00122 1.47219 0.01472 99.99106 0.00000056342575116552
61700 60.00209 1.47227 0.01472 99.98904 0.00000053993225845872
61800 60.00270 1.47231 0.01472 99.98943 0.00000053412488854043
61900 60.00039 1.47211 0.01472 99.98606 0.00000054156615947321
62000 60.00311 1.47232 0.01472 99.99047 0.00000054823233952561
62100 60.00545 1.47251 0.01473 99.99293 0.00000053175368708303
62200 60.00360 1.47236 0.01472 99.99068 0.00000055341506088880
62300 60.00397 1.47230 0.01472 99.98982 0.00000052376653747466
62400 60.00479 1.47237 0.01472 99.99268 0.00000050124618211633
62500 60.00309 1.47232 0.01472 99.99138 0.00000053118142862019
62600 60.00049 1.47219 0.01472 99.99006 0.00000051942906309499
62700 60.00164 1.47227 0.01472 99.99222 0.00000051016063418174
62800 60.00052 1.47221 0.01472 99.99113 0.00000053889911399985
62900 60.00152 1.47227 0.01472 99.99205 0.00000055142994481727
63000 60.00394 1.47243 0.01473 99.99343 0.00000057139263143213
63100 60.00491 1.47240 0.01472 99.99498 0.00000056893598476826
63200 60.00437 1.47241 0.01472 99.99476 0.00000053466581340089
63300 60.00568 1.47248 0.01473 99.99793 0.00000053308184022605
63400 60.00758 1.47255 0.01473 100.00054 0.00000052901641556247
63500 60.00741 1.47258 0.01473 100.00063 0.00000053799631971607
63600 60.00709 1.47248 0.01472 100.00022 0.00000053222812623765
63700 60.00674 1.47249 0.01472 100.00163 0.00000052159249230854
63800 60.00676 1.47245 0.01472 100.00290 0.00000054231304735808
63900 60.00756 1.47251 0.01472 100.00297 0.00000055437358348343
64000 60.00790 1.47254 0.01473 100.00214 0.00000056831195438534
64100 60.00781 1.47246 0.01472 100.00154 0.00000056824498262387
64200 60.00625 1.47243 0.01472 100.00020 0.00000056169614781609
64300 60.00355 1.47216 0.01472 99.99857 0.00000055792762476692
64400 60.00222 1.47219 0.01472 99.99755 0.00000056273687976116
64500 60.00188 1.47220 0.01472 99.99724 0.00000057129322073024
64600 59.99925 1.47208 0.01472 99.99577 0.00000058415758985575
64700 60.00006 1.47214 0.01472 99.99781 0.00000058412833769950
64800 60.00009 1.47205 0.01472 99.99802 0.00000060637404875052
64900 60.00068 1.47214 0.01472 99.99846 0.00000058261677970961
65000 59.99954 1.47214 0.01472 99.99711 0.00000059225690218767
65100 59.99922 1.47212 0.01472 99.99633 0.00000058759732834979
65200 60.00025 1.47202 0.01472 99.99580 0.00000058383660572758
65300 60.00025 1.47192 0.01472 99.99657 0.00000057054770929987
65400 59.99857 1.47172 0.01472 99.99550 0.00000057480046811165
65500 59.99829 1.47179 0.01472 99.99492 0.00000057535488573457
65600 59.99792 1.47163 0.01472 99.99558 0.00000057831970434741
65700 59.99676 1.47154 0.01472 99.99400 0.00000057707217715475
65800 59.99782 1.47163 0.01472 99.99347 0.00000056458899888590
65900 59.99877 1.47169 0.01472 99.99469 0.00000056682750915193
66000 59.99831 1.47166 0.01472 99.99265 0.00000055724842695781
66100 59.99689 1.47163 0.01472 99.99027 0.00000057751885296220
66200 59.99533 1.47150 0.01472 99.98687 0.00000060108351296329
66300 59.99664 1.47158 0.01472 99.98710 0.00000061449487165355
66400 59.99763 1.47160 0.01472 99.98712 0.00000061368488624147
66500 59.99754 1.47150 0.01472 99.98749 0.00000060710537352904
66600 59.99661 1.47142 0.01472 99.98589 0.00000062252221311176
66700 59.99678 1.47144 0.01472 99.98600 0.00000064073257344255
66800 59.99666 1.47147 0.01472 99.98630 0.00000063276853112804
66900 59.99702 1.47152 0.01472 99.98786 0.00000061930090455853
67000 59.99656 1.47154 0.01472 99.98828 0.00000062104068021540
67100 59.99689 1.47158 0.01472 99.98803 0.00000064674776978357
67200 59.99855 1.47164 0.01472 99.98896 0.00000064641835528789
67300 60.00147 1.47179 0.01472 99.98966 0.00000066909563978257
67400 60.00412 1.47196 0.01472 99.99224 0.00000067569047756955
67500 60.00167 1.47177 0.01472 99.99150 0.00000065532005799618
67600 60.00227 1.47178 0.01472 99.99095 0.00000067015800953030
67700 60.00238 1.47174 0.01472 99.99151 0.00000066410441013076
67800 60.00276 1.47167 0.01472 99.99193 0.00000065195858289790
67900 60.00198 1.47158 0.01472 99.98991 0.00000066203672277609
68000 60.00104 1.47149 0.01472 99.99003 0.00000063548309259254
68100 59.99927 1.47138 0.01472 99.98756 0.00000065600222343143
68200 59.99740 1.47126 0.01471 99.98472 0.00000064332291804803
68300 59.99790 1.47122 0.01471 99.98531 0.00000065149072669968
68400 59.99707 1.47115 0.01471 99.98509 0.00000065655693770594
68500 59.99753 1.47114 0.01471 99.98536 0.00000064706627056488
68600 59.99906 1.47117 0.01471 99.98649 0.00000062886098506354
68700 60.00023 1.47126 0.01471 99.98639 0.00000064026597801359
68800 60.00171 1.47134 0.01472 99.98763 0.00000066505906692882
68900 60.00184 1.47129 0.01471 99.98813 0.00000066471185511396
69000 60.00189 1.47126 0.01471 99.98775 0.00000067298107908620
69100 60.00150 1.47120 0.01471 99.98693 0.00000068642293316046
69200 60.00040 1.47111 0.01471 99.98864 0.00000068107846606935
69300 59.99947 1.47107 0.01471 99.98824 0.00000068829524391134
69400 59.99875 1.47097 0.01471 99.98723 0.00000066736635750964
69500 59.99934 1.47100 0.01471 99.98814 0.00000068999490632216
69600 59.99849 1.47091 0.01471 99.98759 0.00000069636198141154
69700 59.99623 1.47076 0.01471 99.98651 0.00000069784419798324
69800 59.99760 1.47076 0.01471 99.98761 0.00000069851501671714
69900 59.99819 1.47070 0.01471 99.98750 0.00000067860597585678
70000 59.99860 1.47065 0.01471 99.98810 0.00000064718527181817
70100 59.99723 1.47062 0.01471 99.98629 0.00000065782609426357
70200 59.99677 1.47052 0.01471 99.98624 0.00000064643156805211
70300 59.99651 1.47047 0.01471 99.98707 0.00000066657699915318
70400 59.99523 1.47042 0.01471 99.98592 0.00000069032785510181
70500 59.99508 1.47033 0.01471 99.98618 0.00000067760130861849
70600 59.99567 1.47041 0.01471 99.98674 0.00000068551226450886
70700 59.99525 1.47041 0.01471 99.98586 0.00000067421234994924
70800 59.99479 1.47040 0.01471 99.98507 0.00000071126188205817
70900 59.99504 1.47040 0.01471 99.98509 0.00000071288712200079
71000 59.99581 1.47035 0.01471 99.98468 0.00000069621466836089
71100 59.99422 1.47026 0.01471 99.98312 0.00000070302468424543
71200 59.99530 1.47038 0.01471 99.98362 0.00000073576322634494
71300 59.99366 1.47031 0.01471 99.98157 0.00000071567573733944
71400 59.99344 1.47023 0.01471 99.98088 0.00000073203235406716
71500 59.99538 1.47041 0.01471 99.98441 0.00000073073351902764
71600 59.99504 1.47028 0.01471 99.98349 0.00000072953922281016
71700 59.99493 1.47027 0.01471 99.98379 0.00000072873725587286
71800 59.99579 1.47034 0.01471 99.98327 0.00000070963138076863
71900 59.99664 1.47032 0.01471 99.98334 0.00000071957709901760
72000 59.99702 1.47024 0.01470 99.98543 0.00000071124666356503
72100 59.99533 1.47021 0.01470 99.98214 0.00000071268398027513
72200 59.99832 1.47036 0.01471 99.98263 0.00000069953115655608
72300 59.99830 1.47036 0.01471 99.98368 0.00000071038114946020
72400 59.99621 1.47023 0.01471 99.98113 0.00000069764204879696
72500 59.99668 1.47029 0.01471 99.98117 0.00000067478739884663
72600 59.99565 1.47024 0.01471 99.98069 0.00000067152164606732
72700 59.99599 1.47020 0.01470 99.98149 0.00000067307416085072
72800 59.99578 1.47012 0.01470 99.98103 0.00000067299798800491
72900 59.99594 1.47014 0.01470 99.98106 0.00000067921341551092
73000 59.99713 1.47023 0.01471 99.98168 0.00000065019679373890
73100 59.99703 1.47022 0.01470 99.98149 0.00000066146473365336
73200 59.99561 1.47012 0.01470 99.97867 0.00000067880397724984
73300 59.99602 1.47012 0.01470 99.97874 0.00000066192444392321
73400 59.99539 1.47003 0.01470 99.97796 0.00000066799928544192
73500 59.99580 1.47001 0.01470 99.97894 0.00000066961620825978
73600 59.99577 1.47000 0.01470 99.97893 0.00000070161789134104
73700 59.99654 1.47004 0.01470 99.98151 0.00000069745732678150
73800 59.99660 1.46999 0.01470 99.98108 0.00000067145177173877
73900 59.99540 1.46990 0.01470 99.98058 0.00000066176320734357
74000 59.99449 1.46974 0.01470 99.97981 0.00000063179611431430
74100 59.99348 1.46970 0.01470 99.97891 0.00000063739355793402
74200 59.99182 1.46958 0.01470 99.97833 0.00000064401946398007
74300 59.99223 1.46953 0.01470 99.97825 0.00000059803666796476
74400 59.99143 1.46950 0.01470 99.97831 0.00000059665993434876
74500 59.99226 1.46955 0.01470 99.98066 0.00000055759612926920
74600 59.99454 1.46965 0.01470 99.98381 0.00000054542535687929
74700 59.99495 1.46964 0.01470 99.98436 0.00000056749668941869
74800 59.99364 1.46955 0.01470 99.98303 0.00000056550483185092
74900 59.99439 1.46950 0.01470 99.98458 0.00000057924390262087
75000 59.99368 1.46951 0.01470 99.98413 0.00000059952308717470
75100 59.99235 1.46942 0.01470 99.98394 0.00000065064896848099
75200 59.99290 1.46947 0.01470 99.98352 0.00000063194994015525
75300 59.99316 1.46949 0.01470 99.98483 0.00000059972837251898
75400 59.99267 1.46941 0.01470 99.98399 0.00000060803428048040
75500 59.99237 1.46937 0.01470 99.98278 0.00000061865993594701
75600 59.99202 1.46941 0.01470 99.98403 0.00000057417787613367
75700 59.99052 1.46927 0.01470 99.98259 0.00000059080977043990
75800 59.99115 1.46929 0.01470 99.98219 0.00000054774934232782
75900 59.99246 1.46937 0.01470 99.98402 0.00000055731258696845
76000 59.99111 1.46938 0.01470 99.98364 0.00000054162313078976
76100 59.98887 1.46929 0.01470 99.98318 0.00000056573229123558
76200 59.98881 1.46922 0.01469 99.98430 0.00000058604872443802
76300 59.99017 1.46925 0.01469 99.98564 0.00000057514019680127
76400 59.98993 1.46927 0.01469 99.98558 0.00000055997996595281
76500 59.99006 1.46938 0.01470 99.98668 0.00000056721682195615
76600 59.98927 1.46929 0.01469 99.98608 0.00000054077105371420
76700 59.98894 1.46923 0.01469 99.98578 0.00000056748950694185
76800 59.98765 1.46911 0.01469 99.98493 0.00000056944948845228
76900 59.98722 1.46908 0.01469 99.98512 0.00000056156581185185
77000 59.98764 1.46909 0.01469 99.98648 0.00000058470881225681
77100 59.98901 1.46912 0.01469 99.98581 0.00000058643304945427
77200 59.98944 1.46917 0.01469 99.98444 0.00000059953502429266
77300 59.98844 1.46911 0.01469 99.98348 0.00000056983084095741
77400 59.98974 1.46926 0.01469 99.98479 0.00000061402120987708
77500 59.98979 1.46931 0.01470 99.98387 0.00000062518705035153
77600 59.99052 1.46935 0.01470 99.98365 0.00000067037368833844
77700 59.99057 1.46932 0.01470 99.98372 0.00000063768198632630
77800 59.99085 1.46931 0.01470 99.98398 0.00000064644863306818
77900 59.99071 1.46925 0.01469 99.98372 0.00000064328018534177
78000 59.99091 1.46923 0.01469 99.98247 0.00000065527931258913
78100 59.99198 1.46934 0.01470 99.98307 0.00000066366270390361
78200 59.99079 1.46921 0.01469 99.98274 0.00000065475484478661
78300 59.99052 1.46920 0.01469 99.98199 0.00000067714112028661
78400 59.99137 1.46937 0.01470 99.98314 0.00000063529448413036
78500 59.99147 1.46933 0.01470 99.98383 0.00000064770487795407
78600 59.99166 1.46945 0.01470 99.98490 0.00000063699524344152
78700 59.99303 1.46946 0.01470 99.98648 0.00000066763572581507
78800 59.99360 1.46948 0.01470 99.98718 0.00000067732997610648
78900 59.99397 1.46950 0.01470 99.98607 0.00000065241396485227
79000 59.99582 1.46968 0.01470 99.98697 0.00000066480433558169
79100 59.99461 1.46961 0.01470 99.98616 0.00000067231093536790
79200 59.99514 1.46960 0.01470 99.98655 0.00000064887811523917
79300 59.99713 1.46975 0.01470 99.98835 0.00000065492475953555
79400 59.99587 1.46964 0.01470 99.98800 0.00000071115715050141
79500 59.99560 1.46956 0.01470 99.98770 0.00000070879705416083
79600 59.99762 1.46969 0.01470 99.98788 0.00000072367208270308
79700 59.99902 1.46981 0.01470 99.98758 0.00000074772095182141
79800 59.99774 1.46972 0.01470 99.98657 0.00000072012179375136
79900 59.99863 1.46974 0.01470 99.98695 0.00000067955208415960
80000 59.99965 1.46980 0.01470 99.98906 0.00000067903243294865
80100 60.00047 1.46984 0.01470 99.98895 0.00000069595162366376
80200 60.00100 1.46992 0.01470 99.99236 0.00000071947676216766
80300 60.00108 1.46988 0.01470 99.99090 0.00000076182892216892
80400 60.00026 1.46985 0.01470 99.99032 0.00000076014367822452
80500 60.00141 1.46989 0.01470 99.99073 0.00000077554630872889
80600 60.00295 1.46996 0.01470 99.99237 0.00000074294571339450
80700 60.00144 1.46982 0.01470 99.99149 0.00000074599682386989
80800 60.00143 1.46985 0.01470 99.99219 0.00000075373775731968
80900 60.00010 1.46975 0.01470 99.99253 0.00000072823410390832
81000 59.99953 1.46975 0.01470 99.99169 0.00000073667744393546
81100 60.00037 1.46977 0.01470 99.99316 0.00000075966343349165
81200 60.00146 1.46978 0.01470 99.99403 0.00000079376464867664
81300 60.00096 1.46971 0.01470 99.99352 0.00000078646552270634
81400 60.00088 1.46971 0.01470 99.99344 0.00000079798810914689
81500 59.99924 1.46963 0.01470 99.99193 0.00000078623618660068
81600 59.99991 1.46971 0.01470 99.99250 0.00000077555005129071
81700 59.99986 1.46968 0.01470 99.99267 0.00000075480688055407
81800 59.99982 1.46969 0.01470 99.99374 0.00000072276876617039
81900 59.99876 1.46965 0.01470 99.99215 0.00000073146778678534
82000 59.99954 1.46973 0.01470 99.99382 0.00000071486148178757
82100 60.00067 1.46971 0.01470 99.99543 0.00000074378214454107
82200 60.00164 1.46973 0.01470 99.99698 0.00000068005552922301
82300 59.99990 1.46966 0.01470 99.99593 0.00000067757904131938
82400 59.99818 1.46965 0.01470 99.99473 0.00000065270868887524
82500 59.99848 1.46962 0.01470 99.99450 0.00000065811974869767
82600 59.99841 1.46968 0.01470 99.99208 0.00000066906158724400
82700 59.99852 1.46973 0.01470 99.99313 0.00000071162901860156
82800 59.99945 1.46981 0.01470 99.99348 0.00000070314250577574
82900 60.00001 1.46983 0.01470 99.99234 0.00000074551258877342
83000 60.00129 1.46988 0.01470 99.99286 0.00000078379170442844
83100 60.00063 1.46981 0.01470 99.99262 0.00000080971987759249
83200 60.00265 1.46991 0.01470 99.99450 0.00000078693472937985
83300 60.00296 1.47007 0.01470 99.99402 0.00000076300425377873
83400 60.00313 1.47006 0.01470 99.99422 0.00000078943424330902
83500 60.00230 1.47007 0.01470 99.99340 0.00000081522995487582
83600 60.00118 1.46995 0.01470 99.99200 0.00000079641651851148
83700 60.00267 1.46998 0.01470 99.99201 0.00000081665145446053
83800 60.00235 1.47000 0.01470 99.99158 0.00000084984359438600
83900 60.00260 1.47002 0.01470 99.99221 0.00000089423044968839
84000 60.00100 1.46995 0.01470 99.99087 0.00000085184768150448
84100 60.00236 1.47003 0.01470 99.99220 0.00000086738267146558
84200 60.00352 1.47017 0.01470 99.99265 0.00000085233475277668
84300 60.00409 1.47025 0.01470 99.99336 0.00000085700458152260
84400 60.00428 1.47030 0.01470 99.99469 0.00000088902553074810
84500 60.00432 1.47031 0.01470 99.99502 0.00000089005938153086
84600 60.00282 1.47019 0.01470 99.99460 0.00000087418142613593
84700 60.00355 1.47022 0.01470 99.99540 0.00000084330186300718
84800 60.00240 1.47013 0.01470 99.99480 0.00000084625230889479
84900 60.00167 1.47004 0.01470 99.99386 0.00000082304583282067
85000 60.00176 1.46996 0.01470 99.99328 0.00000078846909135066
85100 60.00226 1.46992 0.01470 99.99289 0.00000075090388995669
85200 60.00215 1.46989 0.01470 99.99201 0.00000075774110364080
85300 60.00264 1.46995 0.01470 99.99231 0.00000075978186120373
85400 60.00192 1.46988 0.01470 99.99204 0.00000074353770984636
85500 60.00117 1.46988 0.01470 99.99202 0.00000074219809853560
85600 60.00211 1.46990 0.01470 99.99207 0.00000074661299698242
85700 60.00135 1.46983 0.01470 99.99251 0.00000075800447740804
85800 60.00030 1.46976 0.01470 99.99000 0.00000077310775603578
85900 59.99973 1.46971 0.01470 99.98992 0.00000078437108030904
86000 59.99991 1.46968 0.01470 99.98857 0.00000079665414731700
86100 60.00084 1.46968 0.01470 99.98907 0.00000082286692126843
86200 60.00185 1.46973 0.01470 99.99096 0.00000086586771241848
86300 60.00197 1.46975 0.01470 99.98973 0.00000087128246217816
86400 60.00419 1.46990 0.01470 99.99234 0.00000085141751382523
86500 60.00527 1.46992 0.01470 99.99472 0.00000085992584897276
86600 60.00492 1.46985 0.01470 99.99452 0.00000085555047912855
86700 60.00451 1.46983 0.01470 99.99522 0.00000080563381810173
86800 60.00498 1.46992 0.01470 99.99653 0.00000081350309444339
86900 60.00563 1.46996 0.01470 99.99735 0.00000080584778472392
87000 60.00630 1.47001 0.01470 99.99693 0.00000079530829721897
87100 60.00656 1.46998 0.01470 99.99700 0.00000079535878483306
87200 60.00634 1.46990 0.01470 99.99663 0.00000077278704391226
87300 60.00465 1.46976 0.01470 99.99542 0.00000075281181355358
87400 60.00375 1.46974 0.01470 99.99471 0.00000073057590466163
87500 60.00467 1.46979 0.01470 99.99534 0.00000072964044584012
87600 60.00503 1.46984 0.01470 99.99653 0.00000069424579529631
87700 60.00466 1.46982 0.01470 99.99537 0.00000065239265834016
87800 60.00635 1.47001 0.01470 99.99743 0.00000068342687664646
87900 60.00637 1.47003 0.01470 99.99809 0.00000065050635500441
88000 60.00706 1.47008 0.01470 99.99972 0.00000066070574455956
88100 60.00785 1.47008 0.01470 99.99948 0.00000066448668190056
88200 60.00826 1.47023 0.01470 99.99981 0.00000060926070588607
88300 60.00644 1.47006 0.01470 99.99822 0.00000060934901857657
88400 60.00556 1.46999 0.01470 99.99618 0.00000062555342617010
88500 60.00517 1.46993 0.01470 99.99471 0.00000057295422251080
88600 60.00538 1.46995 0.01470 99.99361 0.00000058148340498221
88700 60.00389 1.46991 0.01470 99.99304 0.00000060999503848080
88800 60.00384 1.46991 0.01470 99.99330 0.00000064536115651492
88900 60.00439 1.46993 0.01470 99.99481 0.00000065868271259539
89000 60.00498 1.46991 0.01470 99.99373 0.00000062313148974091
89100 60.00398 1.46987 0.01470 99.99382 0.00000060315598471306
89200 60.00525 1.46995 0.01470 99.99439 0.00000058433434135807
89300 60.00487 1.47002 0.01470 99.99372 0.00000061477346746663
89400 60.00399 1.46992 0.01470 99.99369 0.00000064040343272787
89500 60.00343 1.46987 0.01470 99.99223 0.00000067121578894991
89600 60.00386 1.46985 0.01470 99.99152 0.00000064169188052077
89700 60.00221 1.46977 0.01470 99.99000 0.00000062332970895973
89800 60.00317 1.46981 0.01470 99.99026 0.00000059703472943262
89900 60.00252 1.46969 0.01470 99.98970 0.00000062011179058352
90000 60.00041 1.46959 0.01470 99.98831 0.00000059927992457354
90100 59.99948 1.46962 0.01470 99.98612 0.00000061028258890872
90200 59.99882 1.46961 0.01470 99.98470 0.00000065059785114840
90300 59.99892 1.46963 0.01470 99.98341 0.00000062290215896432
90400 59.99782 1.46960 0.01470 99.98191 0.00000060251150957313
90500 59.99716 1.46954 0.01470 99.98118 0.00000056822382710209
90600 59.99759 1.46954 0.01470 99.98072 0.00000063265621452757
90700 59.99690 1.46955 0.01470 99.98126 0.00000060084446795727
90800 59.99501 1.46943 0.01470 99.97893 0.00000063271900430095
90900 59.99526 1.46949 0.01470 99.97933 0.00000064697824120330
91000 59.99522 1.46957 0.01470 99.97935 0.00000064810591093867
91100 59.99632 1.46960 0.01470 99.97999 0.00000064271284760942
91200 59.99541 1.46960 0.01470 99.97993 0.00000063317484766401
91300 59.99637 1.46965 0.01470 99.98120 0.00000062498412134460
91400 59.99716 1.46967 0.01470 99.98218 0.00000063709336761697
91500 59.99760 1.46971 0.01470 99.98251 0.00000060971839621615
91600 59.99852 1.46975 0.01470 99.98334 0.00000061925421124265
91700 59.99971 1.46978 0.01470 99.98537 0.00000063665655991585
91800 59.99834 1.46973 0.01470 99.98417 0.00000063687500029275
91900 59.99877 1.46965 0.01470 99.98471 0.00000062503456832452
92000 59.99871 1.46962 0.01470 99.98315 0.00000067342144460802
92100 59.99988 1.46970 0.01470 99.98362 0.00000065330396448182
92200 60.00031 1.46968 0.01470 99.98302 0.00000066308367996371
92300 60.00135 1.46974 0.01470 99.98387 0.00000067479100884782
92400 60.00226 1.46984 0.01470 99.98346 0.00000067644327739202
92500 60.00259 1.46977 0.01470 99.98321 0.00000063660220450679
92600 60.00347 1.46983 0.01470 99.98546 0.00000067607027132155
92700 60.00292 1.46982 0.01470 99.98540 0.00000067065504283370
92800 60.00456 1.46988 0.01470 99.98735 0.00000064623842788158
92900 60.00404 1.46987 0.01470 99.98790 0.00000067053580665721
93000 60.00300 1.46980 0.01470 99.98847 0.00000067361419131551
93100 60.00338 1.46988 0.01470 99.98736 0.00000065804453774909
93200 60.00314 1.46980 0.01470 99.98688 0.00000067177404061702
93300 60.00329 1.46979 0.01470 99.98745 0.00000066151485533794
93400 60.00286 1.46980 0.01470 99.98691 0.00000066215409422199
93500 60.00250 1.46979 0.01470 99.98658 0.00000064922991316330
93600 60.00352 1.46990 0.01470 99.98721 0.00000063040067144193
93700 60.00351 1.46990 0.01470 99.98678 0.00000064113245890063
93800 60.00270 1.46987 0.01470 99.98769 0.00000063964837004882
93900 60.00346 1.46998 0.01470 99.98778 0.00000065266883919612
94000 60.00416 1.47004 0.01470 99.98821 0.00000072610547996454
94100 60.00265 1.46993 0.01470 99.98766 0.00000073743419837236
94200 60.00179 1.46986 0.01470 99.98737 0.00000074419016860006
94300 60.00019 1.46976 0.01470 99.98680 0.00000077198312253834
94400 60.00064 1.46979 0.01470 99.98764 0.00000076787255842703
94500 60.00209 1.46985 0.01470 99.98854 0.00000082196760708975
94600 60.00133 1.46975 0.01470 99.98775 0.00000078572441686298
94700 60.00196 1.46981 0.01470 99.98771 0.00000078960279248363
94800 60.00002 1.46972 0.01470 99.98592 0.00000074289555884732
94900 59.99975 1.46971 0.01470 99.98443 0.00000073383906573632
95000 59.99942 1.46970 0.01470 99.98412 0.00000076544019256275
95100 60.00102 1.46985 0.01470 99.98605 0.00000074726979049089
95200 60.00076 1.46973 0.01470 99.98549 0.00000072738966516717
95300 59.99889 1.46966 0.01470 99.98425 0.00000073050630522431
95400 59.99721 1.46955 0.01470 99.98368 0.00000072987003441050
95500 59.99871 1.46960 0.01470 99.98525 0.00000073565825586819
95600 60.00017 1.46961 0.01470 99.98698 0.00000073587064575165
95700 59.99994 1.46961 0.01470 99.98717 0.00000073658631571938
95800 60.00134 1.46971 0.01470 99.98809 0.00000074165190855346
95900 60.00048 1.46961 0.01470 99.98797 0.00000078462193742190
96000 60.00068 1.46970 0.01470 99.98903 0.00000077361467698545
96100 59.99937 1.46960 0.01470 99.98751 0.00000074280145900829
96200 59.99860 1.46958 0.01470 99.98832 0.00000078534827041565
96300 59.99768 1.46959 0.01470 99.98592 0.00000079826764687319
96400 59.99749 1.46957 0.01470 99.98484 0.00000076831111628373
96500 59.99803 1.46958 0.01470 99.98481 0.00000077627705930006
96600 59.99753 1.46965 0.01470 99.98317 0.00000074910532399386
96700 59.99628 1.46960 0.01470 99.98278 0.00000076547065019916
96800 59.99658 1.46958 0.01470 99.98176 0.00000078197787556356
96900 59.99743 1.46962 0.01470 99.98273 0.00000080004614910756
97000 59.99581 1.46956 0.01470 99.98110 0.00000080112487244044
97100 59.99517 1.46956 0.01470 99.98043 0.00000080266255553241
97200 59.99474 1.46953 0.01470 99.97953 0.00000080851749695299
97300 59.99342 1.46947 0.01470 99.97852 0.00000082192927841618
97400 59.99228 1.46936 0.01470 99.97845 0.00000082661096856285
97500 59.99245 1.46940 0.01470 99.97792 0.00000083705890552288
97600 59.99215 1.46941 0.01470 99.97762 0.00000087952296712324
97700 59.99146 1.46935 0.01470 99.97602 0.00000088024248223739
97800 59.99275 1.46941 0.01470 99.97776 0.00000089489690591193
97900 59.99333 1.46943 0.01470 99.97740 0.00000089345034615107
98000 59.99607 1.46961 0.01470 99.98084 0.00000091775001243022
98100 59.99656 1.46962 0.01470 99.98120 0.00000096498698543002
98200 59.99539 1.46960 0.01470 99.98080 0.00000096663734261426
98300 59.99443 1.46949 0.01470 99.97992 0.00000094701938158082
98400 59.99424 1.46943 0.01470 99.97899 0.00000094949262052779
98500 59.99227 1.46941 0.01470 99.97765 0.00000096246003011835
98600 59.99207 1.46940 0.01470 99.97785 0.00000097957390954306
98700 59.99163 1.46942 0.01470 99.97732 0.00000097692863798571
98800 59.98996 1.46931 0.01470 99.97537 0.00000098368369982893
98900 59.99054 1.46936 0.01470 99.97543 0.00000098904302858749
99000 59.99036 1.46937 0.01470 99.97484 0.00000098772333423369
99100 59.98990 1.46937 0.01470 99.97424 0.00000103913826943192
99200 59.99040 1.46939 0.01470 99.97537 0.00000105350318979625
99300 59.99122 1.46947 0.01470 99.97602 0.00000104665753464239
99400 59.99178 1.46951 0.01470 99.97644 0.00000100728834517838
99500 59.99209 1.46950 0.01470 99.97608 0.00000100236270328402
99600 59.99256 1.46952 0.01470 99.97552 0.00000096750339761975
99700 59.99236 1.46953 0.01470 99.97544 0.00000095284169465693
99800 59.99202 1.46950 0.01470 99.97646 0.00000094309942499926
99900 59.99235 1.46954 0.01470 99.97722 0.00000090928423213121
100000 59.99320 1.46955 0.01470 99.97815 0.00000092245975102934
