#Arquivo Dados/ColetaChamadaReal95.txt 
#Parâmetros(Ocupação: 95.00%, Capacidade: 371368.421 bps)
#Coleta|Ocupação|E(n)|E(w)|lambda|Little

100 4.04763 0.25456 12.72818 0.02000 0.00000000000000000000
200 13.52773 0.73110 18.27759 0.04000 0.00000000000000011102
300 13.03798 2.33918 46.78362 0.05000 -0.00000000000000088818
400 13.57959 4.30592 82.01760 0.05250 0.00000000000000088818
500 20.75123 5.12472 111.40704 0.04600 0.00000000000000000000
600 17.29270 5.23076 112.08768 0.04667 0.00000000000000000000
700 14.82231 5.76922 144.23054 0.04000 0.00000000000000177636
800 15.00705 5.90871 147.71786 0.04000 -0.00000000000000266454
900 15.26276 5.82164 163.73370 0.03556 0.00000000000000000000
1000 15.71058 5.63017 148.16241 0.03800 -0.00000000000000621725
1100 15.42531 5.40157 135.03921 0.04000 0.00000000000000088818
1200 17.66370 5.42316 135.57899 0.04000 0.00000000000000355271
1300 16.30495 5.66723 144.45880 0.03923 0.00000000000000266454
1400 16.27266 6.21610 150.04391 0.04143 0.00000000000000177636
1500 16.27869 6.70132 164.78656 0.04067 -0.00000000000000177636
1600 16.52623 7.36676 175.92269 0.04188 -0.00000000000000532907
1700 16.67362 8.20322 193.68716 0.04235 0.00000000000000000000
1800 16.49806 9.20375 215.15268 0.04278 -0.00000000000000177636
1900 17.11557 10.20546 245.44770 0.04158 0.00000000000000000000
2000 16.25980 11.16275 272.26209 0.04100 0.00000000000000355271
2100 16.68356 12.09378 305.98712 0.03952 0.00000000000000888178
2200 16.51370 12.96504 339.56062 0.03818 0.00000000000000177636
2300 16.49038 13.78430 364.41254 0.03783 0.00000000000000532907
2400 16.32916 14.59036 380.61801 0.03833 0.00000000000000710543
2500 16.41176 15.03932 395.77155 0.03800 0.00000000000000177636
2600 16.54190 15.36379 403.49351 0.03808 -0.00000000000000888178
2700 16.81282 15.77212 401.74276 0.03926 0.00000000000000710543
2800 17.21200 16.25247 421.36023 0.03857 0.00000000000000000000
2900 16.61848 16.76310 434.04452 0.03862 -0.00000000000000355271
3000 16.62910 17.27963 458.75131 0.03767 0.00000000000000000000
3100 16.77511 17.79819 467.57960 0.03806 -0.00000000000000710543
3200 16.57247 18.17757 472.91248 0.03844 -0.00000000000000355271
3300 16.69246 18.44181 475.45296 0.03879 0.00000000000001776357
3400 16.66269 18.71008 481.92636 0.03882 0.00000000000002131628
3500 16.66781 18.93218 490.83422 0.03857 0.00000000000002131628
3600 16.94745 19.02665 499.97040 0.03806 0.00000000000000710543
3700 16.79071 19.11790 508.89365 0.03757 0.00000000000000000000
3800 16.79314 19.21495 517.84976 0.03711 -0.00000000000000710543
3900 16.64176 19.26512 514.61633 0.03744 -0.00000000000000355271
4000 16.38718 18.79557 507.98837 0.03700 0.00000000000001065814
4100 16.36434 18.37289 502.19229 0.03659 0.00000000000000710543
4200 16.48643 17.98336 481.08344 0.03738 0.00000000000001421085
4300 16.43151 17.64573 468.37433 0.03767 0.00000000000003907985
4400 16.73765 17.37273 457.72455 0.03795 0.00000000000004618528
4500 16.89656 17.17278 459.98530 0.03733 0.00000000000004973799
4600 16.52924 17.00672 457.49084 0.03717 0.00000000000006039613
4700 16.51030 16.89833 453.84075 0.03723 0.00000000000005684342
4800 16.49261 16.64427 443.84727 0.03750 0.00000000000007460699
4900 16.52100 16.40969 432.29830 0.03796 0.00000000000008526513
5000 16.77238 16.25254 427.69851 0.03800 0.00000000000008526513
5100 16.44351 16.20025 423.69892 0.03824 0.00000000000008526513
5200 16.47098 16.20293 425.53147 0.03808 0.00000000000008171241
5300 16.62132 16.23283 423.81286 0.03830 0.00000000000009947598
5400 16.54112 16.29400 429.20772 0.03796 0.00000000000009947598
5500 16.50399 16.33739 436.19234 0.03745 0.00000000000009947598
5600 16.53242 16.14465 434.66367 0.03714 0.00000000000009947598
5700 16.55669 15.93024 426.30210 0.03737 0.00000000000008881784
5800 16.80978 15.75241 424.94880 0.03707 0.00000000000008881784
5900 16.63427 15.63737 417.46825 0.03746 0.00000000000008881784
6000 16.63833 15.58501 413.76128 0.03767 0.00000000000007638334
6100 16.57889 15.55069 416.04912 0.03738 0.00000000000007993606
6200 16.96752 15.42106 412.11441 0.03742 0.00000000000012079227
6300 16.69820 15.28674 411.56611 0.03714 0.00000000000009947598
6400 16.71347 15.20965 405.59079 0.03750 0.00000000000010658141
6500 17.11346 15.16210 408.93638 0.03708 0.00000000000010302870
6600 16.85416 15.12008 410.66889 0.03682 0.00000000000010302870
6700 16.90227 15.08702 414.27461 0.03642 0.00000000000011191048
6800 16.65371 15.06402 416.40374 0.03618 0.00000000000009947598
6900 17.01571 15.10690 413.64134 0.03652 0.00000000000009947598
7000 16.77263 15.18862 420.23862 0.03614 0.00000000000010658141
7100 16.73280 15.13646 419.80016 0.03606 0.00000000000009769963
7200 16.81203 14.96399 412.79984 0.03625 0.00000000000006927792
7300 17.17933 14.85720 409.27385 0.03630 0.00000000000008171241
7400 16.94718 14.78129 408.14006 0.03622 0.00000000000009059420
7500 16.72121 14.76421 405.61030 0.03640 0.00000000000006217249
7600 17.14644 14.79473 405.92046 0.03645 0.00000000000005329071
7700 16.92376 14.88385 407.84914 0.03649 0.00000000000005684342
7800 16.70679 14.99756 413.36030 0.03628 0.00000000000006039613
7900 16.82966 15.12693 419.30775 0.03608 0.00000000000006394885
8000 16.76355 15.26937 422.68139 0.03612 0.00000000000008881784
8100 16.87031 15.41917 426.26374 0.03617 0.00000000000007460699
8200 16.83682 15.61714 428.29619 0.03646 0.00000000000011723955
8300 16.74145 15.83864 438.20245 0.03614 0.00000000000010835777
8400 16.88260 16.03741 446.07374 0.03595 0.00000000000008526513
8500 16.92610 16.24626 451.28496 0.03600 0.00000000000007815970
8600 16.86491 16.47818 460.10499 0.03581 0.00000000000009237056
8700 16.75922 16.70059 468.69403 0.03563 0.00000000000006750156
8800 16.85427 16.93746 473.17351 0.03580 0.00000000000007815970
8900 17.16577 17.20981 477.15662 0.03607 0.00000000000010302870
9000 16.97504 17.52281 488.25158 0.03589 0.00000000000009592327
9100 16.78850 17.86018 500.08505 0.03571 0.00000000000010302870
9200 16.94827 18.18475 508.50965 0.03576 0.00000000000003197442
9300 17.01447 18.51272 518.57931 0.03570 0.00000000000004263256
9400 16.83346 18.84216 531.88091 0.03543 0.00000000000003907985
9500 16.80979 19.16868 543.58931 0.03526 0.00000000000005329071
9600 16.94147 19.50624 547.54360 0.03562 0.00000000000008526513
9700 16.80665 19.87001 558.66401 0.03557 0.00000000000006750156
9800 16.84899 20.10250 567.73619 0.03541 0.00000000000007460699
9900 16.84483 20.31677 576.32101 0.03525 0.00000000000009592327
10000 17.10993 20.53670 581.77615 0.03530 0.00000000000008881784
10100 16.94052 20.77934 587.87500 0.03535 0.00000000000010302870
10200 16.91288 21.04351 596.23285 0.03529 0.00000000000009237056
10300 16.97819 21.29613 607.61816 0.03505 0.00000000000009237056
10400 16.97129 21.54327 612.15844 0.03519 0.00000000000011368684
10500 16.83900 21.82301 620.97986 0.03514 0.00000000000012079227
10600 16.86317 22.05817 626.85414 0.03519 0.00000000000011013412
10700 16.89308 22.25752 635.08125 0.03505 0.00000000000011368684
10800 17.17298 22.46480 640.15793 0.03509 0.00000000000008526513
10900 17.01543 22.69778 644.28590 0.03523 0.00000000000006394885
11000 16.86075 22.96530 654.45144 0.03509 0.00000000000001065814
11100 16.90412 23.25248 656.74931 0.03541 0.00000000000001421085
11200 16.89309 23.54266 669.23298 0.03518 0.00000000000000710543
11300 17.02752 23.82164 678.04659 0.03513 0.00000000000002486900
11400 16.87816 24.10129 688.60823 0.03500 -0.00000000000000710543
11500 16.88822 24.38394 697.55046 0.03496 -0.00000000000000710543
11600 16.91157 24.63166 710.76429 0.03466 0.00000000000000355271
11700 16.91129 24.86897 716.66726 0.03470 0.00000000000005329071
11800 16.89391 25.11095 728.03236 0.03449 0.00000000000008526513
11900 16.96886 25.31373 731.14906 0.03462 0.00000000000011013412
12000 16.94702 25.49694 739.04161 0.03450 0.00000000000012434498
12100 16.96786 25.68940 740.09931 0.03471 0.00000000000017408297
12200 16.89881 25.92703 744.25816 0.03484 0.00000000000017053026
12300 16.90399 26.12208 754.22921 0.03463 0.00000000000013500312
12400 17.07466 26.29205 761.73228 0.03452 0.00000000000014921397
12500 16.93806 26.47888 764.40176 0.03464 0.00000000000018474111
12600 16.95351 26.65199 768.45552 0.03468 0.00000000000018829382
12700 16.94733 26.81993 772.36534 0.03472 0.00000000000013855583
12800 16.95180 27.01981 775.45632 0.03484 0.00000000000012079227
12900 16.94123 27.22001 783.79038 0.03473 0.00000000000013855583
13000 16.91898 27.40887 793.57532 0.03454 0.00000000000019895197
13100 16.92085 27.58086 794.08617 0.03473 0.00000000000018829382
13200 16.93589 27.74576 804.93197 0.03447 0.00000000000014566126
13300 16.99985 27.88510 811.53586 0.03436 0.00000000000009592327
13400 17.08032 28.03975 813.27410 0.03448 0.00000000000006750156
13500 16.95380 28.21165 820.81309 0.03437 0.00000000000003907985
13600 16.97309 28.39920 823.51620 0.03449 0.00000000000004973799
13700 16.94854 28.60302 824.97134 0.03467 0.00000000000013500312
13800 16.93686 28.77729 830.80893 0.03464 0.00000000000011013412
13900 16.95542 28.93501 839.65885 0.03446 0.00000000000009947598
14000 16.93953 29.07784 846.34044 0.03436 0.00000000000012434498
14100 17.02786 29.20970 849.18928 0.03440 0.00000000000013500312
14200 17.00384 29.34107 857.29053 0.03423 0.00000000000012789769
14300 16.96234 29.46809 861.74586 0.03420 0.00000000000020605739
14400 16.94990 29.57079 865.48647 0.03417 0.00000000000018829382
14500 16.95995 29.69525 868.10703 0.03421 0.00000000000019895197
14600 16.97908 29.81561 874.11221 0.03411 0.00000000000015276669
14700 16.95241 29.93224 869.57310 0.03442 0.00000000000013855583
14800 16.92748 29.79117 867.93179 0.03432 0.00000000000012079227
14900 16.93431 29.60917 863.35950 0.03430 0.00000000000012079227
15000 17.00485 29.42951 860.51196 0.03420 0.00000000000006750156
15100 17.02840 29.26289 857.99941 0.03411 0.00000000000003907985
15200 16.94060 29.09742 857.13332 0.03395 0.00000000000003907985
15300 16.89837 28.92107 852.58639 0.03392 0.00000000000001776357
15400 16.95011 28.74238 846.33395 0.03396 0.00000000000004973799
15500 16.87094 28.58035 842.19670 0.03394 0.00000000000006750156
15600 16.93673 28.41404 833.19351 0.03410 0.00000000000001065814
15700 17.01752 28.27305 828.14707 0.03414 0.00000000000001776357
15800 16.90982 28.15609 826.88891 0.03405 -0.00000000000001421085
15900 16.94155 28.04683 825.82328 0.03396 -0.00000000000001776357
16000 16.89831 27.93908 824.76987 0.03388 -0.00000000000003907985
16100 16.91432 27.83823 823.88887 0.03379 -0.00000000000004973799
16200 16.91383 27.72938 821.23567 0.03377 -0.00000000000006039613
16300 16.89570 27.61725 818.47499 0.03374 -0.00000000000008171241
16400 16.89810 27.50894 814.34407 0.03378 -0.00000000000010302870
16500 16.90024 27.40873 811.92816 0.03376 0.00000000000000000000
16600 16.90487 27.28544 810.26530 0.03367 -0.00000000000011368684
16700 16.98639 27.14476 805.18191 0.03371 -0.00000000000010302870
16800 16.91748 27.02271 803.50698 0.03363 -0.00000000000013500312
16900 16.90010 26.89817 801.72666 0.03355 -0.00000000000009947598
17000 16.97875 26.79559 792.21747 0.03382 -0.00000000000015631940
17100 16.98901 26.72158 791.92218 0.03374 -0.00000000000009592327
17200 16.99916 26.64688 792.95200 0.03360 -0.00000000000009947598
17300 16.90919 26.58165 790.14185 0.03364 -0.00000000000011723955
17400 16.94440 26.50791 789.79053 0.03356 -0.00000000000009947598
17500 16.93396 26.42524 786.46535 0.03360 -0.00000000000009947598
17600 16.92516 26.33702 782.99257 0.03364 -0.00000000000002486900
17700 16.89492 26.19633 780.59771 0.03356 0.00000000000001776357
17800 17.07870 26.06280 771.90998 0.03376 0.00000000000009592327
17900 16.98329 25.94193 768.80873 0.03374 0.00000000000005329071
18000 16.92824 25.83948 766.24484 0.03372 -0.00000000000003197442
18100 17.09874 25.74038 765.02593 0.03365 -0.00000000000004973799
18200 17.00479 25.64546 763.90729 0.03357 -0.00000000000002842171
18300 16.91186 25.55995 764.29247 0.03344 -0.00000000000002131628
18400 16.90500 25.46746 764.43916 0.03332 0.00000000000000355271
18500 16.89802 25.33532 762.11934 0.03324 0.00000000000003197442
18600 16.90444 25.20545 757.38495 0.03328 -0.00000000000002131628
18700 16.86511 25.07925 753.99040 0.03326 -0.00000000000004263256
18800 16.89521 24.95379 751.81304 0.03319 -0.00000000000002486900
18900 16.85627 24.83605 749.84229 0.03312 -0.00000000000001065814
19000 16.86612 24.71134 748.82858 0.03300 -0.00000000000003552714
19100 16.90984 24.59287 745.59324 0.03298 -0.00000000000005329071
19200 16.87892 24.47516 744.72742 0.03286 -0.00000000000006039613
19300 16.86248 24.37231 737.28152 0.03306 -0.00000000000000710543
19400 16.86374 24.26145 734.27795 0.03304 0.00000000000003552714
19500 16.89495 24.14456 733.36287 0.03292 -0.00000000000002486900
19600 16.93593 24.02911 729.05648 0.03296 -0.00000000000007460699
19700 16.84996 23.92994 726.37879 0.03294 -0.00000000000004263256
19800 16.87430 23.81832 724.42820 0.03288 0.00000000000003197442
19900 16.96146 23.70358 721.25566 0.03286 0.00000000000010302870
20000 16.87665 23.60841 714.32421 0.03305 0.00000000000010658141
20100 16.85511 23.54537 711.67200 0.03308 0.00000000000011013412
20200 16.84753 23.46953 712.90916 0.03292 0.00000000000012079227
20300 16.85051 23.37742 712.55500 0.03281 0.00000000000010302870
20400 16.84865 23.27187 708.57633 0.03284 0.00000000000013145041
20500 16.91328 23.16453 705.60614 0.03283 0.00000000000009947598
20600 16.97212 23.07031 703.03030 0.03282 0.00000000000007105427
20700 16.89013 22.98512 700.72455 0.03280 0.00000000000012789769
20800 16.85915 22.91482 697.84503 0.03284 0.00000000000009592327
20900 16.92022 22.84919 695.12086 0.03287 0.00000000000002842171
21000 16.99659 22.78886 693.57389 0.03286 0.00000000000004973799
21100 16.91604 22.73317 690.17255 0.03294 0.00000000000003907985
21200 16.93177 22.69791 688.40582 0.03297 0.00000000000006394885
21300 16.93232 22.66731 688.75000 0.03291 0.00000000000003907985
21400 16.87154 22.63935 689.16366 0.03285 0.00000000000004618528
21500 16.87783 22.61136 687.61573 0.03288 -0.00000000000002486900
21600 16.86753 22.57073 687.62723 0.03282 0.00000000000001776357
21700 16.89591 22.47321 682.05399 0.03295 0.00000000000003197442
21800 16.94134 22.39692 677.18847 0.03307 0.00000000000005329071
21900 16.86398 22.34412 674.94638 0.03311 0.00000000000001776357
22000 16.85343 22.29945 672.95998 0.03314 -0.00000000000002486900
22100 16.88543 22.25848 672.01151 0.03312 0.00000000000001421085
22200 16.86071 22.19828 670.47854 0.03311 0.00000000000003907985
22300 16.82909 22.11403 666.40927 0.03318 0.00000000000014566126
22400 16.87240 22.03002 659.72248 0.03339 0.00000000000016697754
22500 16.89473 21.97165 658.27189 0.03338 0.00000000000015276669
22600 16.85107 21.92230 657.96013 0.03332 0.00000000000015631940
22700 16.91201 21.87937 656.09211 0.03335 0.00000000000022382096
22800 16.83784 21.85862 651.47274 0.03355 0.00000000000035882408
22900 16.95863 21.85937 649.26019 0.03367 0.00000000000022737368
23000 16.88489 21.88332 649.44040 0.03370 0.00000000000025224267
23100 16.88478 21.92798 648.57400 0.03381 0.00000000000018118840
23200 16.91686 21.99303 649.15811 0.03388 0.00000000000019539925
23300 17.01439 22.07106 651.78150 0.03386 0.00000000000021671553
23400 16.94168 22.15571 655.42819 0.03380 0.00000000000024158453
23500 16.86959 22.24527 660.05536 0.03370 0.00000000000024158453
23600 16.86440 22.34775 662.57136 0.03373 0.00000000000027711167
23700 16.87053 22.44837 665.03308 0.03376 0.00000000000029132252
23800 16.85436 22.51269 666.42038 0.03378 0.00000000000040145665
23900 16.86193 22.55486 668.81037 0.03372 0.00000000000033040237
24000 16.94184 22.57610 668.09660 0.03379 0.00000000000030198066
24100 16.87154 22.57065 668.24664 0.03378 0.00000000000022026825
24200 16.88582 22.57137 668.57681 0.03376 0.00000000000011368684
24300 16.86471 22.56195 670.23891 0.03366 0.00000000000004263256
24400 16.96117 22.55260 669.44454 0.03369 -0.00000000000006039613
24500 16.89194 22.55914 669.93821 0.03367 -0.00000000000016697754
24600 16.92942 22.57400 669.86773 0.03370 -0.00000000000014921397
24700 17.08344 22.59931 672.53357 0.03360 -0.00000000000011368684
24800 17.01455 22.62618 673.62458 0.03359 -0.00000000000003197442
24900 16.94622 22.66663 674.31205 0.03361 -0.00000000000008171241
25000 16.87844 22.71959 676.17830 0.03360 -0.00000000000015987212
25100 16.97632 22.78279 678.34892 0.03359 -0.00000000000013500312
25200 16.90895 22.84936 681.42464 0.03353 -0.00000000000011368684
25300 16.96992 22.92744 683.23227 0.03356 -0.00000000000013500312
25400 16.90311 23.01029 683.58064 0.03366 -0.00000000000019895197
25500 16.92402 23.11749 683.87018 0.03380 -0.00000000000020250468
25600 16.89073 23.22585 687.37787 0.03379 -0.00000000000021316282
25700 16.91698 23.33854 689.42590 0.03385 -0.00000000000023447910
25800 16.89817 23.45528 694.77186 0.03376 -0.00000000000022737368
25900 17.01554 23.57536 697.03392 0.03382 -0.00000000000018829382
26000 16.95010 23.70300 701.11275 0.03381 -0.00000000000018474111
26100 17.06201 23.83835 706.22131 0.03375 -0.00000000000023447910
26200 16.99689 23.97256 712.91824 0.03363 -0.00000000000023092639
26300 16.93226 24.11086 715.70603 0.03369 -0.00000000000009592327
26400 16.90586 24.26894 719.88758 0.03371 -0.00000000000009237056
26500 16.90362 24.43069 724.17601 0.03374 -0.00000000000016342483
26600 16.95508 24.59562 727.74589 0.03380 -0.00000000000021316282
26700 16.92443 24.77755 732.62510 0.03382 -0.00000000000022382096
26800 16.89655 24.96766 737.74349 0.03384 -0.00000000000027000624
26900 16.94876 25.16139 742.15072 0.03390 -0.00000000000014210855
27000 16.90629 25.35911 748.30168 0.03389 -0.00000000000018474111
27100 16.91667 25.56202 752.96828 0.03395 -0.00000000000013145041
27200 16.91763 25.77236 758.66691 0.03397 -0.00000000000016342483
27300 16.90474 25.97909 766.73436 0.03388 -0.00000000000008526513
27400 16.92322 26.18006 771.32637 0.03394 -0.00000000000003907985
27500 16.90663 26.38504 776.86141 0.03396 -0.00000000000002486900
27600 16.97758 26.57997 782.09721 0.03399 -0.00000000000001776357
27700 16.91629 26.78093 789.18275 0.03394 -0.00000000000004973799
27800 16.91005 26.99453 792.44765 0.03406 -0.00000000000008171241
27900 16.92364 27.18175 799.96911 0.03398 -0.00000000000015276669
28000 16.91578 27.34926 806.93286 0.03389 -0.00000000000014566126
28100 16.99318 27.51943 811.43333 0.03391 -0.00000000000012434498
28200 16.93292 27.69312 818.60159 0.03383 -0.00000000000016342483
28300 16.94582 27.86632 824.05105 0.03382 -0.00000000000022382096
28400 16.96284 28.04561 831.41488 0.03373 -0.00000000000023447910
28500 16.95266 28.22792 838.01636 0.03368 -0.00000000000028421709
28600 16.94662 28.41183 842.92373 0.03371 -0.00000000000032684966
28700 17.01201 28.59851 849.66579 0.03366 -0.00000000000038014036
28800 16.95294 28.78634 857.33888 0.03358 -0.00000000000040500936
28900 16.95178 28.97564 863.29484 0.03356 -0.00000000000037658765
29000 16.96014 29.17089 869.43048 0.03355 -0.00000000000041922021
29100 16.99511 29.37267 875.76301 0.03354 -0.00000000000034106051
29200 16.93691 29.58641 879.75872 0.03363 -0.00000000000031263880
29300 16.94129 29.81096 884.06998 0.03372 -0.00000000000032329694
29400 16.93974 30.01432 891.33422 0.03367 -0.00000000000030198066
29500 16.97978 30.20039 898.09633 0.03363 -0.00000000000033040237
29600 16.93907 30.39385 902.36503 0.03368 -0.00000000000034816594
29700 16.94844 30.59282 905.88906 0.03377 -0.00000000000035171865
29800 16.97837 30.79976 913.26656 0.03372 -0.00000000000038369308
29900 16.93264 31.00843 919.79359 0.03371 -0.00000000000034106051
30000 16.93731 31.21279 926.19568 0.03370 -0.00000000000029842795
30100 17.00468 31.41858 931.72330 0.03372 -0.00000000000033040237
30200 16.94838 31.63495 937.56178 0.03374 -0.00000000000036237680
30300 16.93631 31.84621 946.94819 0.03363 -0.00000000000033040237
30400 16.93658 32.02631 952.64171 0.03362 -0.00000000000029132252
30500 16.93846 32.17112 958.22192 0.03357 -0.00000000000024868996
30600 16.99544 32.29760 961.38781 0.03359 -0.00000000000022737368
30700 16.94008 32.43341 962.03440 0.03371 -0.00000000000027711167
30800 16.96698 32.57971 966.71977 0.03370 -0.00000000000031974423
30900 16.95733 32.74135 967.21574 0.03385 -0.00000000000029132252
31000 16.97149 32.91925 973.75632 0.03381 -0.00000000000029842795
31100 16.94388 33.09312 980.18676 0.03376 -0.00000000000027000624
31200 16.94534 33.23066 983.67811 0.03378 -0.00000000000020605739
31300 16.95986 33.33047 988.85660 0.03371 -0.00000000000024868996
31400 16.94730 33.41562 989.85907 0.03376 -0.00000000000027000624
31500 16.97475 33.49637 993.53651 0.03371 -0.00000000000027711167
31600 16.96056 33.57324 998.03811 0.03364 -0.00000000000028421709
31700 16.95385 33.64352 1001.40797 0.03360 -0.00000000000030553338
31800 16.97245 33.70937 1003.70608 0.03358 -0.00000000000027000624
31900 16.95631 33.77622 1006.97320 0.03354 -0.00000000000031263880
32000 16.98546 33.84941 1008.54863 0.03356 -0.00000000000034106051
32100 16.98277 33.93921 1008.74879 0.03364 -0.00000000000040500936
32200 16.98009 34.03239 1012.79384 0.03360 -0.00000000000045474735
32300 16.95754 34.12315 1017.70810 0.03353 -0.00000000000061106675
32400 16.98368 34.17794 1016.86424 0.03361 -0.00000000000066791017
32500 16.95803 34.07731 1015.13523 0.03357 -0.00000000000063948846
32600 16.98348 33.98449 1009.01133 0.03368 -0.00000000000081712415
32700 16.95994 33.89953 1004.99965 0.03373 -0.00000000000088817842
32800 16.93715 33.80444 1005.24549 0.03363 -0.00000000000081001872
32900 16.96312 33.70264 1003.45420 0.03359 -0.00000000000090949470
33000 16.91171 33.60831 1001.87374 0.03355 -0.00000000000094502184
33100 16.98677 33.51287 999.34763 0.03353 -0.00000000000084554586
33200 16.93560 33.41850 996.85010 0.03352 -0.00000000000088817842
33300 16.90692 33.33517 992.89908 0.03357 -0.00000000000092370556
33400 16.91707 33.24961 990.66648 0.03356 -0.00000000000090238927
33500 16.92683 33.16949 987.71357 0.03358 -0.00000000000076028073
33600 16.96678 33.09435 981.43874 0.03372 -0.00000000000068922645
33700 16.91643 33.02949 978.97447 0.03374 -0.00000000000068922645
33800 16.91537 32.96811 974.05765 0.03385 -0.00000000000080291329
33900 16.92523 32.90600 970.85580 0.03389 -0.00000000000062527761
34000 16.93457 32.85088 964.53368 0.03406 -0.00000000000068212103
34100 16.91551 32.80840 960.31462 0.03416 -0.00000000000062527761
34200 16.92402 32.77114 958.74505 0.03418 -0.00000000000055422333
34300 16.99903 32.72448 959.35865 0.03411 -0.00000000000054001248
34400 16.94961 32.67454 959.04806 0.03407 -0.00000000000050448534
34500 16.94350 32.62945 958.87227 0.03403 -0.00000000000047606363
34600 16.93743 32.58343 958.66209 0.03399 -0.00000000000050448534
34700 16.92139 32.54649 957.08749 0.03401 -0.00000000000036948222
34800 16.99002 32.50947 955.51483 0.03402 -0.00000000000036948222
34900 16.94134 32.48264 953.44336 0.03407 -0.00000000000036948222
35000 16.96489 32.46457 954.03847 0.03403 -0.00000000000044053650
35100 16.95766 32.45542 950.90602 0.03413 -0.00000000000054711791
35200 16.94157 32.45564 951.23945 0.03412 -0.00000000000063238303
35300 16.96639 32.46331 950.21146 0.03416 -0.00000000000071764816
35400 16.93436 32.47214 952.37263 0.03410 -0.00000000000070343731
35500 16.93071 32.47999 952.92542 0.03408 -0.00000000000065369932
35600 16.92772 32.47992 953.24425 0.03407 -0.00000000000099475983
35700 16.93291 32.45068 949.58147 0.03417 -0.00000000000127187150
35800 16.93850 32.42992 948.52229 0.03419 -0.00000000000126476607
35900 16.95082 32.42125 944.74248 0.03432 -0.00000000000130739863
36000 16.94224 32.42385 946.68173 0.03425 -0.00000000000120792265
36100 16.93370 32.42712 947.10269 0.03424 -0.00000000000121502808
36200 16.94243 32.43585 948.44743 0.03420 -0.00000000000125055521
36300 16.95691 32.44115 949.68851 0.03416 -0.00000000000125766064
36400 16.95338 32.45194 948.03421 0.03423 -0.00000000000115818466
36500 16.95747 32.46874 948.84621 0.03422 -0.00000000000135713663
36600 16.93658 32.49233 947.58497 0.03429 -0.00000000000130739863
36700 16.94309 32.51890 949.43805 0.03425 -0.00000000000131450406
36800 16.93962 32.55360 946.26572 0.03440 -0.00000000000117950094
36900 16.97530 32.60062 943.50032 0.03455 -0.00000000000123634436
37000 16.98744 32.66220 946.35989 0.03451 -0.00000000000131450406
37100 16.94165 32.72846 948.61401 0.03450 -0.00000000000128608235
37200 16.94077 32.80501 948.94740 0.03457 -0.00000000000134292577
37300 16.92515 32.76254 950.26662 0.03448 -0.00000000000173372428
37400 16.88070 32.67499 949.52963 0.03441 -0.00000000000172661885
37500 16.83957 32.58808 948.79898 0.03435 -0.00000000000176214598
37600 16.84886 32.50375 947.39607 0.03431 -0.00000000000179056769
37700 16.84392 32.42285 943.89287 0.03435 -0.00000000000169819714
37800 16.82214 32.33914 942.49776 0.03431 -0.00000000000166977543
37900 16.87611 32.26615 938.51643 0.03438 -0.00000000000165556457
38000 16.83170 32.19966 939.05365 0.03429 -0.00000000000165556457
38100 16.82596 32.13448 937.46063 0.03428 -0.00000000000172661885
38200 16.82001 32.07608 935.34838 0.03429 -0.00000000000179767312
38300 16.82572 32.01727 933.93852 0.03428 -0.00000000000178346227
38400 16.81808 31.95761 932.50155 0.03427 -0.00000000000194688710
38500 16.82530 31.90316 931.21425 0.03426 -0.00000000000191491267
38600 16.83829 31.85355 929.36272 0.03427 -0.00000000000196109795
38700 16.89238 31.80670 929.69734 0.03421 -0.00000000000195043981
38800 16.84884 31.76770 926.75708 0.03428 -0.00000000000186872740
38900 16.83633 31.73869 926.20792 0.03427 -0.00000000000187228011
39000 16.89614 31.71865 924.53450 0.03431 -0.00000000000180477855
39100 16.85293 31.70720 923.12090 0.03435 -0.00000000000183675297
39200 16.84352 31.70502 922.67017 0.03436 -0.00000000000185096383
39300 16.84008 31.70762 923.72840 0.03433 -0.00000000000185096383
39400 16.82941 31.71463 923.54500 0.03434 -0.00000000000201083594
39500 16.89613 31.71870 923.95913 0.03433 -0.00000000000190780725
39600 16.85347 31.72728 923.82387 0.03434 -0.00000000000198241423
39700 16.87024 31.74627 923.99339 0.03436 -0.00000000000209610107
39800 16.83198 31.77039 924.31407 0.03437 -0.00000000000212097007
39900 16.83366 31.78956 923.81894 0.03441 -0.00000000000204991579
40000 16.89807 31.80620 923.25685 0.03445 -0.00000000000221334062
40100 16.85593 31.82759 924.17555 0.03444 -0.00000000000220978791
40200 16.94433 31.85813 923.35738 0.03450 -0.00000000000204636308
40300 16.90229 31.89594 924.08802 0.03452 -0.00000000000198241423
40400 16.86045 31.93828 927.61066 0.03443 -0.00000000000197886152
40500 16.82904 31.93281 927.08151 0.03444 -0.00000000000184385840
40600 16.83316 31.86014 925.92814 0.03441 -0.00000000000185806925
40700 16.88526 31.79640 922.39036 0.03447 -0.00000000000186872740
40800 16.84387 31.73995 921.70108 0.03444 -0.00000000000189004368
40900 16.85829 31.67334 919.40341 0.03445 -0.00000000000188293825
41000 16.87155 31.60881 913.93588 0.03459 -0.00000000000177280413
41100 16.83050 31.55692 911.44709 0.03462 -0.00000000000169109171
41200 16.82032 31.48768 908.46801 0.03466 -0.00000000000173372428
41300 16.82864 31.42279 906.25774 0.03467 -0.00000000000180122584
41400 16.84520 31.36229 904.80761 0.03466 -0.00000000000194688710
41500 16.84595 31.30247 902.74664 0.03467 -0.00000000000200728323
41600 16.90295 31.24861 900.86095 0.03469 -0.00000000000202859951
41700 16.86241 31.20452 897.39889 0.03477 -0.00000000000210320650
41800 16.85457 31.17240 898.00574 0.03471 -0.00000000000205346851
41900 16.85529 31.14494 896.27260 0.03475 -0.00000000000199307237
42000 16.83049 31.12361 896.56481 0.03471 -0.00000000000198951966
42100 16.82745 31.09440 897.24066 0.03466 -0.00000000000187583282
42200 16.89506 31.05931 894.67785 0.03472 -0.00000000000201794137
42300 16.85512 31.03967 892.57517 0.03478 -0.00000000000202504680
42400 16.82799 31.02182 892.95675 0.03474 -0.00000000000213518092
42500 16.84884 30.95381 889.47732 0.03480 -0.00000000000211031193
42600 16.82030 30.89681 888.12692 0.03479 -0.00000000000209610107
42700 16.82192 30.83764 886.71193 0.03478 -0.00000000000201438866
42800 16.83922 30.77599 885.81853 0.03474 -0.00000000000203215222
42900 16.83673 30.71913 883.27784 0.03478 -0.00000000000193978167
43000 16.82725 30.66791 882.67744 0.03474 -0.00000000000186872740
43100 16.82779 30.62112 880.43374 0.03478 -0.00000000000196465066
43200 16.83147 30.57730 879.45351 0.03477 -0.00000000000196820338
43300 16.84884 30.53925 878.05400 0.03478 -0.00000000000191846539
43400 16.82541 30.50973 876.32191 0.03482 -0.00000000000196465066
43500 16.83149 30.47779 875.10479 0.03483 -0.00000000000202149408
43600 16.82828 30.45016 872.29109 0.03491 -0.00000000000201438866
43700 16.84029 30.42808 872.51111 0.03487 -0.00000000000198241423
43800 16.83087 30.40711 872.18811 0.03486 -0.00000000000199662509
43900 16.88185 30.38652 873.01581 0.03481 -0.00000000000208189022
44000 16.84348 30.36967 872.23600 0.03482 -0.00000000000199662509
44100 16.86089 30.36082 871.12059 0.03485 -0.00000000000195043981
44200 16.84793 30.35938 871.91975 0.03482 -0.00000000000194333438
44300 16.84787 30.36088 872.80142 0.03479 -0.00000000000191135996
44400 16.93077 30.36387 873.15784 0.03477 -0.00000000000181188398
44500 16.89273 30.37132 873.64162 0.03476 -0.00000000000181188398
44600 16.85485 30.38872 873.84719 0.03478 -0.00000000000165201186
44700 16.85302 30.41164 874.21234 0.03479 -0.00000000000151700874
44800 16.85803 30.44005 874.73651 0.03480 -0.00000000000149213975
44900 16.84994 30.47586 874.35543 0.03486 -0.00000000000155253588
45000 16.83951 30.52028 876.45999 0.03482 -0.00000000000153832502
45100 16.86470 30.56194 877.36708 0.03483 -0.00000000000144595447
45200 16.84871 30.61026 878.46585 0.03485 -0.00000000000144950718
45300 16.85038 30.66227 878.00310 0.03492 -0.00000000000197530881
45400 16.85251 30.69897 878.77250 0.03493 -0.00000000000183675297
45500 16.85591 30.74208 879.17338 0.03497 -0.00000000000169464442
45600 16.85581 30.78418 882.31211 0.03489 -0.00000000000161648472
45700 16.86355 30.82313 883.69956 0.03488 -0.00000000000135713663
45800 16.84906 30.86651 883.55377 0.03493 -0.00000000000110844667
45900 16.86175 30.90854 883.37610 0.03499 -0.00000000000130384592
46000 16.88848 30.95909 884.54530 0.03500 -0.00000000000149569246
46100 16.85185 31.01614 886.45026 0.03499 -0.00000000000148148160
46200 16.85975 31.07402 890.03089 0.03491 -0.00000000000139266376
46300 16.85182 31.13413 891.47187 0.03492 -0.00000000000138555833
46400 16.92656 31.19426 895.12278 0.03485 -0.00000000000137134748
46500 16.89016 31.25775 895.55484 0.03490 -0.00000000000136424205
46600 16.85391 31.33128 899.03805 0.03485 -0.00000000000138911105
46700 16.85710 31.40660 899.80863 0.03490 -0.00000000000122923893
46800 16.86121 31.44231 901.65450 0.03487 -0.00000000000099120712
46900 16.86059 31.42256 901.35652 0.03486 -0.00000000000087752028
47000 16.86959 31.39772 900.91152 0.03485 -0.00000000000108357767
47100 16.87373 31.37162 900.42846 0.03484 -0.00000000000100897068
47200 16.85810 31.34903 899.49800 0.03485 -0.00000000000105870868
47300 16.88671 31.31887 898.35204 0.03486 -0.00000000000098765440
47400 16.86020 31.28818 897.19268 0.03487 -0.00000000000090594199
47500 16.89956 31.24229 895.05957 0.03491 -0.00000000000104449782
47600 16.86406 31.20378 893.68217 0.03492 -0.00000000000105515596
47700 16.86769 31.16914 892.41780 0.03493 -0.00000000000111199938
47800 16.86539 31.13407 891.67669 0.03492 -0.00000000000133582034
47900 16.89304 31.10227 889.96350 0.03495 -0.00000000000130029321
48000 16.86769 31.07864 888.48993 0.03498 -0.00000000000132871492
48100 16.86495 31.05987 887.16125 0.03501 -0.00000000000122923893
48200 16.86535 31.03789 886.79677 0.03500 -0.00000000000104805054
48300 16.85599 30.97558 885.27834 0.03499 -0.00000000000104805054
48400 16.85463 30.91658 882.28911 0.03504 -0.00000000000106226139
48500 16.86461 30.85979 881.44853 0.03501 -0.00000000000118660637
48600 16.85914 30.80406 879.08244 0.03504 -0.00000000000115818466
48700 16.85251 30.74580 876.13825 0.03509 -0.00000000000140687462
48800 16.85675 30.68676 875.22718 0.03506 -0.00000000000148148160
48900 16.83232 30.62496 874.74334 0.03501 -0.00000000000150279789
49000 16.81351 30.56323 874.25470 0.03496 -0.00000000000146727075
49100 16.79724 30.50194 873.77216 0.03491 -0.00000000000150279789
49200 16.78018 30.44115 872.78832 0.03488 -0.00000000000139266376
49300 16.75540 30.37994 872.29542 0.03483 -0.00000000000132160949
49400 16.77684 30.32149 870.86148 0.03482 -0.00000000000137845291
49500 16.76200 30.26587 869.50692 0.03481 -0.00000000000153477231
49600 16.77527 30.20766 869.08349 0.03476 -0.00000000000139976919
49700 16.78684 30.15782 865.38327 0.03485 -0.00000000000149569246
49800 16.75313 30.11769 863.97509 0.03486 -0.00000000000147082346
49900 16.75573 30.08230 862.70514 0.03487 -0.00000000000133582034
50000 16.77599 30.05405 859.66956 0.03496 -0.00000000000108357767
50100 16.77697 30.03855 859.96068 0.03493 -0.00000000000103028697
50200 16.75929 30.02416 859.79065 0.03492 -0.00000000000109778853
50300 16.78390 30.01189 858.21383 0.03497 -0.00000000000082422957
50400 16.77280 30.00402 858.71806 0.03494 -0.00000000000078514972
50500 16.76915 30.00274 857.46379 0.03499 -0.00000000000081001872
50600 16.76105 30.00323 858.20426 0.03496 -0.00000000000100541797
50700 16.76269 29.99865 858.31350 0.03495 -0.00000000000103028697
50800 16.76376 29.99308 859.84684 0.03488 -0.00000000000110134124
50900 16.76272 29.98242 860.74750 0.03483 -0.00000000000104805054
51000 16.76375 29.95811 861.25353 0.03478 -0.00000000000122213351
51100 16.77089 29.90705 859.53337 0.03479 -0.00000000000142463819
51200 16.76554 29.85216 858.18687 0.03479 -0.00000000000131805677
51300 16.81767 29.79628 857.77161 0.03474 -0.00000000000119371180
51400 16.78495 29.74388 856.01075 0.03475 -0.00000000000123989707
51500 16.78863 29.69655 855.35378 0.03472 -0.00000000000117950094
51600 16.77617 29.65224 853.82553 0.03473 -0.00000000000119371180
51700 16.79752 29.61234 853.37668 0.03470 -0.00000000000127187150
51800 16.81616 29.57922 851.22432 0.03475 -0.00000000000117594823
51900 16.78376 29.55567 850.29880 0.03476 -0.00000000000117239551
52000 16.79419 29.53810 850.01722 0.03475 -0.00000000000119726451
52100 16.79966 29.52333 848.87717 0.03478 -0.00000000000120792265
52200 16.78086 29.51709 848.45391 0.03479 -0.00000000000130029321
52300 16.78098 29.51211 849.00088 0.03476 -0.00000000000126476607
52400 16.84736 29.50872 849.12513 0.03475 -0.00000000000128963507
52500 16.81527 29.51667 846.78972 0.03486 -0.00000000000126831878
52600 16.78330 29.53546 848.01586 0.03483 -0.00000000000127187150
52700 16.77968 29.55459 848.78845 0.03482 -0.00000000000145305989
52800 16.82154 29.57745 850.13033 0.03479 -0.00000000000160227387
52900 16.78974 29.60373 851.10735 0.03478 -0.00000000000171596071
53000 16.77861 29.57408 850.47533 0.03477 -0.00000000000189359639
53100 16.78544 29.52182 850.11311 0.03473 -0.00000000000184385840
53200 16.78471 29.47027 849.30581 0.03470 -0.00000000000164845915
53300 16.77868 29.42326 847.70811 0.03471 -0.00000000000162359015
53400 16.80684 29.38016 846.22474 0.03472 -0.00000000000178701498
53500 16.79596 29.34011 845.74136 0.03469 -0.00000000000175859327
53600 16.82576 29.30089 844.82406 0.03468 -0.00000000000175148784
53700 16.79442 29.26813 843.18607 0.03471 -0.00000000000189359639
53800 16.78594 29.23872 843.45486 0.03467 -0.00000000000189714910
53900 16.79015 29.20204 842.60700 0.03466 -0.00000000000176569870
54000 16.78500 29.15875 842.46784 0.03461 -0.00000000000189714910
54100 16.79545 29.11289 841.35010 0.03460 -0.00000000000182964754
54200 16.81860 29.07146 839.46360 0.03463 -0.00000000000188649096
54300 16.78762 29.03443 838.60092 0.03462 -0.00000000000191491267
54400 16.81368 28.99425 838.09103 0.03460 -0.00000000000195043981
54500 16.82322 28.95671 837.65417 0.03457 -0.00000000000184385840
54600 16.79241 28.92059 836.81188 0.03456 -0.00000000000196109795
54700 16.80064 28.89135 834.84258 0.03461 -0.00000000000198951966
54800 16.81597 28.86154 834.62405 0.03458 -0.00000000000217781349
54900 16.80018 28.82582 834.67176 0.03454 -0.00000000000221334062
55000 16.79925 28.78797 835.09392 0.03447 -0.00000000000222755148
55100 16.79832 28.74642 835.40482 0.03441 -0.00000000000217426077
55200 16.79702 28.70385 834.80111 0.03438 -0.00000000000229505304
55300 16.80438 28.66054 832.85739 0.03441 -0.00000000000264677169
55400 16.79739 28.61976 832.30171 0.03439 -0.00000000000270361511
55500 16.83058 28.57181 830.22787 0.03441 -0.00000000000294164693
55600 16.80031 28.53457 828.47119 0.03444 -0.00000000000281374923
55700 16.80535 28.50137 828.13055 0.03442 -0.00000000000300204306
55800 16.91080 28.47304 826.63677 0.03444 -0.00000000000292033064
55900 16.88055 28.45143 824.91424 0.03449 -0.00000000000297006864
56000 16.85040 28.44003 824.34870 0.03450 -0.00000000000293809421
56100 16.82037 28.43746 823.61465 0.03453 -0.00000000000296651592
56200 16.80640 28.44023 824.31185 0.03450 -0.00000000000284927637
56300 16.80793 28.44628 823.83016 0.03453 -0.00000000000258992827
56400 16.80855 28.45586 824.72264 0.03450 -0.00000000000262545541
56500 16.80916 28.46526 826.03346 0.03446 -0.00000000000253663757
56600 16.80066 28.47277 827.71376 0.03440 -0.00000000000261834998
56700 16.81897 28.47454 827.10369 0.03443 -0.00000000000256861199
56800 16.80844 28.48252 827.09971 0.03444 -0.00000000000240518716
56900 16.80956 28.49424 827.20521 0.03445 -0.00000000000255795385
57000 16.80676 28.50913 827.82497 0.03444 -0.00000000000278888024
57100 16.85068 28.52257 829.24583 0.03440 -0.00000000000275690581
57200 16.82122 28.53609 830.66894 0.03435 -0.00000000000282796009
57300 16.81020 28.55256 831.33228 0.03435 -0.00000000000285638180
57400 16.81008 28.56747 832.79462 0.03430 -0.00000000000302335934
57500 16.86522 28.57973 832.91142 0.03431 -0.00000000000284572366
57600 16.83594 28.59411 833.93462 0.03429 -0.00000000000288480351
57700 16.81455 28.61662 833.08733 0.03435 -0.00000000000307665005
57800 16.81343 28.64611 833.70850 0.03436 -0.00000000000291677793
57900 16.81303 28.67986 834.45434 0.03437 -0.00000000000286348723
58000 16.83028 28.71180 834.72888 0.03440 -0.00000000000306599190
58100 16.81476 28.74617 837.16904 0.03434 -0.00000000000316191517
58200 16.81785 28.78059 838.77334 0.03431 -0.00000000000321520588
58300 16.81370 28.81286 840.31505 0.03429 -0.00000000000316902060
58400 16.81818 28.84313 841.79837 0.03426 -0.00000000000306954462
58500 16.82261 28.87317 842.43404 0.03427 -0.00000000000316546789
58600 16.82299 28.90863 842.38965 0.03432 -0.00000000000294875235
58700 16.81949 28.94905 843.32960 0.03433 -0.00000000000303046477
58800 16.84679 28.98971 845.53311 0.03429 -0.00000000000321520588
58900 16.81819 29.03038 846.89911 0.03428 -0.00000000000320810045
59000 16.82156 29.03917 848.17366 0.03424 -0.00000000000329691829
59100 16.82133 29.03997 847.11869 0.03428 -0.00000000000341771056
59200 16.86936 29.04057 848.15095 0.03424 -0.00000000000338218342
59300 16.84092 29.04280 848.81116 0.03422 -0.00000000000335020900
59400 16.83645 29.04821 849.14550 0.03421 -0.00000000000348165941
59500 16.82581 29.05847 848.37034 0.03425 -0.00000000000365574238
59600 16.82489 29.07040 848.06462 0.03428 -0.00000000000359179353
59700 16.83027 29.08344 848.62245 0.03427 -0.00000000000361666253
59800 16.82297 29.09993 848.86614 0.03428 -0.00000000000367705866
59900 16.83191 29.11945 850.02687 0.03426 -0.00000000000366284780
60000 16.84772 29.13951 851.61734 0.03422 -0.00000000000365929509
60100 16.82573 29.16490 850.87880 0.03428 -0.00000000000357758267
60200 16.84233 29.19287 851.45862 0.03429 -0.00000000000363797881
60300 16.82695 29.22116 853.28613 0.03425 -0.00000000000363797881
60400 16.82905 29.22432 853.55361 0.03424 -0.00000000000363442609
60500 16.82162 29.20979 853.30399 0.03423 -0.00000000000357758267
60600 16.82649 29.16362 852.54002 0.03421 -0.00000000000369482223
60700 16.88088 29.12128 849.83721 0.03427 -0.00000000000357402996
60800 16.85311 29.08608 849.39166 0.03424 -0.00000000000355626639
60900 16.82544 29.05789 848.33438 0.03425 -0.00000000000349231755
61000 16.82994 29.02093 847.83378 0.03423 -0.00000000000334310357
61100 16.84401 28.97810 846.34890 0.03424 -0.00000000000338218342
61200 16.85139 28.93464 845.25065 0.03423 -0.00000000000349942297
61300 16.82580 28.89359 845.02724 0.03419 -0.00000000000346389584
61400 16.82226 28.85038 843.12860 0.03422 -0.00000000000344968498
61500 16.85293 28.81056 842.13378 0.03421 -0.00000000000344968498
61600 16.82557 28.77528 841.27072 0.03420 -0.00000000000341771056
61700 16.82946 28.74199 840.06663 0.03421 -0.00000000000330757643
61800 16.82909 28.70956 838.88936 0.03422 -0.00000000000326494387
61900 16.86582 28.67681 837.70386 0.03423 -0.00000000000324007488
62000 16.83862 28.65106 837.11863 0.03423 -0.00000000000332178729
62100 16.83459 28.62695 837.36870 0.03419 -0.00000000000339284156
62200 16.82955 28.60471 836.88299 0.03418 -0.00000000000331468186
62300 16.84517 28.57951 835.91703 0.03419 -0.00000000000333599814
62400 16.83538 28.55423 836.12560 0.03415 -0.00000000000335376171
62500 16.82947 28.53299 834.10293 0.03421 -0.00000000000330402372
62600 16.83418 28.51816 832.66657 0.03425 -0.00000000000332534000
62700 16.83524 28.50051 833.48039 0.03419 -0.00000000000330047101
62800 16.83259 28.47979 831.48801 0.03425 -0.00000000000318323146
62900 16.84246 28.45548 830.94215 0.03424 -0.00000000000340349970
63000 16.83350 28.43180 830.41421 0.03424 -0.00000000000346034312
63100 16.83037 28.39205 829.41578 0.03423 -0.00000000000344613227
63200 16.85762 28.34850 828.68876 0.03421 -0.00000000000343547413
63300 16.83099 28.31111 826.61122 0.03425 -0.00000000000341771056
63400 16.81097 28.27597 825.74689 0.03424 -0.00000000000327204930
63500 16.81026 28.23249 825.01754 0.03422 -0.00000000000317967874
63600 16.79453 28.19095 823.96343 0.03421 -0.00000000000334665629
63700 16.79084 28.15030 822.17985 0.03424 -0.00000000000338218342
63800 16.79192 28.10865 820.37137 0.03426 -0.00000000000342836870
63900 16.80207 28.07095 819.05649 0.03427 -0.00000000000390798505
64000 16.80334 28.03460 817.40989 0.03430 -0.00000000000379785092
64100 16.79962 27.99427 816.39350 0.03429 -0.00000000000370548037
64200 16.79844 27.95940 814.79516 0.03431 -0.00000000000365929509
64300 16.79880 27.92662 814.73760 0.03428 -0.00000000000367705866
64400 16.80316 27.89782 813.68646 0.03429 -0.00000000000363442609
64500 16.79088 27.86940 813.38293 0.03426 -0.00000000000356337182
64600 16.80022 27.84119 812.71610 0.03426 -0.00000000000352073926
64700 16.81786 27.81397 811.34517 0.03428 -0.00000000000358468810
64800 16.79191 27.79240 810.14288 0.03431 -0.00000000000342836870
64900 16.82023 27.77737 808.40856 0.03436 -0.00000000000360245167
65000 16.79436 27.77223 808.77909 0.03434 -0.00000000000380495635
65100 16.81026 27.76765 809.16469 0.03432 -0.00000000000374100750
65200 16.83823 27.76617 809.27771 0.03431 -0.00000000000381561449
65300 16.81245 27.76663 808.72491 0.03433 -0.00000000000362021524
65400 16.79444 27.77779 807.40782 0.03440 -0.00000000000379429821
65500 16.80116 27.79666 807.39752 0.03443 -0.00000000000347810669
65600 16.80535 27.81700 809.22195 0.03438 -0.00000000000331112915
65700 16.80438 27.83830 809.28143 0.03440 -0.00000000000338573614
65800 16.80238 27.86238 810.49731 0.03438 -0.00000000000333955086
65900 16.80038 27.88757 811.02855 0.03439 -0.00000000000332889272
66000 16.79772 27.91171 812.24566 0.03436 -0.00000000000350297569
66100 16.82145 27.93359 813.03848 0.03436 -0.00000000000377298193
66200 16.80397 27.95960 812.87889 0.03440 -0.00000000000395061761
66300 16.80641 27.98897 814.24679 0.03437 -0.00000000000395772304
66400 16.79959 28.01830 815.61392 0.03435 -0.00000000000386535248
66500 16.86582 28.04855 816.29249 0.03436 -0.00000000000374811293
66600 16.84050 28.08525 816.44592 0.03440 -0.00000000000360245167
66700 16.81525 28.13051 817.20607 0.03442 -0.00000000000352429197
66800 16.80835 28.18209 818.15019 0.03445 -0.00000000000311217718
66900 16.80314 28.22134 820.15966 0.03441 -0.00000000000289546165
67000 16.82076 28.20630 819.52390 0.03442 -0.00000000000294519964
67100 16.85922 28.16581 819.21364 0.03438 -0.00000000000311572990
67200 16.83413 28.12684 818.94432 0.03435 -0.00000000000304467562
67300 16.80911 28.09103 818.05549 0.03434 -0.00000000000315480975
67400 16.81331 28.05964 816.94165 0.03435 -0.00000000000310862447
67500 16.84935 28.02903 816.55579 0.03433 -0.00000000000319744231
67600 16.82443 28.00373 814.91686 0.03436 -0.00000000000328981287
67700 16.82558 27.98533 814.53427 0.03436 -0.00000000000324718030
67800 16.80845 27.97020 813.89687 0.03437 -0.00000000000306954462
67900 16.81358 27.94994 813.80840 0.03434 -0.00000000000266453526
68000 16.80968 27.92840 813.33248 0.03434 -0.00000000000270006240
68100 16.81984 27.90944 812.23614 0.03436 -0.00000000000283506552
68200 16.82993 27.89915 811.04959 0.03440 -0.00000000000257571742
68300 16.82368 27.89183 811.33401 0.03438 -0.00000000000247268872
68400 16.81761 27.88575 810.96324 0.03439 -0.00000000000224531505
68500 16.81276 27.88191 812.03697 0.03434 -0.00000000000223465690
68600 16.81341 27.87683 812.38343 0.03431 -0.00000000000223820962
68700 16.85075 27.86826 811.93789 0.03432 -0.00000000000239452902
68800 16.82625 27.86734 810.68620 0.03438 -0.00000000000256150656
68900 16.86681 27.87157 811.30187 0.03435 -0.00000000000257927013
69000 16.84237 27.87837 811.30643 0.03436 -0.00000000000256861199
69100 16.81799 27.88909 812.45213 0.03433 -0.00000000000271427325
69200 16.81863 27.90003 813.26128 0.03431 -0.00000000000256150656
69300 16.82084 27.91339 813.79816 0.03430 -0.00000000000246558329
69400 16.84478 27.92125 812.80809 0.03435 -0.00000000000294164693
69500 16.82054 27.92740 813.13541 0.03435 -0.00000000000295230507
69600 16.85771 27.93395 813.81465 0.03432 -0.00000000000284927637
69700 16.83352 27.94632 813.98171 0.03433 -0.00000000000262900812
69800 16.86865 27.95843 814.14193 0.03434 -0.00000000000234479103
69900 16.84451 27.95877 812.94413 0.03439 -0.00000000000236966002
70000 16.83805 27.96686 812.99010 0.03440 -0.00000000000223110419
70100 16.82202 27.97838 813.81102 0.03438 -0.00000000000238387088
70200 16.82251 27.98782 814.57076 0.03436 -0.00000000000239097631
70300 16.82530 27.99288 814.52800 0.03437 -0.00000000000237676545
70400 16.82627 27.99070 814.94844 0.03435 -0.00000000000217781349
70500 16.82409 27.98543 814.60469 0.03435 -0.00000000000229150032
70600 16.82749 27.98122 814.62861 0.03435 -0.00000000000214939178
70700 16.86812 27.98125 814.10474 0.03437 -0.00000000000207833750
70800 16.84429 27.98472 815.02199 0.03434 -0.00000000000207833750
70900 16.83317 27.99354 814.08627 0.03439 -0.00000000000223465690
71000 16.82742 28.00579 815.25681 0.03435 -0.00000000000221689334
71100 16.85523 28.01819 815.76312 0.03435 -0.00000000000229150032
71200 16.83156 28.03722 815.79487 0.03437 -0.00000000000201794137
71300 16.84395 28.05261 815.72235 0.03439 -0.00000000000233058017
71400 16.85001 28.06965 816.03122 0.03440 -0.00000000000213518092
71500 16.83870 28.09110 816.13734 0.03442 -0.00000000000187583282
71600 16.84245 28.11310 816.59137 0.03443 -0.00000000000207123207
71700 16.83498 28.13060 816.58474 0.03445 -0.00000000000190425453
71800 16.84013 28.14693 817.20575 0.03444 -0.00000000000219912977
71900 16.85054 28.16356 817.17526 0.03446 -0.00000000000203925765
72000 16.83731 28.18524 817.62172 0.03447 -0.00000000000193267624
72100 16.83525 28.20480 818.99567 0.03444 -0.00000000000197175609
72200 16.83354 28.22505 819.40030 0.03445 -0.00000000000198241423
72300 16.83467 28.22601 820.56323 0.03440 -0.00000000000179412041
72400 16.85722 28.19518 819.81154 0.03439 -0.00000000000116173737
72500 16.83397 28.16552 818.10892 0.03443 -0.00000000000112621024
72600 16.83567 28.13797 817.78079 0.03441 -0.00000000000144950718
72700 16.84628 28.10978 817.10560 0.03440 -0.00000000000147437618
72800 16.88772 28.08388 816.49624 0.03440 -0.00000000000142108547
72900 16.86456 28.06065 815.31346 0.03442 -0.00000000000137134748
73000 16.84146 28.04402 815.29822 0.03440 -0.00000000000153832502
73100 16.88408 28.01430 814.57662 0.03439 -0.00000000000159872116
73200 16.86102 27.98210 813.45895 0.03440 -0.00000000000143529633
73300 16.83801 27.95571 812.83364 0.03439 -0.00000000000165911729
73400 16.83732 27.93145 811.94795 0.03440 -0.00000000000164490643
73500 16.86428 27.90993 811.14281 0.03441 -0.00000000000143529633
73600 16.84137 27.88968 811.65684 0.03436 -0.00000000000143174361
73700 16.83393 27.86222 811.31785 0.03434 -0.00000000000135358391
73800 16.83757 27.82827 809.50990 0.03438 -0.00000000000122568622
73900 16.83033 27.79776 808.44318 0.03438 -0.00000000000079580786
74000 16.81349 27.76065 808.13849 0.03435 -0.00000000000102318154
74100 16.81259 27.72641 806.32926 0.03439 -0.00000000000096278541
74200 16.84638 27.69685 805.29253 0.03439 -0.00000000000101962883
74300 16.82371 27.67315 804.42687 0.03440 -0.00000000000079580786
74400 16.82955 27.65457 803.71093 0.03441 -0.00000000000088817842
74500 16.84094 27.64194 802.23012 0.03446 -0.00000000000098410169
74600 16.81837 27.63519 801.54946 0.03448 -0.00000000000110844667
74700 16.81832 27.63123 801.88543 0.03446 -0.00000000000124700250
74800 16.83626 27.62614 801.56522 0.03447 -0.00000000000103383968
74900 16.81489 27.62435 801.34165 0.03447 -0.00000000000094857455
75000 16.83459 27.61076 800.46669 0.03449 -0.00000000000071054274
75100 16.83950 27.59457 799.21033 0.03453 -0.00000000000079580786
75200 16.81710 27.58180 798.97962 0.03452 -0.00000000000069988459
75300 16.82038 27.57199 798.52726 0.03453 -0.00000000000061106675
75400 16.83488 27.56567 797.25809 0.03458 -0.00000000000100541797
75500 16.82140 27.56206 797.59899 0.03456 -0.00000000000089528385
75600 16.82680 27.55742 798.21493 0.03452 -0.00000000000110844667
75700 16.82823 27.55347 798.23872 0.03452 -0.00000000000106226139
75800 16.82379 27.54607 798.46733 0.03450 -0.00000000000123279165
75900 16.82328 27.53216 797.59205 0.03452 -0.00000000000095212727
76000 16.82143 27.51592 796.65137 0.03454 -0.00000000000083133500
76100 16.82262 27.50335 796.42510 0.03453 -0.00000000000090949470
76200 16.82824 27.49458 795.09929 0.03458 -0.00000000000082422957
76300 16.83837 27.49004 795.40769 0.03456 -0.00000000000088817842
76400 16.84058 27.48750 794.86949 0.03458 -0.00000000000058619776
76500 16.84196 27.48922 795.05670 0.03458 -0.00000000000034106051
76600 16.83023 27.49367 795.02278 0.03458 -0.00000000000032684966
76700 16.82896 27.49936 795.92486 0.03455 -0.00000000000047606363
76800 16.82770 27.50279 796.76137 0.03452 -0.00000000000039079850
76900 16.82954 27.50427 797.54075 0.03449 -0.00000000000054356519
77000 16.83572 27.50305 797.34007 0.03449 -0.00000000000060396133
77100 16.82723 27.50209 797.74683 0.03447 -0.00000000000045119464
77200 16.82991 27.50141 796.96283 0.03451 -0.00000000000027711167
77300 16.83290 27.50275 796.53888 0.03453 -0.00000000000020250468
77400 16.87548 27.50586 796.46592 0.03453 -0.00000000000044053650
77500 16.85371 27.51248 796.79273 0.03453 -0.00000000000047961635
77600 16.83199 27.52327 796.94232 0.03454 -0.00000000000054001248
77700 16.83693 27.53892 796.93623 0.03456 -0.00000000000017408297
77800 16.83087 27.55710 797.89451 0.03454 -0.00000000000031619152
77900 16.83092 27.57443 799.12510 0.03451 -0.00000000000038724579
78000 16.83190 27.59135 798.85861 0.03454 -0.00000000000055777605
78100 16.85500 27.60425 798.77429 0.03456 -0.00000000000015631940
78200 16.83345 27.62225 799.13424 0.03457 -0.00000000000009237056
78300 16.86007 27.64065 798.03200 0.03464 0.00000000000006394885
78400 16.83856 27.66392 798.54618 0.03464 0.00000000000014210855
78500 16.86104 27.68879 799.98904 0.03461 0.00000000000017763568
78600 16.83959 27.71665 800.04740 0.03464 0.00000000000009947598
78700 16.83759 27.74788 801.37917 0.03463 0.00000000000028776981
78800 16.83568 27.77067 802.46749 0.03461 0.00000000000095923269
78900 16.84522 27.78531 803.02612 0.03460 0.00000000000120436994
79000 16.84068 27.80005 804.47019 0.03456 0.00000000000114752652
79100 16.83733 27.81468 805.32248 0.03454 0.00000000000094857455
79200 16.85237 27.83068 805.91951 0.03453 0.00000000000130384592
79300 16.84599 27.84805 806.26158 0.03454 0.00000000000140332190
79400 16.84119 27.86476 807.76267 0.03450 0.00000000000129674049
79500 16.84516 27.87904 808.60397 0.03448 0.00000000000139266376
79600 16.85399 27.89534 809.20893 0.03447 0.00000000000146371804
79700 16.84126 27.91481 809.02198 0.03450 0.00000000000148503432
79800 16.85457 27.93502 810.32877 0.03447 0.00000000000145305989
79900 16.84627 27.95731 811.10711 0.03447 0.00000000000144240175
80000 16.84420 27.98062 811.91507 0.03446 0.00000000000153121960
80100 16.85829 28.00411 812.13958 0.03448 0.00000000000186872740
80200 16.85336 28.03413 811.96728 0.03453 0.00000000000185806925
80300 16.85117 28.06994 812.25802 0.03456 0.00000000000199662509
80400 16.85518 28.10706 814.05167 0.03453 0.00000000000191135996
80500 16.86666 28.14331 815.52778 0.03451 0.00000000000179767312
80600 16.84573 28.18062 817.32915 0.03448 0.00000000000190425453
80700 16.87212 28.21842 818.85157 0.03446 0.00000000000179056769
80800 16.85124 28.26136 819.64029 0.03448 0.00000000000192201810
80900 16.85106 28.30725 821.39763 0.03446 0.00000000000203570494
81000 16.86956 28.35486 823.20548 0.03444 0.00000000000224531505
81100 16.84876 28.40496 824.49608 0.03445 0.00000000000216715534
81200 16.86398 28.45164 825.98245 0.03445 0.00000000000216715534
81300 16.85236 28.49424 827.05528 0.03445 0.00000000000215649720
81400 16.84989 28.53524 829.26409 0.03441 0.00000000000217781349
81500 16.85652 28.57327 831.38946 0.03437 0.00000000000222044605
81600 16.84990 28.61235 831.76631 0.03440 0.00000000000233413289
81700 16.85163 28.65543 832.85265 0.03441 0.00000000000225597319
81800 16.87179 28.70150 833.72968 0.03443 0.00000000000219912977
81900 16.85119 28.75053 834.98868 0.03443 0.00000000000213873363
82000 16.85500 28.80179 836.60878 0.03443 0.00000000000228084218
82100 16.89015 28.85208 838.49749 0.03441 0.00000000000239097631
82200 16.86961 28.90448 840.15158 0.03440 0.00000000000259348099
82300 16.86107 28.95983 841.29678 0.03442 0.00000000000259348099
82400 16.88951 29.01521 842.74002 0.03443 0.00000000000275690581
82500 16.86904 29.06592 843.45359 0.03446 0.00000000000270006240
82600 16.85617 29.12516 844.71141 0.03448 0.00000000000287414537
82700 16.86048 29.18330 846.53067 0.03447 0.00000000000285282908
82800 16.86690 29.24222 848.96757 0.03444 0.00000000000301980663
82900 16.85993 29.29933 851.65291 0.03440 0.00000000000300559577
83000 16.86684 29.35525 853.70923 0.03439 0.00000000000287414537
83100 16.85940 29.41279 855.21454 0.03439 0.00000000000287059265
83200 16.86702 29.46993 857.30708 0.03438 0.00000000000301625391
83300 16.86836 29.52779 858.82168 0.03438 0.00000000000314770432
83400 16.88022 29.57001 859.88092 0.03439 0.00000000000320810045
83500 16.86001 29.56945 859.39743 0.03441 0.00000000000323652216
83600 16.86076 29.57030 858.36015 0.03445 0.00000000000339639428
83700 16.86768 29.57764 857.81309 0.03448 0.00000000000336086714
83800 16.86179 29.58985 857.70658 0.03450 0.00000000000337863071
83900 16.86004 29.60591 858.00888 0.03451 0.00000000000358824082
84000 16.86685 29.61115 857.11125 0.03455 0.00000000000353139740
84100 16.86209 29.61442 857.93053 0.03452 0.00000000000360245167
84200 16.86609 29.60943 858.51037 0.03449 0.00000000000347810669
84300 16.86896 29.60201 858.72319 0.03447 0.00000000000344968498
84400 16.88494 29.58447 858.34629 0.03447 0.00000000000354205554
84500 16.86496 29.55806 858.00610 0.03445 0.00000000000350652840
84600 16.84841 29.52537 858.07163 0.03441 0.00000000000358824082
84700 16.83296 29.49077 857.78446 0.03438 0.00000000000365929509
84800 16.82517 29.45800 856.37236 0.03440 0.00000000000389377419
84900 16.82625 29.43054 854.82482 0.03443 0.00000000000380495635
85000 16.82533 29.39810 854.30368 0.03441 0.00000000000379785092
85100 16.81972 29.36566 853.48953 0.03441 0.00000000000392219590
85200 16.82951 29.33656 851.90012 0.03444 0.00000000000388311605
85300 16.81673 29.31072 851.56840 0.03442 0.00000000000398259203
85400 16.80631 29.27672 851.28774 0.03439 0.00000000000384758891
85500 16.80190 29.24438 850.47433 0.03439 0.00000000000395417032
85600 16.80188 29.21276 849.10421 0.03440 0.00000000000338218342
85700 16.79855 29.18027 848.28675 0.03440 0.00000000000326139116
85800 16.80217 29.14864 847.49336 0.03439 0.00000000000319744231
85900 16.81506 29.11598 847.24350 0.03437 0.00000000000292388336
86000 16.80592 29.08530 845.33159 0.03441 0.00000000000294875235
86100 16.79930 29.06045 844.44986 0.03441 0.00000000000297362135
86200 16.79881 29.03668 844.45402 0.03439 0.00000000000296651592
86300 16.79803 29.01161 843.56529 0.03439 0.00000000000280664381
86400 16.79631 28.98224 842.55241 0.03440 0.00000000000279243295
86500 16.79333 28.94941 842.00534 0.03438 0.00000000000284572366
86600 16.79039 28.91694 841.46741 0.03436 0.00000000000276045853
86700 16.78264 28.88742 839.88582 0.03439 0.00000000000246558329
86800 16.78237 28.86022 839.49966 0.03438 0.00000000000238387088
86900 16.82742 28.83767 837.84463 0.03442 0.00000000000234834374
87000 16.80808 28.82026 837.18282 0.03443 0.00000000000232347475
87100 16.78878 28.80439 837.68365 0.03439 0.00000000000231636932
87200 16.78097 28.78348 837.75677 0.03436 0.00000000000216004992
87300 16.80812 28.75405 835.62864 0.03441 0.00000000000215294449
87400 16.78889 28.73123 834.25558 0.03444 0.00000000000213162821
87500 16.79620 28.71145 834.63528 0.03440 0.00000000000213873363
87600 16.78538 28.69325 834.22797 0.03439 0.00000000000206057393
87700 16.78536 28.67393 833.78755 0.03439 0.00000000000193978167
87800 16.82179 28.65209 832.72212 0.03441 0.00000000000186162197
87900 16.80265 28.63155 832.24648 0.03440 0.00000000000185806925
88000 16.78355 28.61391 832.12950 0.03439 0.00000000000185806925
88100 16.79300 28.59959 831.01040 0.03442 0.00000000000176214598
88200 16.78474 28.58665 831.57745 0.03438 0.00000000000173017156
88300 16.79639 28.57130 831.52454 0.03436 0.00000000000184385840
88400 16.79523 28.55646 831.48575 0.03434 0.00000000000181543669
88500 16.79173 28.54239 831.19485 0.03434 0.00000000000130739863
88600 16.82437 28.53233 829.92925 0.03438 0.00000000000088817842
88700 16.80540 28.52981 829.70289 0.03439 0.00000000000104805054
88800 16.78964 28.53110 828.77399 0.03443 0.00000000000072830630
88900 16.80161 28.53567 828.21449 0.03445 0.00000000000025224267
89000 16.79025 28.54470 828.32682 0.03446 0.00000000000051159077
89100 16.81350 28.53984 828.03641 0.03447 0.00000000000049027449
89200 16.79465 28.52505 827.72768 0.03446 0.00000000000057198690
89300 16.79191 28.51009 827.41333 0.03446 0.00000000000041566750
89400 16.80766 28.48173 826.44166 0.03446 0.00000000000001065814
89500 16.79407 28.45470 826.04451 0.03445 0.00000000000013145041
89600 16.79893 28.42782 824.58168 0.03448 0.00000000000020250468
89700 16.78127 28.39973 824.15259 0.03446 0.00000000000000000000
89800 16.78346 28.36967 823.39881 0.03445 -0.00000000000031263880
89900 16.78135 28.34235 822.99001 0.03444 -0.00000000000020250468
90000 16.78183 28.31613 821.81611 0.03446 -0.00000000000001065814
90100 16.78484 28.29293 820.73173 0.03447 0.00000000000003197442
90200 16.78676 28.27288 820.00454 0.03448 0.00000000000036592951
90300 16.79876 28.25303 819.81009 0.03446 0.00000000000058975047
90400 16.78784 28.23702 818.93691 0.03448 0.00000000000024868996
90500 16.81426 28.22247 818.63248 0.03448 0.00000000000040856207
90600 16.79570 28.20982 818.38287 0.03447 0.00000000000022026825
90700 16.78858 28.20008 818.21727 0.03447 0.00000000000063593575
90800 16.82879 28.19143 818.08312 0.03446 0.00000000000083133500
90900 16.81028 28.18928 816.83322 0.03451 0.00000000000068212103
91000 16.79180 28.19282 816.53304 0.03453 0.00000000000056488147
91100 16.78829 28.20068 816.35918 0.03454 0.00000000000070699002
91200 16.82836 28.21165 816.79455 0.03454 0.00000000000059685590
91300 16.80992 28.22431 817.53794 0.03452 0.00000000000067146289
91400 16.79153 28.23870 818.59080 0.03450 0.00000000000088817842
91500 16.79016 28.25025 819.56168 0.03447 0.00000000000104805054
91600 16.79198 28.26194 820.01704 0.03447 0.00000000000068212103
91700 16.79435 28.27012 820.37020 0.03446 0.00000000000062172489
91800 16.79671 28.27384 820.85353 0.03444 0.00000000000073185902
91900 16.79570 28.27941 821.13039 0.03444 0.00000000000084554586
92000 16.79382 28.28916 821.01036 0.03446 0.00000000000067856831
92100 16.79806 28.29995 821.95695 0.03443 0.00000000000053290705
92200 16.80385 28.31086 822.64764 0.03441 0.00000000000070343731
92300 16.79615 28.32354 822.87149 0.03442 0.00000000000111555210
92400 16.79638 28.33971 823.19689 0.03443 0.00000000000110844667
92500 16.79604 28.35650 823.79922 0.03442 0.00000000000127542421
92600 16.81176 28.37750 823.48986 0.03446 0.00000000000104094511
92700 16.79726 28.40147 824.55884 0.03444 0.00000000000131450406
92800 16.79513 28.42487 825.35298 0.03444 0.00000000000099831254
92900 16.80088 28.44774 826.38998 0.03442 0.00000000000084199314
93000 16.79625 28.46974 827.40169 0.03441 0.00000000000109423581
93100 16.80432 28.49234 828.17266 0.03440 0.00000000000136424205
93200 16.80274 28.51465 829.71143 0.03437 0.00000000000123989707
93300 16.80494 28.53854 829.74309 0.03439 0.00000000000163424829
93400 16.80759 28.56475 831.13632 0.03437 0.00000000000133582034
93500 16.79864 28.59321 832.07754 0.03436 0.00000000000074251716
93600 16.80252 28.62412 832.05506 0.03440 0.00000000000072120088
93700 16.79971 28.66075 832.45878 0.03443 0.00000000000095567998
93800 16.80980 28.69501 833.31025 0.03443 0.00000000000106581410
93900 16.80960 28.73125 833.70341 0.03446 0.00000000000132516220
94000 16.81888 28.76929 835.18003 0.03445 0.00000000000107647224
94100 16.81069 28.80493 836.58773 0.03443 0.00000000000138200562
94200 16.80253 28.84072 838.51736 0.03439 0.00000000000119726451
94300 16.82595 28.87550 839.64207 0.03439 0.00000000000095212727
94400 16.80812 28.91077 841.04066 0.03438 0.00000000000083133500
94500 16.80333 28.94522 842.67518 0.03435 0.00000000000104805054
94600 16.80629 28.97633 843.43407 0.03436 0.00000000000071764816
94700 16.80767 29.00658 843.90879 0.03437 0.00000000000026290081
94800 16.81847 29.03798 844.67641 0.03438 0.00000000000035171865
94900 16.80605 29.06966 846.23035 0.03435 0.00000000000045119464
95000 16.82008 29.09942 847.46940 0.03434 0.00000000000033040237
95100 16.80813 29.12892 848.96118 0.03431 0.00000000000024513724
95200 16.82456 29.15755 849.64755 0.03432 0.00000000000064304118
95300 16.80690 29.18920 850.42213 0.03432 0.00000000000064304118
95400 16.80800 29.22526 850.54587 0.03436 0.00000000000056843419
95500 16.81205 29.26510 851.81853 0.03436 0.00000000000059330318
95600 16.83757 29.30772 852.91264 0.03436 0.00000000000068212103
95700 16.81998 29.35240 853.80678 0.03438 0.00000000000070343731
95800 16.81094 29.40396 854.38264 0.03442 0.00000000000071409545
95900 16.82892 29.45932 855.32809 0.03444 0.00000000000024513724
96000 16.81139 29.51718 857.12306 0.03444 0.00000000000030908609
96100 16.82734 29.57753 858.21271 0.03446 0.00000000000028421709
96200 16.83549 29.64334 860.23807 0.03446 0.00000000000047606363
96300 16.81800 29.71257 861.84365 0.03448 0.00000000000048672177
96400 16.81361 29.78678 863.07341 0.03451 0.00000000000047251092
96500 16.82963 29.86604 864.96775 0.03453 0.00000000000023092639
96600 16.83292 29.94692 867.94840 0.03450 0.00000000000014921397
96700 16.81551 30.02996 870.21199 0.03451 0.00000000000027000624
96800 16.81360 30.11280 872.99166 0.03449 0.00000000000030908609
96900 16.82221 30.19320 875.17821 0.03450 0.00000000000026645353
97000 16.84246 30.27664 877.45271 0.03451 0.00000000000067146289
97100 16.82512 30.36303 879.81195 0.03451 0.00000000000071764816
97200 16.84548 30.45091 882.74037 0.03450 0.00000000000009947598
97300 16.82816 30.53883 886.19996 0.03446 0.00000000000009592327
97400 16.81852 30.62786 888.63667 0.03447 0.00000000000000000000
97500 16.81943 30.71932 891.14358 0.03447 0.00000000000007105427
97600 16.83142 30.81372 893.20438 0.03450 0.00000000000019539925
97700 16.84154 30.91184 896.70039 0.03447 0.00000000000021316282
97800 16.82432 31.01106 899.69792 0.03447 0.00000000000030198066
97900 16.82268 31.11256 902.22725 0.03448 0.00000000000051159077
98000 16.82075 31.21672 904.56503 0.03451 0.00000000000080291329
98100 16.81889 31.32392 907.52399 0.03452 0.00000000000071764816
98200 16.83357 31.43234 910.24952 0.03453 0.00000000000096278541
98300 16.82248 31.54236 913.55748 0.03453 0.00000000000131095135
98400 16.82302 31.65346 916.62749 0.03453 0.00000000000128252964
98500 16.82156 31.76798 919.52576 0.03455 0.00000000000127187150
98600 16.83920 31.88553 922.50989 0.03456 0.00000000000155964130
98700 16.82214 32.00278 926.56907 0.03454 0.00000000000166267000
98800 16.82238 32.12188 929.59622 0.03455 0.00000000000127897692
98900 16.83240 32.23935 933.12033 0.03455 0.00000000000157740487
99000 16.82718 32.35738 937.20904 0.03453 0.00000000000143529633
99100 16.83340 32.47469 941.00624 0.03451 0.00000000000133582034
99200 16.83233 32.59331 944.84393 0.03450 0.00000000000163424829
99300 16.83031 32.71425 947.64434 0.03452 0.00000000000134292577
99400 16.82855 32.83904 951.10747 0.03453 0.00000000000121502808
99500 16.83717 32.96500 955.15943 0.03451 0.00000000000100186526
99600 16.83376 33.09103 959.49545 0.03449 0.00000000000097344355
99700 16.82772 33.21612 963.52851 0.03447 0.00000000000061817218
99800 16.83354 33.34038 966.41579 0.03450 0.00000000000083844043
99900 16.86601 33.47068 968.91376 0.03454 0.00000000000083133500
100000 16.84915 33.60336 973.16422 0.03453 0.00000000000075317530
