#Arquivo Dados/Coleta60.txt 
#Parâmetros(Ocupação: 60.000%, Capacidade: 588000.000 bps)
#Coleta|Ocupação|E(n)|E(w)|lambda|Little

100 59.46762 1.41601 0.01415 100.10000 0.00000000000592392801
200 59.86027 1.45154 0.01449 100.17500 0.00000000003625988398
300 60.05370 1.47216 0.01472 99.98000 -0.00000000002440381230
400 59.81599 1.46155 0.01466 99.73000 -0.00000000000993294336
500 59.84672 1.46903 0.01472 99.79800 -0.00000000013753975736
600 59.57964 1.45058 0.01459 99.39167 -0.00000000005528710822
700 59.62692 1.44595 0.01453 99.48286 -0.00000000012781153913
800 59.80675 1.45555 0.01459 99.78625 -0.00000000028559310472
900 59.67228 1.44901 0.01454 99.64333 -0.00000000026752511317
1000 59.73124 1.45744 0.01461 99.74300 -0.00000000033644975694
1100 59.80731 1.46171 0.01464 99.83909 -0.00000000055728377468
1200 59.92492 1.46260 0.01463 99.97083 -0.00000000052874127299
1300 59.95226 1.45985 0.01461 99.91769 -0.00000000068665473307
1400 59.94462 1.45704 0.01458 99.92143 -0.00000000054027338159
1500 59.88044 1.45450 0.01456 99.87667 -0.00000000028150548559
1600 59.85369 1.45163 0.01454 99.82937 0.00000000052037640863
1700 59.84703 1.45361 0.01456 99.84059 -0.00000000019866153167
1800 59.95049 1.46007 0.01461 99.95389 0.00000000011580958414
1900 59.97050 1.45904 0.01459 99.97842 0.00000000028773561311
2000 59.95158 1.45887 0.01459 99.96750 -0.00000000018806267654
2100 59.99406 1.46043 0.01460 100.02381 -0.00000000005002798176
2200 60.09019 1.46872 0.01468 100.03864 -0.00000000045764880774
2300 60.11899 1.47271 0.01472 100.05087 -0.00000000137080702345
2400 60.09078 1.47076 0.01471 99.98875 -0.00000000094375218751
2500 60.06429 1.46798 0.01468 99.98360 -0.00000000210136485990
2600 60.05703 1.47044 0.01471 99.99154 -0.00000000280740386494
2700 60.04568 1.46840 0.01469 99.98593 -0.00000000217610285347
2800 60.01419 1.46734 0.01467 99.99821 -0.00000000277870970677
2900 60.02498 1.46764 0.01468 99.99897 -0.00000000123726673351
3000 60.04149 1.46667 0.01466 100.02400 -0.00000000148095224972
3100 60.05066 1.46722 0.01467 100.04161 -0.00000000142385925272
3200 60.04928 1.46647 0.01466 100.03750 -0.00000000321009774318
3300 60.03201 1.46744 0.01467 100.04152 -0.00000000410289624497
3400 60.04711 1.46838 0.01467 100.07206 -0.00000000215967399519
3500 60.05289 1.46720 0.01466 100.05171 -0.00000000401514665960
3600 60.05503 1.46891 0.01468 100.05333 -0.00000000352903928302
3700 60.04370 1.46751 0.01467 100.03649 -0.00000000163799218633
3800 60.07375 1.46957 0.01469 100.05316 -0.00000000181377135533
3900 60.08578 1.46998 0.01469 100.09436 -0.00000000355682505671
4000 60.06915 1.46817 0.01467 100.10650 -0.00000000348773920855
4100 60.05579 1.46862 0.01467 100.07902 -0.00000000348002648920
4200 60.05868 1.46759 0.01467 100.06214 -0.00000000335132899210
4300 60.03394 1.46637 0.01466 100.04279 -0.00000000321192072938
4400 60.01053 1.46515 0.01465 100.02841 -0.00000000420262336043
4500 60.00468 1.46514 0.01465 100.02533 -0.00000000601684146950
4600 60.01408 1.46700 0.01466 100.03522 -0.00000000613558936990
4700 60.01775 1.46743 0.01467 100.00447 -0.00000000509188335940
4800 60.02234 1.46732 0.01467 100.02062 -0.00000000779083331182
4900 59.99392 1.46594 0.01466 99.99633 -0.00000000844359293595
5000 59.98131 1.46427 0.01465 99.98120 -0.00000001000635263537
5100 60.00400 1.46668 0.01467 99.99784 -0.00000000825885382305
5200 60.00863 1.46774 0.01468 100.01231 -0.00000000996414217802
5300 60.00256 1.46846 0.01469 99.99208 -0.00000001066654675697
5400 59.99988 1.46810 0.01468 99.98815 -0.00000001223546419737
5500 59.97570 1.46763 0.01468 99.97018 -0.00000001179054964773
5600 59.96460 1.46662 0.01467 99.97018 -0.00000001106086400249
5700 59.98576 1.46684 0.01467 99.97667 -0.00000001477315225706
5800 59.98365 1.46641 0.01467 99.96345 -0.00000001522249148955
5900 60.01938 1.46886 0.01469 99.99712 -0.00000001382206771261
6000 60.03157 1.46853 0.01468 100.02517 -0.00000001355579026807
6100 60.03615 1.46867 0.01468 100.02951 -0.00000001215326994597
6200 60.01605 1.46777 0.01468 100.01161 -0.00000001103169489092
6300 60.00715 1.46688 0.01467 100.00968 -0.00000000945145295361
6400 59.99397 1.46676 0.01467 99.99125 -0.00000000724702764465
6500 59.98461 1.46629 0.01467 99.97323 -0.00000000561042146074
6600 60.01883 1.46783 0.01468 99.98197 -0.00000000521834930822
6700 60.01877 1.46757 0.01468 99.97522 -0.00000000617869977404
6800 60.02200 1.46768 0.01468 99.99882 -0.00000001177214725701
6900 60.03407 1.46890 0.01469 100.01217 -0.00000001141916117220
7000 60.03745 1.46919 0.01469 100.01871 -0.00000001064573318388
7100 60.05458 1.46967 0.01469 100.02732 -0.00000000841366776250
7200 60.03820 1.46861 0.01468 100.03917 -0.00000000433625002572
7300 60.04351 1.46963 0.01469 100.04425 -0.00000000019763057857
7400 60.05381 1.46986 0.01469 100.06324 0.00000000123064758384
7500 60.05030 1.47023 0.01469 100.06600 0.00000000199588345851
7600 60.05088 1.47119 0.01470 100.07237 -0.00000000193904314827
7700 60.04183 1.47067 0.01470 100.07545 -0.00000000413761802598
7800 60.03551 1.47099 0.01470 100.07859 -0.00000000375406528086
7900 60.03898 1.47122 0.01470 100.08139 -0.00000000572410185917
8000 60.04895 1.47244 0.01471 100.09137 -0.00000000159678936740
8100 60.05759 1.47222 0.01471 100.10593 -0.00000000331019078814
8200 60.06752 1.47325 0.01472 100.11671 0.00000000032858982202
8300 60.06989 1.47315 0.01471 100.12205 -0.00000000197831440119
8400 60.08459 1.47463 0.01473 100.13071 -0.00000000029984348338
8500 60.09501 1.47533 0.01473 100.13447 -0.00000000169918057402
8600 60.08659 1.47472 0.01473 100.11244 -0.00000000220679585716
8700 60.09821 1.47492 0.01473 100.11011 0.00000000067793481939
8800 60.08776 1.47375 0.01472 100.10466 0.00000000321997384312
8900 60.08951 1.47314 0.01472 100.10393 0.00000000421108836690
9000 60.08808 1.47238 0.01471 100.11544 0.00000000649311604484
9100 60.07653 1.47168 0.01470 100.10582 0.00000000465814276041
9200 60.07316 1.47178 0.01470 100.10424 0.00000000314682369051
9300 60.07658 1.47138 0.01470 100.11914 0.00000000329927529741
9400 60.07607 1.47226 0.01470 100.12989 0.00000000293186519507
9500 60.06792 1.47183 0.01470 100.12516 0.00000000109691700168
9600 60.07059 1.47247 0.01471 100.13000 -0.00000000275153100304
9700 60.07387 1.47296 0.01471 100.11938 -0.00000000733497373950
9800 60.06787 1.47263 0.01471 100.11306 -0.00000000173026415418
9900 60.06088 1.47265 0.01471 100.09404 -0.00000000062196692241
10000 60.06327 1.47267 0.01471 100.09550 -0.00000000640960529097
10100 60.06235 1.47274 0.01471 100.09228 0.00000000132687505427
10200 60.06885 1.47357 0.01472 100.10010 0.00000000042668424349
10300 60.06933 1.47396 0.01472 100.10437 -0.00000000051317439187
10400 60.07176 1.47443 0.01473 100.10452 -0.00000000312150372217
10500 60.08063 1.47555 0.01474 100.11657 -0.00000000601488392427
10600 60.08151 1.47493 0.01473 100.11330 -0.00000000881368977801
10700 60.08447 1.47501 0.01473 100.11907 -0.00000000697492108515
10800 60.07647 1.47471 0.01473 100.11806 -0.00000001089289725087
10900 60.07773 1.47486 0.01473 100.12303 -0.00000001054883225216
11000 60.09492 1.47568 0.01474 100.12500 -0.00000001100996027681
11100 60.09645 1.47587 0.01474 100.13604 -0.00000001300104668367
11200 60.08499 1.47512 0.01473 100.12982 -0.00000000847763859113
11300 60.08393 1.47503 0.01473 100.11522 -0.00000000461194238355
11400 60.08457 1.47516 0.01473 100.11395 -0.00000000515834730486
11500 60.07905 1.47457 0.01473 100.10826 -0.00000001140753225215
11600 60.07264 1.47388 0.01473 100.08638 -0.00000001318271580786
11700 60.06447 1.47334 0.01472 100.07778 -0.00000000926105103716
11800 60.06235 1.47340 0.01472 100.06619 -0.00000000683310297234
11900 60.06437 1.47361 0.01473 100.06824 -0.00000001278441597030
12000 60.05765 1.47368 0.01473 100.06808 -0.00000001536430138671
12100 60.05953 1.47403 0.01473 100.06926 -0.00000001494342760644
12200 60.05413 1.47409 0.01473 100.06631 -0.00000001756113610085
12300 60.05782 1.47455 0.01473 100.07252 -0.00000001739129795730
12400 60.05971 1.47380 0.01473 100.07452 -0.00000001488149092843
12500 60.06068 1.47388 0.01473 100.07224 -0.00000001816546313371
12600 60.05592 1.47352 0.01473 100.06786 -0.00000001438468255621
12700 60.05291 1.47338 0.01472 100.06976 -0.00000001431181551048
12800 60.05984 1.47397 0.01473 100.07227 -0.00000001578894193166
12900 60.05867 1.47384 0.01473 100.07178 -0.00000001394770010599
13000 60.06297 1.47420 0.01473 100.07285 -0.00000001659604476067
13100 60.06573 1.47410 0.01473 100.07443 -0.00000001640959412796
13200 60.05747 1.47376 0.01473 100.07220 -0.00000001176552455462
13300 60.05649 1.47394 0.01473 100.06617 -0.00000001002558858154
13400 60.06026 1.47512 0.01474 100.07358 -0.00000000319692095019
13500 60.06897 1.47619 0.01475 100.08556 0.00000000117082188389
13600 60.07213 1.47707 0.01476 100.08404 0.00000000964698565475
13700 60.07312 1.47699 0.01476 100.07847 0.00000002366841989065
13800 60.06651 1.47678 0.01476 100.06775 0.00000002897343498454
13900 60.06103 1.47656 0.01476 100.06734 0.00000002667997489603
14000 60.05523 1.47623 0.01475 100.06843 0.00000003317420071980
14100 60.06207 1.47624 0.01475 100.06546 0.00000003573948514912
14200 60.06613 1.47670 0.01476 100.07127 0.00000004336895620405
14300 60.07050 1.47717 0.01476 100.07399 0.00000004825222199578
14400 60.07782 1.47736 0.01476 100.07847 0.00000004168467748755
14500 60.07825 1.47726 0.01476 100.07766 0.00000003783283020198
14600 60.07721 1.47719 0.01476 100.07582 0.00000004176632173447
14700 60.07203 1.47671 0.01476 100.07537 0.00000005245410283905
14800 60.06637 1.47625 0.01475 100.06980 0.00000004627611871477
14900 60.06291 1.47589 0.01475 100.06919 0.00000005803504032897
15000 60.04955 1.47545 0.01475 100.05953 0.00000006133968599720
15100 60.05433 1.47580 0.01475 100.05669 0.00000006234052762899
15200 60.05643 1.47569 0.01475 100.05467 0.00000006241670313933
15300 60.04658 1.47495 0.01474 100.04320 0.00000007223668818668
15400 60.03758 1.47450 0.01474 100.03494 0.00000006721901102402
15500 60.04683 1.47501 0.01474 100.04303 0.00000006383710182689
15600 60.04536 1.47462 0.01474 100.03968 0.00000006916069072993
15700 60.03807 1.47430 0.01474 100.03478 0.00000007310004912497
15800 60.04030 1.47488 0.01474 100.04203 0.00000006690408516086
15900 60.04576 1.47486 0.01474 100.04082 0.00000006689733456078
16000 60.04592 1.47467 0.01474 100.04188 0.00000007122058320874
16100 60.04720 1.47480 0.01474 100.04335 0.00000006942860708570
16200 60.04330 1.47438 0.01474 100.05198 0.00000005818969817106
16300 60.04220 1.47465 0.01474 100.04890 0.00000006524707263367
16400 60.04802 1.47517 0.01474 100.05591 0.00000006605654268022
16500 60.04500 1.47494 0.01474 100.05091 0.00000006384343276267
16600 60.04944 1.47553 0.01475 100.06253 0.00000007129650936299
16700 60.05093 1.47555 0.01475 100.06527 0.00000006941970709384
16800 60.04284 1.47513 0.01474 100.06548 0.00000007761384535065
16900 60.04897 1.47564 0.01475 100.06568 0.00000007436101623348
17000 60.05086 1.47533 0.01474 100.05994 0.00000007465071183432
17100 60.04843 1.47517 0.01474 100.06058 0.00000007119476075346
17200 60.05290 1.47517 0.01474 100.06279 0.00000006663721729971
17300 60.05193 1.47495 0.01474 100.06353 0.00000006435352206680
17400 60.05087 1.47489 0.01474 100.06040 0.00000007229623566474
17500 60.06101 1.47566 0.01475 100.06851 0.00000008082285862798
17600 60.05798 1.47550 0.01475 100.06193 0.00000007925169986933
17700 60.05469 1.47548 0.01475 100.06379 0.00000007567767945638
17800 60.05142 1.47534 0.01474 100.06022 0.00000007397240797680
17900 60.05102 1.47537 0.01474 100.06050 0.00000007432097648419
18000 60.06010 1.47622 0.01475 100.06439 0.00000006872598845575
18100 60.06592 1.47604 0.01475 100.06464 0.00000005730593288789
18200 60.06346 1.47594 0.01475 100.05995 0.00000005681914205802
18300 60.05192 1.47516 0.01474 100.05978 0.00000005265546243471
18400 60.05574 1.47546 0.01474 100.06913 0.00000005340026287826
18500 60.06154 1.47558 0.01474 100.08222 0.00000005317689022455
18600 60.06576 1.47578 0.01475 100.08634 0.00000005371805933407
18700 60.05659 1.47538 0.01474 100.07888 0.00000006244919026344
18800 60.05703 1.47528 0.01474 100.07676 0.00000008255076999752
18900 60.05707 1.47523 0.01474 100.08005 0.00000007970381199485
19000 60.05102 1.47456 0.01473 100.07616 0.00000007550661385025
19100 60.05459 1.47489 0.01474 100.08372 0.00000007247611533145
19200 60.05627 1.47542 0.01474 100.09167 0.00000007675977831134
19300 60.05516 1.47511 0.01474 100.08694 0.00000008247659266658
19400 60.06030 1.47526 0.01474 100.09644 0.00000008554532215932
19500 60.04875 1.47470 0.01473 100.08918 0.00000009981507220758
19600 60.04602 1.47444 0.01473 100.08546 0.00000010128343541638
19700 60.04559 1.47470 0.01473 100.09030 0.00000009961122215962
19800 60.04220 1.47429 0.01473 100.09131 0.00000010641705805448
19900 60.03197 1.47400 0.01473 100.08427 0.00000010207642420212
20000 60.03911 1.47426 0.01473 100.08470 0.00000009990886296052
20100 60.03663 1.47413 0.01473 100.08299 0.00000010196386956984
20200 60.03580 1.47389 0.01473 100.07198 0.00000009335466666371
20300 60.03393 1.47346 0.01472 100.07034 0.00000008774493687191
20400 60.03819 1.47361 0.01472 100.07892 0.00000007951460179179
20500 60.04591 1.47422 0.01473 100.08429 0.00000006753887227262
20600 60.04160 1.47389 0.01473 100.07990 0.00000006384865725018
20700 60.04515 1.47434 0.01473 100.08169 0.00000005791322799098
20800 60.04555 1.47435 0.01473 100.08250 0.00000006166073429625
20900 60.04481 1.47428 0.01473 100.08206 0.00000006632331928103
21000 60.04916 1.47460 0.01473 100.08376 0.00000007715903072025
21100 60.03996 1.47433 0.01473 100.07573 0.00000006647018424566
21200 60.04418 1.47465 0.01474 100.07675 0.00000005270711445071
21300 60.04431 1.47444 0.01473 100.07484 0.00000004592808844350
21400 60.04778 1.47481 0.01474 100.08107 0.00000004413428644767
21500 60.05140 1.47485 0.01474 100.08447 0.00000004167962686097
21600 60.05769 1.47503 0.01474 100.08972 0.00000004427345312585
21700 60.05869 1.47521 0.01474 100.09157 0.00000004227802730128
21800 60.06138 1.47515 0.01474 100.09087 0.00000004098063133284
21900 60.06190 1.47485 0.01474 100.09132 0.00000003306763773914
22000 60.06292 1.47505 0.01474 100.08805 0.00000003699664907764
22100 60.06736 1.47546 0.01474 100.08679 0.00000003294652950458
22200 60.06318 1.47515 0.01474 100.07959 0.00000003918534696723
22300 60.06662 1.47532 0.01474 100.08126 0.00000003933015535473
22400 60.06227 1.47511 0.01474 100.07469 0.00000004422402155591
22500 60.05598 1.47479 0.01474 100.06573 0.00000005029978988880
22600 60.05225 1.47463 0.01474 100.06177 0.00000004496756078609
22700 60.04896 1.47441 0.01473 100.06401 0.00000004108490769816
22800 60.05143 1.47450 0.01474 100.06399 0.00000003867074838126
22900 60.05481 1.47475 0.01474 100.06323 0.00000002839910040464
23000 60.04915 1.47449 0.01474 100.05770 0.00000002854483382997
23100 60.04738 1.47417 0.01473 100.05628 0.00000001482516109874
23200 60.04151 1.47400 0.01473 100.05409 0.00000001556147433135
23300 60.03609 1.47387 0.01473 100.05240 0.00000002073950011727
23400 60.03539 1.47388 0.01473 100.05218 0.00000001719525388744
23500 60.03864 1.47435 0.01474 100.05421 0.00000002059776238461
23600 60.04407 1.47479 0.01474 100.05758 0.00000002553322420162
23700 60.04696 1.47473 0.01474 100.05713 0.00000002363828199847
23800 60.05118 1.47513 0.01474 100.06664 0.00000002600000792441
23900 60.04634 1.47488 0.01474 100.06100 0.00000003253598501729
24000 60.04223 1.47469 0.01474 100.05654 0.00000003138171522643
24100 60.05279 1.47536 0.01474 100.06506 0.00000003194138020746
24200 60.05208 1.47526 0.01474 100.06450 0.00000002563781609233
24300 60.05142 1.47497 0.01474 100.06329 0.00000002699072743084
24400 60.05189 1.47497 0.01474 100.06275 0.00000003228250000653
24500 60.04647 1.47480 0.01474 100.05751 0.00000003306731422015
24600 60.04675 1.47466 0.01474 100.05423 0.00000003807478643481
24700 60.04215 1.47430 0.01474 100.04753 0.00000004436827483190
24800 60.03669 1.47422 0.01473 100.04919 0.00000003806176951393
24900 60.04197 1.47431 0.01474 100.04916 0.00000004066033554295
25000 60.04503 1.47440 0.01474 100.04884 0.00000003946058924065
25100 60.04929 1.47472 0.01474 100.04733 0.00000004997871050350
25200 60.05219 1.47515 0.01474 100.04806 0.00000005232905020414
25300 60.05783 1.47565 0.01475 100.04953 0.00000004719459112401
25400 60.05943 1.47575 0.01475 100.04961 0.00000005043272888194
25500 60.05839 1.47540 0.01475 100.04545 0.00000004784919682699
25600 60.06133 1.47528 0.01475 100.05012 0.00000005262611968426
25700 60.06257 1.47540 0.01475 100.05362 0.00000005269873937230
25800 60.06002 1.47523 0.01474 100.05500 0.00000004395828878678
25900 60.06052 1.47521 0.01474 100.05317 0.00000004463492064843
26000 60.06124 1.47509 0.01474 100.05223 0.00000002816095312497
26100 60.05979 1.47474 0.01474 100.05456 0.00000002645879915164
26200 60.05555 1.47451 0.01474 100.05385 0.00000002351194106076
26300 60.05324 1.47433 0.01474 100.05072 0.00000004441021372870
26400 60.05210 1.47404 0.01473 100.05083 0.00000004964596000967
26500 60.05264 1.47427 0.01474 100.05109 0.00000004034045364421
26600 60.04948 1.47387 0.01473 100.05083 0.00000004191768510076
26700 60.05450 1.47423 0.01473 100.05483 0.00000005597111329969
26800 60.05559 1.47446 0.01474 100.05795 0.00000004902492856118
26900 60.05363 1.47445 0.01474 100.05955 0.00000003485510879919
27000 60.05321 1.47427 0.01473 100.05804 0.00000003657274638691
27100 60.05325 1.47430 0.01473 100.05801 0.00000004306169731905
27200 60.05680 1.47452 0.01474 100.06349 0.00000005261948499147
27300 60.05608 1.47439 0.01473 100.06414 0.00000005805261094061
27400 60.05297 1.47448 0.01474 100.05923 0.00000005958070037337
27500 60.05522 1.47481 0.01474 100.06116 0.00000005223239840646
27600 60.05500 1.47483 0.01474 100.06239 0.00000004921842755579
27700 60.05619 1.47483 0.01474 100.06181 0.00000004078965676335
27800 60.05598 1.47486 0.01474 100.05655 0.00000003037291484986
27900 60.05542 1.47496 0.01474 100.05387 0.00000003555136385280
28000 60.05821 1.47511 0.01474 100.05232 0.00000003601609943615
28100 60.06154 1.47535 0.01475 100.05559 0.00000004731824398974
28200 60.05825 1.47513 0.01474 100.05220 0.00000003745860932547
28300 60.05700 1.47505 0.01474 100.05102 0.00000002533425602635
28400 60.05882 1.47527 0.01475 100.05123 0.00000001439584407237
28500 60.05711 1.47539 0.01475 100.05249 0.00000002599442905371
28600 60.05412 1.47518 0.01474 100.05000 0.00000003290501537911
28700 60.05697 1.47535 0.01475 100.05220 0.00000002803099996562
28800 60.05623 1.47542 0.01475 100.05590 0.00000003485324273633
28900 60.05700 1.47553 0.01475 100.05772 0.00000001623614687141
29000 60.05686 1.47556 0.01475 100.05583 0.00000002172496693653
29100 60.05583 1.47550 0.01475 100.05440 0.00000001376979508194
29200 60.05386 1.47520 0.01474 100.04894 0.00000000539533795418
29300 60.04925 1.47499 0.01474 100.04747 -0.00000001884548939124
29400 60.04954 1.47511 0.01474 100.04439 -0.00000004107013618082
29500 60.05461 1.47550 0.01475 100.04607 -0.00000004793298624683
29600 60.04986 1.47518 0.01475 100.04196 -0.00000005032139149819
29700 60.05256 1.47534 0.01475 100.04502 -0.00000006429864951585
29800 60.05520 1.47542 0.01475 100.04765 -0.00000005472547481844
29900 60.05682 1.47560 0.01475 100.05344 -0.00000005211439213504
30000 60.05745 1.47550 0.01475 100.05150 -0.00000005431953087331
30100 60.05931 1.47568 0.01475 100.05252 -0.00000005159853144754
30200 60.05377 1.47536 0.01475 100.04983 -0.00000005398518987398
30300 60.05226 1.47516 0.01474 100.04762 -0.00000006024367871227
30400 60.05255 1.47510 0.01474 100.05082 -0.00000006672729169210
30500 60.05590 1.47554 0.01475 100.05370 -0.00000006907568983472
30600 60.05623 1.47559 0.01475 100.05451 -0.00000007568218962639
30700 60.05892 1.47563 0.01475 100.05375 -0.00000008603063639256
30800 60.06334 1.47597 0.01475 100.05666 -0.00000007897948228752
30900 60.06375 1.47601 0.01475 100.05298 -0.00000007944186664055
31000 60.05922 1.47559 0.01475 100.05013 -0.00000007442471194885
31100 60.06304 1.47570 0.01475 100.05489 -0.00000006132026642014
31200 60.05950 1.47558 0.01475 100.04750 -0.00000005026583504986
31300 60.06156 1.47570 0.01475 100.04796 -0.00000005326261365290
31400 60.06476 1.47581 0.01475 100.04889 -0.00000005013101000984
31500 60.06212 1.47562 0.01475 100.04746 -0.00000004332990677369
31600 60.06520 1.47585 0.01475 100.05009 -0.00000005019797466588
31700 60.06232 1.47567 0.01475 100.04678 -0.00000005316234252817
31800 60.06013 1.47567 0.01475 100.04340 -0.00000003660664016358
31900 60.05747 1.47560 0.01475 100.04031 -0.00000003488074296065
32000 60.05641 1.47551 0.01475 100.03691 -0.00000004355262528399
32100 60.05973 1.47552 0.01475 100.03271 -0.00000004800981989739
32200 60.06065 1.47552 0.01475 100.03270 -0.00000004515262186366
32300 60.05853 1.47527 0.01475 100.03093 -0.00000005415150772237
32400 60.05609 1.47514 0.01475 100.03000 -0.00000007156244152817
32500 60.05708 1.47504 0.01475 100.03298 -0.00000006675052310889
32600 60.05768 1.47523 0.01475 100.03445 -0.00000005988717366456
32700 60.05510 1.47507 0.01475 100.02758 -0.00000005013673454179
32800 60.05761 1.47540 0.01475 100.03256 -0.00000005034133776505
32900 60.05832 1.47548 0.01475 100.03368 -0.00000005317874385291
33000 60.05731 1.47534 0.01475 100.03721 -0.00000005854648255088
33100 60.05976 1.47547 0.01475 100.04450 -0.00000006281781494977
33200 60.05835 1.47538 0.01475 100.03870 -0.00000006721155032530
33300 60.06005 1.47563 0.01475 100.04195 -0.00000006738936031425
33400 60.05585 1.47536 0.01475 100.03659 -0.00000006115200168466
33500 60.05473 1.47539 0.01475 100.03770 -0.00000007490543318944
33600 60.05996 1.47572 0.01475 100.04188 -0.00000007095919563049
33700 60.06008 1.47583 0.01475 100.04353 -0.00000006730911628061
33800 60.06296 1.47600 0.01475 100.04260 -0.00000007109075861322
33900 60.06545 1.47619 0.01476 100.04649 -0.00000006587659195922
34000 60.06216 1.47592 0.01475 100.04259 -0.00000007046338090788
34100 60.06134 1.47585 0.01475 100.04261 -0.00000007282878633497
34200 60.06038 1.47602 0.01475 100.04439 -0.00000008415389851635
34300 60.06235 1.47641 0.01476 100.04682 -0.00000007696582149386
34400 60.05860 1.47612 0.01475 100.04401 -0.00000006234951510642
34500 60.05772 1.47598 0.01475 100.04130 -0.00000006338507452242
34600 60.05600 1.47592 0.01475 100.03983 -0.00000005846120409991
34700 60.05740 1.47596 0.01475 100.03890 -0.00000005602038255503
34800 60.05788 1.47596 0.01475 100.04198 -0.00000005742260067443
34900 60.06094 1.47615 0.01476 100.04304 -0.00000006177594036316
35000 60.05971 1.47600 0.01475 100.04286 -0.00000006897476390044
35100 60.05692 1.47578 0.01475 100.03630 -0.00000005708832317985
35200 60.05620 1.47576 0.01475 100.03628 -0.00000005227641697303
35300 60.05301 1.47533 0.01475 100.03414 -0.00000004902460037925
35400 60.04919 1.47504 0.01475 100.03090 -0.00000005248616208320
35500 60.05397 1.47541 0.01475 100.03515 -0.00000005759332033506
35600 60.05735 1.47553 0.01475 100.04107 -0.00000004705104861280
35700 60.05575 1.47546 0.01475 100.04011 -0.00000005281320558659
35800 60.05275 1.47531 0.01475 100.03662 -0.00000004392096952799
35900 60.05064 1.47527 0.01475 100.03891 -0.00000003734330999983
36000 60.05292 1.47561 0.01475 100.04333 -0.00000002942832177943
36100 60.05399 1.47566 0.01475 100.04183 -0.00000002287073797014
36200 60.05109 1.47568 0.01475 100.04033 -0.00000002291754408468
36300 60.04991 1.47561 0.01475 100.04041 -0.00000001418414008469
36400 60.04689 1.47538 0.01475 100.03610 -0.00000000957724588524
36500 60.04855 1.47546 0.01475 100.03499 -0.00000000892497542537
36600 60.04843 1.47549 0.01475 100.03885 -0.00000001259883375404
36700 60.05154 1.47568 0.01475 100.04134 -0.00000001712492903039
36800 60.05044 1.47570 0.01475 100.03769 -0.00000002585136793520
36900 60.05044 1.47598 0.01475 100.03691 -0.00000002381367036897
37000 60.05033 1.47606 0.01476 100.03473 -0.00000003860966146796
37100 60.05113 1.47628 0.01476 100.03429 -0.00000004258798602663
37200 60.04520 1.47598 0.01476 100.02973 -0.00000005931439917006
37300 60.04265 1.47582 0.01475 100.02247 -0.00000007409109747947
37400 60.04560 1.47592 0.01476 100.02350 -0.00000007050458861180
37500 60.04552 1.47593 0.01476 100.02504 -0.00000007442766047916
37600 60.04326 1.47579 0.01475 100.02133 -0.00000007815415936641
37700 60.04351 1.47590 0.01476 100.02369 -0.00000007761997555811
37800 60.04372 1.47582 0.01476 100.02124 -0.00000008503292758810
37900 60.04166 1.47569 0.01475 100.01960 -0.00000009657621213854
38000 60.04127 1.47565 0.01475 100.02071 -0.00000008223013781006
38100 60.04186 1.47575 0.01475 100.02501 -0.00000007218753217408
38200 60.04271 1.47586 0.01475 100.02531 -0.00000006745170177958
38300 60.04165 1.47582 0.01475 100.02397 -0.00000009096396325070
38400 60.04465 1.47597 0.01476 100.02638 -0.00000010429088015407
38500 60.04706 1.47602 0.01476 100.02532 -0.00000010937189287574
38600 60.04429 1.47584 0.01476 100.02324 -0.00000011082273276841
38700 60.04866 1.47610 0.01476 100.02612 -0.00000011168191549338
38800 60.04713 1.47588 0.01476 100.02448 -0.00000012940082672053
38900 60.04604 1.47586 0.01475 100.02710 -0.00000012830168971689
39000 60.04786 1.47608 0.01476 100.03079 -0.00000016107573319601
39100 60.04802 1.47603 0.01476 100.02997 -0.00000015121407148655
39200 60.04535 1.47601 0.01476 100.02732 -0.00000014474522136432
39300 60.04383 1.47583 0.01475 100.02753 -0.00000014185282726231
39400 60.04267 1.47579 0.01475 100.02688 -0.00000015926939034294
39500 60.04040 1.47568 0.01475 100.02706 -0.00000014109439083754
39600 60.04412 1.47586 0.01475 100.03250 -0.00000013938489562548
39700 60.04082 1.47567 0.01475 100.02947 -0.00000015704797684535
39800 60.04307 1.47571 0.01475 100.03236 -0.00000014714776974678
39900 60.04020 1.47558 0.01475 100.02972 -0.00000015594046631762
40000 60.03770 1.47563 0.01475 100.02705 -0.00000015380537998766
40100 60.03470 1.47529 0.01475 100.02090 -0.00000016561481008814
40200 60.03381 1.47521 0.01475 100.01988 -0.00000015805693864834
40300 60.03707 1.47554 0.01475 100.02290 -0.00000013947313082241
40400 60.03816 1.47563 0.01475 100.02448 -0.00000014213973975608
40500 60.03885 1.47575 0.01475 100.02395 -0.00000015349033510859
40600 60.03941 1.47567 0.01475 100.02466 -0.00000014713723350823
40700 60.03768 1.47568 0.01475 100.02577 -0.00000015669537312135
40800 60.03544 1.47557 0.01475 100.02047 -0.00000015222508120694
40900 60.03471 1.47556 0.01475 100.01868 -0.00000016236572775163
41000 60.03793 1.47575 0.01475 100.02049 -0.00000016650135270524
41100 60.03686 1.47577 0.01475 100.01871 -0.00000016467708552348
41200 60.04124 1.47589 0.01476 100.02223 -0.00000015817656873196
41300 60.04458 1.47602 0.01476 100.02521 -0.00000016171567751577
41400 60.04541 1.47612 0.01476 100.02925 -0.00000014790811886378
41500 60.04267 1.47591 0.01476 100.02607 -0.00000013839281520767
41600 60.04100 1.47591 0.01476 100.02197 -0.00000012452984110567
41700 60.04084 1.47572 0.01475 100.02055 -0.00000009146605184362
41800 60.04153 1.47581 0.01475 100.02213 -0.00000009843624737549
41900 60.04192 1.47588 0.01476 100.02401 -0.00000008073391422059
42000 60.04055 1.47598 0.01476 100.02524 -0.00000008573502507936
42100 60.03995 1.47588 0.01475 100.02591 -0.00000008645584625988
42200 60.03967 1.47581 0.01475 100.02557 -0.00000009841504056141
42300 60.03500 1.47553 0.01475 100.01877 -0.00000010533430017112
42400 60.03616 1.47559 0.01475 100.01972 -0.00000010403663530667
42500 60.03935 1.47579 0.01475 100.02320 -0.00000009591048066859
42600 60.04133 1.47600 0.01476 100.02822 -0.00000007846706551184
42700 60.04302 1.47610 0.01476 100.02845 -0.00000006125274265578
42800 60.04436 1.47618 0.01476 100.03072 -0.00000003938436665685
42900 60.04542 1.47633 0.01476 100.03172 -0.00000002980717184187
43000 60.04191 1.47606 0.01476 100.02977 -0.00000003554336669431
43100 60.03929 1.47584 0.01475 100.02696 -0.00000003103122914183
43200 60.03886 1.47588 0.01475 100.02676 -0.00000004200918968245
43300 60.03659 1.47556 0.01475 100.02533 -0.00000005687773829699
43400 60.03735 1.47566 0.01475 100.02643 -0.00000004086100346967
43500 60.03628 1.47551 0.01475 100.02490 -0.00000002443862934243
43600 60.03730 1.47561 0.01475 100.02697 -0.00000003129106951327
43700 60.03757 1.47561 0.01475 100.02602 -0.00000002790109565609
43800 60.03691 1.47561 0.01475 100.02626 -0.00000002678640154130
43900 60.03762 1.47579 0.01475 100.03064 -0.00000001993060250172
44000 60.03981 1.47605 0.01476 100.03366 -0.00000000936030675192
44100 60.04288 1.47626 0.01476 100.03526 -0.00000002359286832565
44200 60.04345 1.47627 0.01476 100.03704 -0.00000003336298770584
44300 60.04471 1.47637 0.01476 100.04063 -0.00000003995911446175
44400 60.04458 1.47636 0.01476 100.04374 -0.00000003744583332299
44500 60.04200 1.47628 0.01476 100.04108 -0.00000002658910580600
44600 60.04045 1.47617 0.01476 100.03778 -0.00000003949199545161
44700 60.04014 1.47614 0.01476 100.03709 -0.00000005104311195936
44800 60.04103 1.47619 0.01476 100.03529 -0.00000005835128824572
44900 60.04149 1.47618 0.01476 100.03408 -0.00000003650675717282
45000 60.04213 1.47624 0.01476 100.03371 -0.00000003483955968164
45100 60.04003 1.47606 0.01476 100.03047 -0.00000003936599579646
45200 60.04079 1.47609 0.01476 100.03146 -0.00000004710541046116
45300 60.04007 1.47611 0.01476 100.02971 -0.00000003778870993898
45400 60.03977 1.47618 0.01476 100.02896 -0.00000002431592216467
45500 60.03898 1.47598 0.01476 100.02686 -0.00000002473537996650
45600 60.03542 1.47575 0.01475 100.02715 -0.00000003658007341478
45700 60.03482 1.47598 0.01476 100.02602 -0.00000001709304453534
45800 60.03253 1.47581 0.01475 100.02417 -0.00000001302503394029
45900 60.03304 1.47578 0.01475 100.02447 -0.00000002117597008855
46000 60.03308 1.47574 0.01475 100.02628 -0.00000001168824126374
46100 60.03192 1.47555 0.01475 100.02484 0.00000001070722221996
46200 60.03335 1.47575 0.01475 100.02853 0.00000001600247845346
46300 60.03347 1.47576 0.01475 100.02585 0.00000000857751603078
46400 60.03348 1.47575 0.01475 100.02532 0.00000001153690343259
46500 60.03189 1.47561 0.01475 100.02432 0.00000003477146148789
46600 60.03294 1.47559 0.01475 100.02650 0.00000002150659428324
46700 60.03293 1.47560 0.01475 100.02788 0.00000003362869449575
46800 60.03370 1.47567 0.01475 100.03156 0.00000002080661154480
46900 60.03464 1.47560 0.01475 100.03316 0.00000002724359005057
47000 60.03438 1.47556 0.01475 100.03204 0.00000005198025210262
47100 60.03707 1.47557 0.01475 100.03484 0.00000006442096966985
47200 60.03786 1.47562 0.01475 100.03790 0.00000007086654663091
47300 60.03782 1.47562 0.01475 100.03725 0.00000006303568933497
47400 60.04005 1.47566 0.01475 100.03854 0.00000005734803476543
47500 60.04067 1.47561 0.01475 100.03775 0.00000005495470634109
47600 60.03885 1.47538 0.01475 100.03929 0.00000003879622845204
47700 60.03776 1.47546 0.01475 100.03704 0.00000004252681606864
47800 60.03730 1.47530 0.01475 100.03826 0.00000004507501638606
47900 60.03554 1.47534 0.01475 100.03576 0.00000005337796271654
48000 60.03866 1.47556 0.01475 100.04040 0.00000005366840749588
48100 60.03735 1.47545 0.01475 100.03992 0.00000004962223254523
48200 60.03501 1.47526 0.01475 100.03712 0.00000004034204081904
48300 60.03223 1.47517 0.01475 100.03714 0.00000002986016367501
48400 60.03582 1.47530 0.01475 100.04165 0.00000002716117619705
48500 60.03545 1.47526 0.01475 100.04254 0.00000003323760355833
48600 60.03692 1.47529 0.01475 100.04212 0.00000004553067656232
48700 60.03765 1.47536 0.01475 100.04314 0.00000003958104022317
48800 60.03803 1.47552 0.01475 100.04184 0.00000003250489699624
48900 60.03719 1.47547 0.01475 100.03957 0.00000003159956252219
49000 60.03599 1.47534 0.01475 100.04059 0.00000002101649543285
49100 60.03537 1.47529 0.01475 100.03835 0.00000000392278831640
49200 60.03603 1.47533 0.01475 100.04303 0.00000001787126180375
49300 60.03642 1.47526 0.01475 100.04503 0.00000003794018366143
49400 60.03554 1.47525 0.01475 100.04500 0.00000003658115055316
49500 60.03357 1.47515 0.01475 100.04240 0.00000003926718306069
49600 60.03437 1.47526 0.01475 100.04254 0.00000002557018197180
49700 60.03463 1.47521 0.01475 100.04252 0.00000003129144343639
49800 60.03476 1.47519 0.01475 100.04040 0.00000002056466796851
49900 60.03438 1.47520 0.01475 100.04321 0.00000002863289516597
50000 60.03618 1.47523 0.01475 100.04458 0.00000003342306875709
50100 60.03759 1.47526 0.01475 100.04437 0.00000002823249056760
50200 60.03767 1.47516 0.01474 100.04518 0.00000001102552182886
50300 60.03737 1.47509 0.01474 100.04666 0.00000000729648408360
50400 60.03860 1.47534 0.01475 100.04829 0.00000001279352579431
50500 60.03936 1.47535 0.01475 100.04671 0.00000001195647825192
50600 60.03978 1.47527 0.01475 100.05008 0.00000002555089184675
50700 60.04050 1.47524 0.01474 100.05300 0.00000003104574708424
50800 60.04137 1.47531 0.01475 100.05217 0.00000003239685320011
50900 60.04145 1.47535 0.01475 100.05177 0.00000004392231556238
51000 60.04353 1.47548 0.01475 100.05443 0.00000006473081182179
51100 60.04173 1.47547 0.01475 100.05350 0.00000007262520984597
51200 60.04412 1.47557 0.01475 100.05508 0.00000006156250176304
51300 60.04400 1.47553 0.01475 100.05497 0.00000005449466233820
51400 60.04587 1.47567 0.01475 100.05768 0.00000006501112581603
51500 60.04355 1.47554 0.01475 100.05474 0.00000006069867763969
51600 60.04435 1.47551 0.01475 100.05492 0.00000004702894829123
51700 60.04323 1.47549 0.01475 100.05474 0.00000004711917100941
51800 60.04118 1.47551 0.01475 100.05183 0.00000003693775085800
51900 60.04193 1.47546 0.01475 100.05329 0.00000004315124901844
52000 60.04294 1.47541 0.01475 100.05281 0.00000003748402654935
52100 60.04263 1.47533 0.01475 100.05179 0.00000004679549214792
52200 60.04079 1.47523 0.01474 100.04971 0.00000002420115752244
52300 60.04158 1.47535 0.01475 100.04954 0.00000002508257646028
52400 60.04272 1.47537 0.01475 100.05090 0.00000001112179548457
52500 60.04170 1.47531 0.01475 100.05263 0.00000002941545740320
52600 60.04060 1.47530 0.01475 100.05226 0.00000005072014919172
52700 60.04308 1.47533 0.01474 100.05721 0.00000001431956997422
52800 60.04318 1.47544 0.01475 100.05833 -0.00000000286709167518
52900 60.04419 1.47540 0.01474 100.06246 0.00000002338636462262
53000 60.04136 1.47514 0.01474 100.05966 0.00000005867319363695
53100 60.04176 1.47512 0.01474 100.06019 0.00000004172703604866
53200 60.03754 1.47496 0.01474 100.05774 0.00000003924707447922
53300 60.03433 1.47472 0.01474 100.05538 0.00000004565108469023
53400 60.03445 1.47467 0.01474 100.05785 0.00000004714474233225
53500 60.03684 1.47468 0.01474 100.06037 0.00000003120319669314
53600 60.03628 1.47466 0.01474 100.06172 0.00000005716317796889
53700 60.03459 1.47462 0.01474 100.05974 0.00000006822799814010
53800 60.03223 1.47441 0.01474 100.05714 0.00000007423707870657
53900 60.03187 1.47439 0.01474 100.05354 0.00000007749304242743
54000 60.03276 1.47433 0.01474 100.05381 0.00000008928910766315
54100 60.03432 1.47446 0.01474 100.05671 0.00000007535984991591
54200 60.03557 1.47453 0.01474 100.05913 0.00000006909721084192
54300 60.03557 1.47459 0.01474 100.05961 0.00000010098597913455
54400 60.03476 1.47454 0.01474 100.05809 0.00000010048958531961
54500 60.03395 1.47444 0.01474 100.05857 0.00000008944533425037
54600 60.03298 1.47456 0.01474 100.05738 0.00000009469813067042
54700 60.03177 1.47459 0.01474 100.05444 0.00000009010314983016
54800 60.03312 1.47462 0.01474 100.05454 0.00000010271710415566
54900 60.03653 1.47482 0.01474 100.05698 0.00000011444417968853
55000 60.03639 1.47484 0.01474 100.05687 0.00000015567963962404
55100 60.03643 1.47486 0.01474 100.05871 0.00000015100406902668
55200 60.03835 1.47509 0.01474 100.05940 0.00000020086268648356
55300 60.04039 1.47527 0.01474 100.05993 0.00000019259675010375
55400 60.04065 1.47533 0.01474 100.05962 0.00000020394177435712
55500 60.03995 1.47524 0.01474 100.05921 0.00000024618232075113
55600 60.04049 1.47522 0.01474 100.05910 0.00000025643895895655
55700 60.04390 1.47556 0.01475 100.06167 0.00000024128293474313
55800 60.04549 1.47564 0.01475 100.06355 0.00000020519254517737
55900 60.04457 1.47553 0.01475 100.06313 0.00000020523499255631
56000 60.04675 1.47554 0.01475 100.06298 0.00000020527224187106
56100 60.04485 1.47549 0.01475 100.06043 0.00000023219372402572
56200 60.04554 1.47557 0.01475 100.06201 0.00000025777811707428
56300 60.04606 1.47563 0.01475 100.06348 0.00000025856817686964
56400 60.04634 1.47565 0.01475 100.06363 0.00000024157790878832
56500 60.04301 1.47550 0.01475 100.05972 0.00000027034400851278
56600 60.04178 1.47541 0.01475 100.05767 0.00000029209469820657
56700 60.03967 1.47525 0.01474 100.05490 0.00000028131289009359
56800 60.03854 1.47522 0.01474 100.05188 0.00000027349755749029
56900 60.03841 1.47520 0.01474 100.05501 0.00000028519219985590
57000 60.03804 1.47512 0.01474 100.05516 0.00000029251783861817
57100 60.04103 1.47533 0.01474 100.05888 0.00000028667289742046
57200 60.04336 1.47540 0.01475 100.06086 0.00000031658376320465
57300 60.04020 1.47529 0.01474 100.05740 0.00000034109795254977
57400 60.03969 1.47527 0.01474 100.05634 0.00000032074646938440
57500 60.04072 1.47534 0.01474 100.05847 0.00000032615116629664
57600 60.04119 1.47547 0.01475 100.05884 0.00000032988126852374
57700 60.03835 1.47531 0.01475 100.05484 0.00000034150262173682
57800 60.03874 1.47531 0.01474 100.05754 0.00000031248144538587
57900 60.03898 1.47534 0.01474 100.05718 0.00000032765474355934
58000 60.04120 1.47544 0.01475 100.06012 0.00000032271220806734
58100 60.04237 1.47553 0.01475 100.06017 0.00000030033172504496
58200 60.04144 1.47549 0.01475 100.06007 0.00000028809858743095
58300 60.04013 1.47537 0.01475 100.05899 0.00000028906982008081
58400 60.04262 1.47548 0.01475 100.06005 0.00000028126290008146
58500 60.04245 1.47544 0.01475 100.05899 0.00000028034510357600
58600 60.04023 1.47536 0.01475 100.05792 0.00000028827056053338
58700 60.04031 1.47535 0.01475 100.05695 0.00000030552565610797
58800 60.04228 1.47542 0.01475 100.05728 0.00000034659686476424
58900 60.04286 1.47537 0.01475 100.05740 0.00000033551950684441
59000 60.04522 1.47558 0.01475 100.05873 0.00000034614791633025
59100 60.04456 1.47552 0.01475 100.05892 0.00000039094987025479
59200 60.04450 1.47548 0.01475 100.06194 0.00000040415946123140
59300 60.04632 1.47557 0.01475 100.06470 0.00000038215785802542
59400 60.04421 1.47541 0.01474 100.06306 0.00000036445253548401
59500 60.04238 1.47524 0.01474 100.05963 0.00000034562688888684
59600 60.03903 1.47506 0.01474 100.05634 0.00000033056173998069
59700 60.03664 1.47495 0.01474 100.05459 0.00000034490552702771
59800 60.03594 1.47492 0.01474 100.05482 0.00000034880019517125
59900 60.03230 1.47465 0.01474 100.05175 0.00000034686262262440
60000 60.03433 1.47477 0.01474 100.05510 0.00000036641810585714
60100 60.03463 1.47480 0.01474 100.05581 0.00000034309607066518
60200 60.03283 1.47474 0.01474 100.05578 0.00000033464312143572
60300 60.03211 1.47471 0.01474 100.05567 0.00000035148949417696
60400 60.03176 1.47472 0.01474 100.05454 0.00000033853172576315
60500 60.03169 1.47485 0.01474 100.05572 0.00000034972412032985
60600 60.03454 1.47502 0.01474 100.06005 0.00000036493576205388
60700 60.03346 1.47502 0.01474 100.05932 0.00000033211513583709
60800 60.03471 1.47516 0.01474 100.06285 0.00000034174050211888
60900 60.03597 1.47521 0.01474 100.06468 0.00000033110204533671
61000 60.03611 1.47526 0.01474 100.06370 0.00000034616952393485
61100 60.03579 1.47519 0.01474 100.06300 0.00000034262300685484
61200 60.03634 1.47513 0.01474 100.06544 0.00000030634363934468
61300 60.03616 1.47504 0.01474 100.06509 0.00000028895432313547
61400 60.03586 1.47504 0.01474 100.06510 0.00000033062303450571
61500 60.03420 1.47499 0.01474 100.06382 0.00000031619522822268
61600 60.03483 1.47499 0.01474 100.06343 0.00000032657017645654
61700 60.03556 1.47500 0.01474 100.06096 0.00000031179625770150
61800 60.03455 1.47498 0.01474 100.05903 0.00000029828830516720
61900 60.03457 1.47500 0.01474 100.05859 0.00000030843686316118
62000 60.03231 1.47488 0.01474 100.05660 0.00000029933938217042
62100 60.03050 1.47478 0.01474 100.05388 0.00000028192424839091
62200 60.02952 1.47481 0.01474 100.05405 0.00000027564027660354
62300 60.02906 1.47463 0.01474 100.05413 0.00000025366510936209
62400 60.02745 1.47448 0.01474 100.05386 0.00000024890089256324
62500 60.03064 1.47470 0.01474 100.05510 0.00000024289339273231
62600 60.02920 1.47459 0.01474 100.05358 0.00000027651014966601
62700 60.03027 1.47470 0.01474 100.05400 0.00000029708684312624
62800 60.02951 1.47464 0.01474 100.05290 0.00000033210064742661
62900 60.02782 1.47461 0.01474 100.05134 0.00000033556733725071
63000 60.02974 1.47472 0.01474 100.05294 0.00000033011518962844
63100 60.02954 1.47466 0.01474 100.05352 0.00000033451554282138
63200 60.02888 1.47465 0.01474 100.05133 0.00000034291869033254
63300 60.03128 1.47482 0.01474 100.05385 0.00000034329938847222
63400 60.03147 1.47493 0.01474 100.05524 0.00000033306069280314
63500 60.03250 1.47506 0.01474 100.05572 0.00000029619601549236
63600 60.03186 1.47503 0.01474 100.05368 0.00000027297652138714
63700 60.03183 1.47521 0.01474 100.05218 0.00000027369629607144
63800 60.03281 1.47519 0.01474 100.05403 0.00000025204823028702
63900 60.03145 1.47515 0.01474 100.05394 0.00000022891490503163
64000 60.02964 1.47500 0.01474 100.05164 0.00000025240354095679
64100 60.03175 1.47505 0.01474 100.05069 0.00000023840191176738
64200 60.03404 1.47513 0.01474 100.05218 0.00000022851648906475
64300 60.03554 1.47531 0.01474 100.05557 0.00000022766166174470
64400 60.03695 1.47539 0.01475 100.05632 0.00000022567098967308
64500 60.03687 1.47531 0.01474 100.05764 0.00000023092912759815
64600 60.03946 1.47548 0.01475 100.06068 0.00000024167331913461
64700 60.03861 1.47542 0.01475 100.06045 0.00000023496857193273
64800 60.03520 1.47523 0.01474 100.05744 0.00000023110785285496
64900 60.03300 1.47512 0.01474 100.05624 0.00000021078144007980
65000 60.03110 1.47499 0.01474 100.05592 0.00000023774265023313
65100 60.03192 1.47515 0.01474 100.05756 0.00000024350738692114
65200 60.03080 1.47500 0.01474 100.05482 0.00000025853684304522
65300 60.03078 1.47515 0.01474 100.05342 0.00000025548725202107
65400 60.03149 1.47517 0.01474 100.05382 0.00000022067669380732
65500 60.02819 1.47492 0.01474 100.04992 0.00000020138494605249
65600 60.02727 1.47478 0.01474 100.04925 0.00000019695116337815
65700 60.02547 1.47476 0.01474 100.04842 0.00000021497799962411
65800 60.02589 1.47476 0.01474 100.04599 0.00000024271734422321
65900 60.02550 1.47468 0.01474 100.04598 0.00000023576581753559
66000 60.02230 1.47446 0.01474 100.04494 0.00000021447183073953
66100 60.02219 1.47450 0.01474 100.04250 0.00000018756142972087
66200 60.02091 1.47442 0.01474 100.04218 0.00000019138269014007
66300 60.02097 1.47440 0.01474 100.04234 0.00000017863125867379
66400 60.01930 1.47429 0.01474 100.04367 0.00000018486753217140
66500 60.01809 1.47421 0.01474 100.04320 0.00000016905238631182
66600 60.01903 1.47421 0.01474 100.04311 0.00000015880999759688
66700 60.01841 1.47413 0.01474 100.04066 0.00000014310094198500
66800 60.01607 1.47400 0.01473 100.03738 0.00000014474372123097
66900 60.01499 1.47397 0.01473 100.03667 0.00000011894384988054
67000 60.01347 1.47390 0.01473 100.03606 0.00000013158635958632
67100 60.01245 1.47390 0.01473 100.03636 0.00000014256177283123
67200 60.01387 1.47392 0.01473 100.03719 0.00000013616554417339
67300 60.01485 1.47403 0.01473 100.03847 0.00000014382424584625
67400 60.01348 1.47402 0.01473 100.03850 0.00000014220621946670
67500 60.01538 1.47401 0.01473 100.03982 0.00000014948517779168
67600 60.01751 1.47416 0.01474 100.04268 0.00000016413495251832
67700 60.01718 1.47414 0.01474 100.04134 0.00000018635534870803
67800 60.01573 1.47414 0.01474 100.03972 0.00000017017843778611
67900 60.01528 1.47415 0.01474 100.03971 0.00000016205745301257
68000 60.01676 1.47429 0.01474 100.04121 0.00000018588248940077
68100 60.01496 1.47405 0.01473 100.03880 0.00000016718125350756
68200 60.01505 1.47411 0.01474 100.03987 0.00000016498438681900
68300 60.01459 1.47408 0.01474 100.03712 0.00000014198754971773
68400 60.01342 1.47397 0.01473 100.03706 0.00000015713160173014
68500 60.01471 1.47400 0.01473 100.03661 0.00000016232549060469
68600 60.01390 1.47394 0.01473 100.03560 0.00000015933529784462
68700 60.01439 1.47398 0.01473 100.03555 0.00000014318482732811
68800 60.01215 1.47385 0.01473 100.03228 0.00000016128637625457
68900 60.01221 1.47384 0.01473 100.03295 0.00000016928122570370
69000 60.01337 1.47399 0.01474 100.03328 0.00000018569889470577
69100 60.01124 1.47399 0.01474 100.03156 0.00000016940262193010
69200 60.00993 1.47393 0.01473 100.03006 0.00000014327368247358
69300 60.01020 1.47390 0.01473 100.03065 0.00000013340747884172
69400 60.01242 1.47399 0.01474 100.03210 0.00000012966676754544
69500 60.01308 1.47402 0.01474 100.03298 0.00000013365428985779
69600 60.01493 1.47413 0.01474 100.03279 0.00000017461475732006
69700 60.01492 1.47413 0.01474 100.03181 0.00000015263877362059
69800 60.01431 1.47412 0.01474 100.02951 0.00000017955230791067
69900 60.01446 1.47410 0.01474 100.03086 0.00000016409779313165
70000 60.01620 1.47414 0.01474 100.03089 0.00000017702918242435
70100 60.01721 1.47424 0.01474 100.03113 0.00000016081753484443
70200 60.01620 1.47411 0.01474 100.03047 0.00000014535958570150
70300 60.01631 1.47413 0.01474 100.02902 0.00000014118897295745
70400 60.01904 1.47434 0.01474 100.03047 0.00000013452946823200
70500 60.02006 1.47449 0.01474 100.03204 0.00000012314149100412
70600 60.02272 1.47470 0.01474 100.03511 0.00000017889209780186
70700 60.02253 1.47467 0.01474 100.03433 0.00000018598302475858
70800 60.02309 1.47470 0.01474 100.03621 0.00000019018578778507
70900 60.02242 1.47464 0.01474 100.03746 0.00000019213308655175
71000 60.02118 1.47459 0.01474 100.03776 0.00000018252333644497
71100 60.02261 1.47463 0.01474 100.03935 0.00000019859610222994
71200 60.02370 1.47473 0.01474 100.04128 0.00000021338864653053
71300 60.02196 1.47464 0.01474 100.04017 0.00000021515576231756
71400 60.02165 1.47469 0.01474 100.04080 0.00000020310414794444
71500 60.02099 1.47465 0.01474 100.04042 0.00000019397936235066
71600 60.02137 1.47472 0.01474 100.03902 0.00000017602814694762
71700 60.02329 1.47480 0.01474 100.04141 0.00000018413712776777
71800 60.02352 1.47476 0.01474 100.04219 0.00000018074504026799
71900 60.02391 1.47481 0.01474 100.04288 0.00000017315850842081
72000 60.02312 1.47483 0.01474 100.04343 0.00000016120974088984
72100 60.02244 1.47476 0.01474 100.04297 0.00000017331967461232
72200 60.02139 1.47467 0.01474 100.04096 0.00000019090414427048
72300 60.02006 1.47456 0.01474 100.03964 0.00000016391402257732
72400 60.01787 1.47447 0.01474 100.03838 0.00000013619913952212
72500 60.01625 1.47439 0.01474 100.03850 0.00000010971699793139
72600 60.01683 1.47449 0.01474 100.04029 0.00000012656951220436
72700 60.01664 1.47451 0.01474 100.04132 0.00000012175933017389
72800 60.01808 1.47457 0.01474 100.04155 0.00000010192327870584
72900 60.01796 1.47449 0.01474 100.04121 0.00000008404662721340
73000 60.01844 1.47455 0.01474 100.04095 0.00000008975252852039
73100 60.01760 1.47453 0.01474 100.04079 0.00000006949494446573
73200 60.01789 1.47467 0.01474 100.04123 0.00000008226315917348
73300 60.01914 1.47478 0.01474 100.04267 0.00000006503071148245
73400 60.01893 1.47472 0.01474 100.04229 0.00000007159338255569
73500 60.01944 1.47468 0.01474 100.04090 0.00000004781929252573
73600 60.02063 1.47472 0.01474 100.04086 0.00000003459591457755
73700 60.02028 1.47466 0.01474 100.04028 0.00000003570444362389
73800 60.01946 1.47465 0.01474 100.03957 0.00000001902378854446
73900 60.01780 1.47471 0.01474 100.03823 0.00000002707510482480
74000 60.01708 1.47467 0.01474 100.03857 0.00000004519251217694
74100 60.01649 1.47470 0.01474 100.03822 0.00000002848247171450
74200 60.01627 1.47472 0.01474 100.03868 0.00000002287205824736
74300 60.01634 1.47481 0.01474 100.03629 -0.00000000756991935802
74400 60.01613 1.47482 0.01474 100.03653 0.00000002878463067901
74500 60.01668 1.47485 0.01474 100.03654 0.00000006741758018514
74600 60.01744 1.47488 0.01474 100.03761 0.00000008735423251416
74700 60.01731 1.47486 0.01474 100.03748 0.00000009905384446007
74800 60.01665 1.47479 0.01474 100.03755 0.00000008720973254661
74900 60.01492 1.47469 0.01474 100.03673 0.00000010476978551388
75000 60.01509 1.47491 0.01474 100.03800 0.00000010083312451670
75100 60.01605 1.47495 0.01474 100.03794 0.00000008711925558735
75200 60.01620 1.47490 0.01474 100.03638 0.00000010575992126505
75300 60.01692 1.47491 0.01474 100.03741 0.00000007519945199874
75400 60.01678 1.47494 0.01474 100.03752 0.00000001719091491381
75500 60.01580 1.47486 0.01474 100.03661 0.00000007374724209086
75600 60.01725 1.47494 0.01474 100.03724 0.00000010371500014372
75700 60.01643 1.47483 0.01474 100.03774 0.00000013140761478958
75800 60.01632 1.47482 0.01474 100.03836 0.00000015306888978550
75900 60.01644 1.47478 0.01474 100.03935 0.00000014850694629587
76000 60.01666 1.47485 0.01474 100.04170 0.00000012782506964015
76100 60.01541 1.47474 0.01474 100.03922 0.00000013147411914716
76200 60.01631 1.47480 0.01474 100.03999 0.00000019136851592272
76300 60.01636 1.47488 0.01474 100.03806 0.00000024576071799842
76400 60.01573 1.47486 0.01474 100.03670 0.00000022082029182968
76500 60.01531 1.47491 0.01474 100.03637 0.00000025529506064714
76600 60.01438 1.47477 0.01474 100.03589 0.00000027458948648196
76700 60.01368 1.47469 0.01474 100.03331 0.00000033671423871340
76800 60.01332 1.47469 0.01474 100.03281 0.00000030937956463362
76900 60.01274 1.47464 0.01474 100.02984 0.00000034457091646622
77000 60.01092 1.47456 0.01474 100.02851 0.00000035108816387464
77100 60.01185 1.47457 0.01474 100.02850 0.00000035152666333360
77200 60.01149 1.47459 0.01474 100.02863 0.00000033548411582096
77300 60.01118 1.47459 0.01474 100.02715 0.00000037833972887924
77400 60.01185 1.47461 0.01474 100.02755 0.00000034061192133450
77500 60.01211 1.47457 0.01474 100.02683 0.00000032879239664219
77600 60.01126 1.47454 0.01474 100.02758 0.00000031948904166690
77700 60.01094 1.47446 0.01474 100.02660 0.00000033817283795479
77800 60.01034 1.47439 0.01474 100.02560 0.00000028164547427600
77900 60.01018 1.47443 0.01474 100.02675 0.00000028094152648706
78000 60.01066 1.47447 0.01474 100.02636 0.00000029694675163228
78100 60.00958 1.47439 0.01474 100.02387 0.00000025869702913184
78200 60.00754 1.47426 0.01474 100.02299 0.00000024197825654326
78300 60.00647 1.47414 0.01474 100.02275 0.00000023982978158976
78400 60.00751 1.47420 0.01474 100.02263 0.00000022372310315433
78500 60.00882 1.47423 0.01474 100.02306 0.00000024146797317215
78600 60.00896 1.47426 0.01474 100.02190 0.00000026407727227173
78700 60.00961 1.47434 0.01474 100.02310 0.00000025331569108999
78800 60.00967 1.47437 0.01474 100.02466 0.00000024781818419584
78900 60.00897 1.47436 0.01474 100.02368 0.00000021784611137221
79000 60.00866 1.47437 0.01474 100.02290 0.00000017761467896449
79100 60.00715 1.47422 0.01474 100.02071 0.00000017001580610021
79200 60.00658 1.47416 0.01474 100.02098 0.00000015369277028832
79300 60.00681 1.47419 0.01474 100.02112 0.00000018928522949047
79400 60.00693 1.47417 0.01474 100.02101 0.00000020026421498898
79500 60.00894 1.47424 0.01474 100.02224 0.00000017635844673514
79600 60.00844 1.47420 0.01474 100.02131 0.00000021037124287027
79700 60.00895 1.47419 0.01474 100.02120 0.00000023673649263145
79800 60.00663 1.47406 0.01474 100.01724 0.00000025532983460863
79900 60.00488 1.47394 0.01474 100.01742 0.00000024668333864497
80000 60.00555 1.47397 0.01474 100.01676 0.00000024526952091541
80100 60.00509 1.47395 0.01474 100.01523 0.00000030038748177752
80200 60.00592 1.47393 0.01474 100.01479 0.00000031809912837133
80300 60.00628 1.47402 0.01474 100.01372 0.00000032379949654882
80400 60.00592 1.47397 0.01474 100.01418 0.00000029933422984740
80500 60.00443 1.47387 0.01474 100.01245 0.00000028592654488513
80600 60.00448 1.47387 0.01474 100.01275 0.00000027616390219087
80700 60.00610 1.47394 0.01474 100.01420 0.00000033989656778033
80800 60.00558 1.47389 0.01474 100.01213 0.00000035354634220219
80900 60.00726 1.47396 0.01474 100.01363 0.00000037527967666762
81000 60.00668 1.47393 0.01474 100.01285 0.00000034143767169148
81100 60.00633 1.47399 0.01474 100.01295 0.00000035797405018023
81200 60.00662 1.47400 0.01474 100.01266 0.00000036828257554689
81300 60.00546 1.47399 0.01474 100.01097 0.00000034077980193281
81400 60.00729 1.47401 0.01474 100.01419 0.00000035731732928035
81500 60.00679 1.47396 0.01474 100.01533 0.00000032608159483694
81600 60.00794 1.47407 0.01474 100.01659 0.00000033472899207965
81700 60.00803 1.47411 0.01474 100.01583 0.00000030743520262888
81800 60.00812 1.47418 0.01474 100.01705 0.00000032060671983913
81900 60.00917 1.47435 0.01474 100.01739 0.00000029919016397706
82000 60.00810 1.47429 0.01474 100.01772 0.00000026058757063296
82100 60.00726 1.47421 0.01474 100.01592 0.00000029005292701001
82200 60.00521 1.47411 0.01474 100.01457 0.00000028638186266861
82300 60.00460 1.47402 0.01474 100.01496 0.00000034947225735493
82400 60.00351 1.47395 0.01474 100.01374 0.00000039233507798109
82500 60.00347 1.47392 0.01474 100.01451 0.00000038130912249912
82600 60.00314 1.47384 0.01474 100.01498 0.00000038624721132585
82700 60.00203 1.47373 0.01474 100.01393 0.00000034068338972126
82800 60.00225 1.47377 0.01474 100.01498 0.00000038063462182159
82900 60.00102 1.47374 0.01474 100.01339 0.00000036100684375207
83000 60.00109 1.47373 0.01474 100.01249 0.00000034281295890892
83100 60.00013 1.47365 0.01473 100.01112 0.00000036264836378308
83200 60.00099 1.47368 0.01474 100.01001 0.00000035168245182682
83300 60.00050 1.47360 0.01473 100.01014 0.00000036577907636115
83400 60.00160 1.47358 0.01473 100.01119 0.00000034270120385926
83500 60.00080 1.47348 0.01473 100.01071 0.00000032794034754424
83600 60.00035 1.47339 0.01473 100.01000 0.00000034839141704879
83700 59.99969 1.47336 0.01473 100.00811 0.00000035504441653345
83800 60.00314 1.47373 0.01474 100.01024 0.00000036386427693103
83900 60.00315 1.47376 0.01474 100.01054 0.00000040302859760644
84000 60.00194 1.47363 0.01473 100.00995 0.00000040681382396102
84100 60.00310 1.47376 0.01474 100.01136 0.00000040313692850624
84200 60.00249 1.47374 0.01474 100.00900 0.00000041591214183789
84300 60.00113 1.47368 0.01474 100.00750 0.00000042494922802838
84400 60.00291 1.47376 0.01474 100.00852 0.00000039210949820401
84500 60.00213 1.47381 0.01474 100.00846 0.00000038652294453989
84600 60.00281 1.47381 0.01474 100.00877 0.00000042396636157349
84700 60.00226 1.47372 0.01474 100.00789 0.00000047755719023712
84800 60.00222 1.47373 0.01474 100.00801 0.00000046269198983317
84900 60.00078 1.47365 0.01474 100.00683 0.00000043841973296210
85000 60.00045 1.47360 0.01474 100.00666 0.00000039545758157011
85100 60.00093 1.47357 0.01473 100.00793 0.00000039356554659697
85200 59.99914 1.47346 0.01473 100.00609 0.00000044304888291435
85300 59.99813 1.47351 0.01473 100.00566 0.00000045286979233339
85400 59.99765 1.47352 0.01473 100.00523 0.00000047319597529238
85500 59.99961 1.47369 0.01474 100.00768 0.00000045798310877032
85600 59.99984 1.47367 0.01474 100.00790 0.00000046223453620264
85700 60.00060 1.47366 0.01474 100.00800 0.00000041677765527659
85800 59.99990 1.47363 0.01474 100.00745 0.00000042361555308013
85900 59.99932 1.47360 0.01473 100.00807 0.00000039149549069251
86000 59.99977 1.47354 0.01473 100.00783 0.00000042399825028738
86100 59.99935 1.47347 0.01473 100.00523 0.00000040525683808745
86200 59.99944 1.47350 0.01473 100.00469 0.00000036205344100537
86300 60.00048 1.47359 0.01474 100.00608 0.00000039133188822760
86400 59.99845 1.47346 0.01473 100.00468 0.00000032597087185060
86500 59.99839 1.47338 0.01473 100.00382 0.00000033947357391817
86600 59.99888 1.47343 0.01473 100.00415 0.00000040237246623498
86700 59.99762 1.47337 0.01473 100.00377 0.00000040174072069021
86800 59.99803 1.47345 0.01473 100.00409 0.00000040813099322357
86900 59.99786 1.47346 0.01473 100.00445 0.00000041526498772981
87000 59.99750 1.47334 0.01473 100.00397 0.00000042766525121252
87100 59.99612 1.47323 0.01473 100.00416 0.00000041821069030057
87200 59.99631 1.47328 0.01473 100.00469 0.00000040810688051174
87300 59.99530 1.47328 0.01473 100.00393 0.00000042171727576701
87400 59.99507 1.47331 0.01473 100.00374 0.00000044472474391988
87500 59.99483 1.47331 0.01473 100.00261 0.00000043997825671660
87600 59.99556 1.47335 0.01473 100.00314 0.00000045274327775680
87700 59.99521 1.47333 0.01473 100.00322 0.00000049521404954511
87800 59.99533 1.47328 0.01473 100.00256 0.00000045455297281727
87900 59.99648 1.47332 0.01473 100.00256 0.00000041468622713481
88000 59.99578 1.47326 0.01473 100.00174 0.00000041291883134953
88100 59.99546 1.47327 0.01473 100.00092 0.00000043033142604898
88200 59.99522 1.47327 0.01473 100.00051 0.00000040464653938699
88300 59.99395 1.47313 0.01473 100.00002 0.00000038794895473870
88400 59.99354 1.47314 0.01473 100.00027 0.00000040193121275678
88500 59.99325 1.47306 0.01473 99.99993 0.00000040338119267069
88600 59.99259 1.47297 0.01473 99.99832 0.00000041221791069468
88700 59.99212 1.47294 0.01473 99.99755 0.00000040471422613209
88800 59.99160 1.47296 0.01473 99.99700 0.00000040711091786605
88900 59.99171 1.47297 0.01473 99.99651 0.00000041011642082367
89000 59.99265 1.47300 0.01473 99.99726 0.00000040831581005207
89100 59.99360 1.47311 0.01473 99.99846 0.00000034831751483111
89200 59.99467 1.47321 0.01473 99.99895 0.00000038477739017218
89300 59.99403 1.47316 0.01473 99.99852 0.00000035281236909768
89400 59.99411 1.47319 0.01473 99.99954 0.00000034823827288477
89500 59.99475 1.47321 0.01473 99.99884 0.00000033653906061915
89600 59.99553 1.47323 0.01473 100.00040 0.00000030387835869838
89700 59.99522 1.47323 0.01473 100.00031 0.00000034119039971081
89800 59.99596 1.47325 0.01473 100.00116 0.00000032354502077503
89900 59.99602 1.47337 0.01473 100.00218 0.00000034426597594894
90000 59.99650 1.47341 0.01473 100.00438 0.00000030133348194461
90100 59.99483 1.47333 0.01473 100.00133 0.00000027512668610008
90200 59.99380 1.47319 0.01473 100.00126 0.00000030462936995157
90300 59.99352 1.47315 0.01473 100.00163 0.00000032510369285532
90400 59.99376 1.47315 0.01473 100.00300 0.00000034224025680096
90500 59.99310 1.47305 0.01473 100.00239 0.00000033849859937263
90600 59.99186 1.47291 0.01473 100.00242 0.00000033153458400825
90700 59.99257 1.47294 0.01473 100.00397 0.00000034166706197603
90800 59.99205 1.47289 0.01473 100.00289 0.00000032863482046785
90900 59.99085 1.47290 0.01473 100.00138 0.00000035979312196233
91000 59.99120 1.47294 0.01473 100.00157 0.00000040972221659885
91100 59.99066 1.47289 0.01473 100.00199 0.00000041487887814107
91200 59.99040 1.47293 0.01473 100.00187 0.00000042878669015423
91300 59.98905 1.47288 0.01473 100.00060 0.00000042815590273193
91400 59.98935 1.47291 0.01473 100.00047 0.00000045806584880737
91500 59.98759 1.47284 0.01473 99.99926 0.00000042583467041446
91600 59.98742 1.47282 0.01473 99.99936 0.00000042959492296823
91700 59.98814 1.47290 0.01473 100.00021 0.00000041771054881679
91800 59.98856 1.47290 0.01473 100.00014 0.00000040956834612693
91900 59.98969 1.47293 0.01473 99.99970 0.00000037336743585747
92000 59.98870 1.47288 0.01473 99.99860 0.00000036359262223229
92100 59.98960 1.47291 0.01473 99.99959 0.00000036876792264273
92200 59.99001 1.47289 0.01473 99.99954 0.00000033867880966376
92300 59.98891 1.47284 0.01473 99.99789 0.00000030902154013468
92400 59.98928 1.47288 0.01473 99.99786 0.00000028245317595932
92500 59.98999 1.47290 0.01473 99.99838 0.00000026548726084208
92600 59.99025 1.47293 0.01473 99.99874 0.00000026839031774806
92700 59.99018 1.47298 0.01473 99.99830 0.00000027187939921625
92800 59.99091 1.47296 0.01473 99.99903 0.00000029260958256394
92900 59.99177 1.47295 0.01473 100.00070 0.00000027163354077153
93000 59.99170 1.47300 0.01473 100.00111 0.00000028426522868941
93100 59.99045 1.47288 0.01473 99.99922 0.00000028242836735970
93200 59.99055 1.47286 0.01473 99.99991 0.00000021998757815389
93300 59.99141 1.47285 0.01473 100.00093 0.00000020155460500604
93400 59.99148 1.47283 0.01473 100.00027 0.00000016867117280661
93500 59.98992 1.47275 0.01473 100.00112 0.00000020208525075560
93600 59.99038 1.47281 0.01473 100.00124 0.00000019140528761952
93700 59.98863 1.47270 0.01473 99.99989 0.00000021857766063782
93800 59.98965 1.47278 0.01473 99.99956 0.00000022580643843639
93900 59.99065 1.47277 0.01473 99.99977 0.00000021494335800121
94000 59.99156 1.47278 0.01473 100.00076 0.00000021476399436615
94100 59.99150 1.47276 0.01473 100.00083 0.00000025090246213999
94200 59.99181 1.47281 0.01473 100.00031 0.00000025847230200604
94300 59.99047 1.47277 0.01473 99.99959 0.00000023586719843927
94400 59.99103 1.47277 0.01473 100.00020 0.00000023676469496081
94500 59.99077 1.47270 0.01473 100.00014 0.00000024385347829892
94600 59.99141 1.47277 0.01473 100.00230 0.00000022307202285354
94700 59.98989 1.47269 0.01473 100.00048 0.00000023456055697757
94800 59.99018 1.47269 0.01473 100.00058 0.00000021641075065304
94900 59.99123 1.47273 0.01473 100.00075 0.00000019867836709153
95000 59.99091 1.47271 0.01473 100.00045 0.00000019462209710497
95100 59.99018 1.47269 0.01473 99.99898 0.00000018032553472658
95200 59.99090 1.47269 0.01473 99.99925 0.00000018070353791089
95300 59.99159 1.47272 0.01473 100.00036 0.00000019532474881956
95400 59.99179 1.47266 0.01473 99.99954 0.00000024447823832041
95500 59.99139 1.47262 0.01473 99.99926 0.00000023833022710917
95600 59.99247 1.47268 0.01473 99.99979 0.00000021230197355671
95700 59.99181 1.47263 0.01473 99.99916 0.00000022591673110028
95800 59.99182 1.47271 0.01473 100.00070 0.00000023326490494746
95900 59.99272 1.47276 0.01473 100.00078 0.00000018551406943956
96000 59.99089 1.47267 0.01473 99.99819 0.00000018722811612193
96100 59.99033 1.47257 0.01473 99.99753 0.00000019716861077157
96200 59.99049 1.47255 0.01473 99.99688 0.00000019277652363314
96300 59.99008 1.47256 0.01473 99.99611 0.00000021106298020435
96400 59.98863 1.47248 0.01473 99.99515 0.00000018107324906147
96500 59.98801 1.47243 0.01473 99.99498 0.00000018843261107016
96600 59.98887 1.47254 0.01473 99.99567 0.00000018840988791347
96700 59.98960 1.47260 0.01473 99.99604 0.00000021685960915896
96800 59.98967 1.47258 0.01473 99.99693 0.00000019178927157526
96900 59.98910 1.47254 0.01473 99.99686 0.00000015325069124827
97000 59.99007 1.47258 0.01473 99.99779 0.00000013947735122422
97100 59.99149 1.47267 0.01473 99.99875 0.00000014029719364039
97200 59.99127 1.47268 0.01473 99.99939 0.00000014154746819095
97300 59.99122 1.47265 0.01473 99.99834 0.00000017179189604200
97400 59.99264 1.47270 0.01473 100.00036 0.00000014157822492145
97500 59.99269 1.47269 0.01473 100.00107 0.00000021247202819374
97600 59.99251 1.47268 0.01473 100.00115 0.00000020135269251931
97700 59.99189 1.47269 0.01473 100.00136 0.00000024449544810956
97800 59.99171 1.47262 0.01473 100.00209 0.00000021823678175714
97900 59.99121 1.47259 0.01473 100.00171 0.00000017785197403697
98000 59.99108 1.47258 0.01473 100.00067 0.00000018472172813588
98100 59.99095 1.47255 0.01473 100.00115 0.00000019124232197854
98200 59.99129 1.47261 0.01473 100.00205 0.00000016357900789465
98300 59.99075 1.47255 0.01473 100.00213 0.00000011616705730688
98400 59.99218 1.47260 0.01473 100.00317 0.00000010703254149647
98500 59.99392 1.47266 0.01473 100.00387 0.00000011035115310420
98600 59.99508 1.47272 0.01473 100.00480 0.00000013252729513802
98700 59.99462 1.47273 0.01473 100.00485 0.00000016567342275842
98800 59.99501 1.47274 0.01473 100.00577 0.00000020222974050910
98900 59.99487 1.47275 0.01473 100.00673 0.00000027972033134205
99000 59.99432 1.47273 0.01473 100.00670 0.00000027509655131652
99100 59.99583 1.47286 0.01473 100.00798 0.00000029984138816275
99200 59.99540 1.47280 0.01473 100.00873 0.00000031497177199746
99300 59.99567 1.47284 0.01473 100.00984 0.00000033138121313669
99400 59.99573 1.47289 0.01473 100.00987 0.00000033859029779926
99500 59.99327 1.47275 0.01473 100.00746 0.00000035257500519137
99600 59.99397 1.47280 0.01473 100.00837 0.00000035737794146229
99700 59.99460 1.47280 0.01473 100.00963 0.00000036270387959725
99800 59.99438 1.47273 0.01473 100.01022 0.00000038012339387272
99900 59.99490 1.47283 0.01473 100.00998 0.00000038762518328461
100000 59.99579 1.47297 0.01473 100.01125 0.00000038500415033837
