#Arquivo Dados/Coleta1.txt 
#Parâmetros(Ocupação: 99.000%, Capacidade: 356363.636 bps)
#Coleta|Ocupação|E(n)|E(w)|lambda|Little

100 96.96343 28.51874 0.28633 99.60000 -0.00000000001098499069
200 97.50995 36.66480 0.36886 99.40000 -0.00000000001163158458
300 97.55144 35.27126 0.35528 99.27667 -0.00000000005849187801
400 97.68118 32.86158 0.33130 99.19000 0.00000000002002309429
500 97.93475 40.33036 0.40591 99.35800 0.00000000007008083003
600 97.79359 43.72750 0.44013 99.35167 0.00000000010572875908
700 98.07523 47.93021 0.48157 99.52857 0.00000000002614086725
800 98.31455 62.99019 0.63098 99.82875 0.00000000020359891550
900 98.47429 63.70225 0.63853 99.76444 0.00000000003428368700
1000 98.53708 62.18485 0.62270 99.86300 -0.00000000010498268921
1100 98.58584 60.56052 0.60585 99.95909 -0.00000000038276937175
1200 98.65589 60.84865 0.60777 100.11833 -0.00000000035183234104
1300 98.62586 61.91748 0.61889 100.04615 -0.00000000070461680934
1400 98.72349 77.09194 0.76973 100.15429 -0.00000000011444001302
1500 98.80897 88.25998 0.88100 100.18133 -0.00000000048990500545
1600 98.87955 91.38473 0.91270 100.12562 -0.00000000034624747514
1700 98.90084 89.47886 0.89347 100.14765 -0.00000000081864470758
1800 98.90174 88.33916 0.88157 100.20667 -0.00000000107286268758
1900 98.93966 87.08962 0.86897 100.22211 -0.00000000117964304991
2000 98.84141 85.18839 0.85043 100.17150 -0.00000000116709486520
2100 98.89655 85.96463 0.85780 100.21524 -0.00000000021240964543
2200 98.88779 86.28425 0.86088 100.22773 -0.00000000018074786112
2300 98.93637 94.47443 0.94278 100.20783 -0.00000000047539572279
2400 98.94035 93.91229 0.93727 100.19750 -0.00000000029574209748
2500 98.90923 91.31860 0.91142 100.19400 -0.00000000037658764995
2600 98.89092 89.22528 0.89085 100.15692 -0.00000000155333168550
2700 98.86969 87.60395 0.87486 100.13481 -0.00000000190512139397
2800 98.83275 85.94267 0.85849 100.10893 -0.00000000070743055858
2900 98.84057 84.51414 0.84436 100.09276 -0.00000000014173906493
3000 98.85434 83.67361 0.83572 100.12100 0.00000000009889333796
3100 98.89123 88.75937 0.88593 100.18774 0.00000000053201176797
3200 98.92595 98.03867 0.97853 100.18937 0.00000000119001697385
3300 98.95824 101.30383 1.01156 100.14576 0.00000000157966439929
3400 98.98907 101.41182 1.01233 100.17647 0.00000000158962620844
3500 99.01607 101.06448 1.00917 100.14657 0.00000000087848661678
3600 99.00219 100.07458 0.99910 100.16444 0.00000000001550404249
3700 99.02922 103.58231 1.03383 100.19297 0.00000000220936158257
3800 99.05466 105.88335 1.05701 100.17289 0.00000000085955775830
3900 99.07898 108.37902 1.08119 100.24026 0.00000000094006225027
4000 99.10222 110.07631 1.09825 100.22900 0.00000000242842190801
4100 99.11353 109.98533 1.09750 100.21439 0.00000000123617382997
4200 99.13474 109.84957 1.09630 100.20000 0.00000000017955414933
4300 99.06756 107.84599 1.07686 100.14837 0.00000000107088737877
4400 99.08017 106.61707 1.06446 100.16091 0.00000000049418247272
4500 99.08217 105.70321 1.05550 100.14511 0.00000000074338402101
4600 99.08550 104.63675 1.04500 100.13087 0.00000000012482814782
4700 99.09553 104.81794 1.04699 100.11362 0.00000000173250214175
4800 99.10285 104.46424 1.04309 100.14896 0.00000000114556542030
4900 99.07138 103.11522 1.02993 100.11837 0.00000000033597302718
5000 99.04220 101.67129 1.01552 100.11780 0.00000000146987133576
5100 99.06137 101.13738 1.01019 100.11725 -0.00000000028609292713
5200 99.07905 102.52195 1.02396 100.12288 -0.00000000234703634305
5300 99.08229 101.60583 1.01508 100.09660 -0.00000000260536126007
5400 99.06454 100.82049 1.00738 100.08167 -0.00000000346408057794
5500 99.02306 99.45000 0.99401 100.04964 -0.00000000099737462733
5600 99.02873 99.25631 0.99179 100.07786 -0.00000000042430770009
5700 99.04574 100.27410 1.00210 100.06421 0.00000000075084471973
5800 99.06188 100.98670 1.00921 100.06466 0.00000000292493496090
5900 99.07777 103.81640 1.03718 100.09525 0.00000000499795760334
6000 99.09316 108.35383 1.08235 100.10983 0.00000000712370251676
6100 99.10824 109.27292 1.09190 100.07623 0.00000000643453290650
6200 99.09985 108.13882 1.08046 100.08613 0.00000000457016824384
6300 99.10115 106.95466 1.06851 100.09746 0.00000000510252107233
6400 99.08557 105.72657 1.05633 100.08891 0.00000000517677278822
6500 99.06956 104.56847 1.04482 100.08231 0.00000000511045072926
6600 99.08402 105.16519 1.05065 100.09530 0.00000000617596640495
6700 99.07383 104.48457 1.04417 100.06493 0.00000000238875941250
6800 99.03946 103.26370 1.03200 100.06132 0.00000000363441188256
6900 99.05047 102.75421 1.02667 100.08449 0.00000000648022080441
7000 99.04466 102.05407 1.01989 100.06414 0.00000000679077061250
7100 99.03596 101.00073 1.00933 100.06662 0.00000000737713889976
7200 99.02874 99.93222 0.99860 100.07236 0.00000000869826521921
7300 99.03729 99.91671 0.99829 100.08808 0.00000001041512120992
7400 99.05029 101.31612 1.01235 100.08041 0.00000000710336678367
7500 99.06326 102.78877 1.02694 100.09253 0.00000000600762462000
7600 99.06989 102.54130 1.02459 100.08066 0.00000000853088977237
7700 99.03737 101.47203 1.01387 100.08338 0.00000000541301403700
7800 99.01782 100.67127 1.00590 100.08038 0.00000000567050051359
7900 99.01064 99.89411 0.99823 100.07139 0.00000000903176555767
8000 99.01657 99.20680 0.99128 100.07950 0.00000000725503923604
8100 99.02869 98.68174 0.98590 100.09346 0.00000000835731839288
8200 99.03872 98.77189 0.98674 100.09951 0.00000000881941275566
8300 99.04284 98.54649 0.98450 100.09771 0.00000000869852101459
8400 99.03944 97.90489 0.97806 100.10143 0.00000000800216071184
8500 99.04295 97.43715 0.97349 100.09012 0.00000000752497442136
8600 99.02681 96.55459 0.96476 100.08174 0.00000000778864261974
8700 99.01955 95.83489 0.95772 100.06598 0.00000000754469908770
8800 99.01790 95.07731 0.95009 100.07227 0.00000001038939956288
8900 98.99088 94.25950 0.94207 100.05573 0.00000000823622769985
9000 98.99194 93.65406 0.93600 100.05822 0.00000000704467595369
9100 98.98740 93.04669 0.92994 100.05692 0.00000000790770116055
9200 98.98368 92.55180 0.92497 100.05902 0.00000001073254907169
9300 98.98069 91.95666 0.91905 100.05645 0.00000000630254248790
9400 98.97192 91.23006 0.91177 100.05819 0.00000000357691476438
9500 98.97644 90.86446 0.90806 100.06463 -0.00000000244641285008
9600 98.98587 90.66478 0.90603 100.06833 -0.00000000452814674645
9700 98.97988 90.13552 0.90088 100.05227 -0.00000000831579427540
9800 98.96110 89.50465 0.89473 100.03592 -0.00000000726902271708
9900 98.96736 89.21795 0.89189 100.03283 -0.00000000857252757669
10000 98.95778 88.76984 0.88737 100.03750 -0.00000000337773542469
