#Arquivo Dados/Coleta80.txt 
#Parâmetros(Ocupação: 80.000%, Capacidade: 441000.000 bps)
#Coleta|Ocupação|E(n)|E(w)|lambda|Little

100 79.99909 4.22374 0.04225 99.98000 -0.00000000000876543282
200 80.19084 4.35255 0.04342 100.24500 0.00000000004311218049
300 79.84496 4.12598 0.04139 99.69000 -0.00000000005115818880
400 79.59977 4.04036 0.04058 99.56250 -0.00000000006218936477
500 79.90941 4.13979 0.04151 99.72600 -0.00000000022658230847
600 79.71676 4.04359 0.04067 99.43333 -0.00000000052769255632
700 79.59044 3.96204 0.03982 99.48857 -0.00000000035170177881
800 79.66458 3.97808 0.03991 99.68125 -0.00000000027007995840
900 79.67653 3.96435 0.03977 99.68111 -0.00000000054853632747
1000 79.65765 3.95202 0.03964 99.69700 -0.00000000117843379499
1100 79.74903 3.95896 0.03970 99.72182 -0.00000000118897025558
1200 80.01952 4.03805 0.04041 99.93583 -0.00000000114734888257
1300 80.05480 4.02434 0.04029 99.87538 -0.00000000168925584632
1400 80.20631 4.03743 0.04037 100.00357 -0.00000000137192213145
1500 80.21134 4.00776 0.04007 100.01400 -0.00000000103575281685
1600 80.11221 3.99193 0.03996 99.90313 -0.00000000044872283667
1700 80.05691 4.00332 0.04006 99.93059 -0.00000000056887916600
1800 80.16136 4.03460 0.04032 100.05389 -0.00000000067899730283
1900 80.21520 4.01863 0.04014 100.12263 -0.00000000116107212733
2000 80.14819 4.00280 0.04000 100.07050 -0.00000000170721037307
2100 80.21699 3.99548 0.03990 100.13714 -0.00000000145352352376
2200 80.26565 4.01627 0.04011 100.14227 -0.00000000165447744394
2300 80.25337 3.99711 0.03993 100.11087 -0.00000000110974829326
2400 80.20823 3.97422 0.03972 100.06042 -0.00000000226663532388
2500 80.19564 3.95486 0.03951 100.09160 -0.00000000233693597806
2600 80.15047 3.95083 0.03948 100.07692 -0.00000000293710478161
2700 80.11441 3.93222 0.03930 100.05778 -0.00000000207919814699
2800 80.11111 3.92698 0.03923 100.09071 -0.00000000274364397868
2900 80.09909 3.92446 0.03921 100.07655 -0.00000000163999125391
3000 80.09129 3.92265 0.03919 100.09933 -0.00000000075959283308
3100 80.14202 3.93302 0.03927 100.14355 -0.00000000121307675016
3200 80.20137 3.93628 0.03929 100.19531 -0.00000000255368926005
3300 80.11552 3.92724 0.03922 100.12970 -0.00000000265318167436
3400 80.12903 3.92535 0.03919 100.16353 -0.00000000241468800510
3500 80.13725 3.92906 0.03923 100.14400 -0.00000000197311056382
3600 80.09012 3.92378 0.03919 100.11806 -0.00000000412403489136
3700 80.09600 3.91523 0.03911 100.11108 -0.00000000376087205822
3800 80.08636 3.90905 0.03906 100.08605 -0.00000000322448334700
3900 80.08838 3.90466 0.03900 100.10821 -0.00000000418111012479
4000 80.09888 3.89976 0.03895 100.13250 -0.00000000232468044814
4100 80.12895 3.90439 0.03899 100.14463 -0.00000000466149430167
4200 80.14475 3.89906 0.03893 100.14976 -0.00000000425123047876
4300 80.08365 3.88814 0.03885 100.09000 -0.00000000354520679480
4400 80.08964 3.89547 0.03892 100.09432 -0.00000000306151592966
4500 80.08670 3.91194 0.03908 100.10356 -0.00000000185721260593
4600 80.09451 3.90986 0.03906 100.09935 -0.00000000238619835002
4700 80.10412 3.91795 0.03916 100.05617 0.00000000026694602084
4800 80.10465 3.91438 0.03912 100.06771 -0.00000000037714054102
4900 80.05853 3.90486 0.03903 100.04551 0.00000000041875258816
5000 80.01988 3.89457 0.03895 99.99980 0.00000000140234224233
5100 80.05450 3.91081 0.03910 100.02765 0.00000000010953860041
5200 80.05252 3.90864 0.03907 100.03481 -0.00000000164936553304
5300 80.05555 3.91478 0.03914 100.02132 0.00000000001889066681
5400 80.04857 3.91038 0.03910 100.01667 -0.00000000001874900235
5500 80.03228 3.90545 0.03905 100.00709 -0.00000000203646788322
5600 80.03341 3.91622 0.03916 100.01696 -0.00000000187547666286
5700 80.03728 3.91091 0.03911 100.00912 -0.00000000127912613834
5800 80.04299 3.90600 0.03905 100.01276 -0.00000000318995851956
5900 80.08430 3.92767 0.03926 100.03220 -0.00000000076601036625
6000 80.09213 3.92868 0.03926 100.05650 -0.00000000120506049583
6100 80.08921 3.91961 0.03918 100.04689 -0.00000000134788313844
6200 80.07993 3.91304 0.03911 100.06081 -0.00000000296031998914
6300 80.06363 3.90698 0.03904 100.07111 -0.00000000519873744054
6400 80.03611 3.89840 0.03896 100.05563 -0.00000000682535761243
6500 80.01892 3.89159 0.03889 100.05385 -0.00000000562284130368
6600 80.05395 3.90170 0.03899 100.06197 -0.00000000514305531496
6700 80.04735 3.90287 0.03901 100.05582 -0.00000000498641972158
6800 80.03593 3.90219 0.03899 100.07015 -0.00000000401787270121
6900 80.05441 3.91248 0.03909 100.08609 -0.00000000534758726189
7000 80.03030 3.90824 0.03905 100.07257 -0.00000000526938448431
7100 80.05051 3.90668 0.03903 100.08746 -0.00000000447146675242
7200 80.03095 3.90154 0.03898 100.08667 0.00000000306440162134
7300 80.06177 3.92640 0.03922 100.11356 0.00000000571074609823
7400 80.06668 3.92921 0.03925 100.10635 0.00000000701347868670
7500 80.05149 3.92592 0.03921 100.11493 0.00000000698392454979
7600 80.05724 3.92659 0.03922 100.11197 0.00000000662911547877
7700 80.02425 3.92047 0.03917 100.09597 0.00000000711656866770
7800 80.00856 3.91418 0.03911 100.08731 0.00000000958524370986
7900 79.99577 3.91586 0.03912 100.08848 0.00000000754367901479
8000 80.00397 3.91519 0.03911 100.10425 0.00000000400826349889
8100 80.03032 3.91685 0.03912 100.12580 0.00000000249871145996
8200 80.03280 3.91492 0.03910 100.12622 0.00000000401870225986
8300 80.05140 3.91930 0.03914 100.14120 0.00000000358986884663
8400 80.06019 3.93063 0.03925 100.15083 0.00000000405348865584
8500 80.06097 3.92834 0.03922 100.15400 0.00000000479362682881
8600 80.04733 3.92077 0.03915 100.14174 0.00000000645976605540
8700 80.07001 3.92458 0.03919 100.14851 0.00000000864383453703
8800 80.06829 3.91845 0.03913 100.15102 0.00000001045012298917
8900 80.05629 3.91593 0.03911 100.13506 0.00000000975303571238
9000 80.04977 3.91345 0.03908 100.13000 0.00000000894554119668
9100 80.03446 3.91052 0.03906 100.10945 0.00000000728328197752
9200 80.03544 3.91289 0.03908 100.11435 0.00000000577865266749
9300 80.04677 3.91375 0.03909 100.12484 0.00000000500713115414
9400 80.05692 3.91853 0.03913 100.14596 0.00000000633916963366
9500 80.05398 3.91916 0.03914 100.14284 0.00000000705720637484
9600 80.07211 3.92924 0.03923 100.15521 0.00000000590893645125
9700 80.05713 3.92886 0.03924 100.12928 0.00000000446312631297
9800 80.04968 3.92691 0.03922 100.12082 0.00000001211937039614
9900 80.04853 3.92629 0.03922 100.11414 0.00000000939334698913
10000 80.04397 3.92258 0.03918 100.11400 0.00000000878694139672
10100 80.04039 3.92165 0.03918 100.10426 0.00000000765663576985
10200 80.04112 3.92000 0.03916 100.10794 0.00000000421028278907
10300 80.04459 3.92037 0.03916 100.11893 0.00000000502894659249
10400 80.04392 3.92469 0.03920 100.11471 0.00000000765546115389
10500 80.04166 3.92453 0.03920 100.11038 0.00000000697411772776
10600 80.02815 3.91873 0.03915 100.09972 0.00000000472095296189
10700 80.04328 3.92833 0.03924 100.09944 0.00000000163342894766
10800 80.02563 3.92391 0.03920 100.08852 -0.00000000037373171224
10900 80.03185 3.92229 0.03919 100.09376 -0.00000000274195821603
11000 80.04201 3.92340 0.03920 100.08709 -0.00000000660302124089
11100 80.04724 3.92245 0.03919 100.08631 -0.00000000843547898199
11200 80.02255 3.91639 0.03913 100.07438 -0.00000001086837642106
11300 80.02977 3.91559 0.03913 100.07363 -0.00000000856427906371
11400 80.02209 3.91285 0.03910 100.06193 -0.00000000494412155660
11500 80.02222 3.90874 0.03907 100.05113 -0.00000000698371138697
11600 80.01167 3.90745 0.03906 100.03052 -0.00000000702797064989
11700 80.00798 3.90653 0.03906 100.01940 -0.00000000554892887195
11800 80.00358 3.90689 0.03907 100.00881 -0.00000000459470461678
11900 80.00536 3.90868 0.03908 100.01168 -0.00000000253102516723
12000 79.99538 3.90576 0.03906 100.00442 -0.00000000136823352648
12100 80.00886 3.91033 0.03910 100.01446 0.00000000266592792286
12200 80.00153 3.90892 0.03909 100.00533 0.00000000334974981087
12300 80.00304 3.90786 0.03907 100.01699 0.00000000502918950929
12400 79.99447 3.90461 0.03904 100.01339 0.00000000987182113832
12500 79.98896 3.90349 0.03903 100.00576 0.00000000837372704510
12600 79.99175 3.90422 0.03904 100.00341 0.00000001173591712700
12700 79.98539 3.90112 0.03901 100.00488 0.00000001324418086313
12800 79.99620 3.90312 0.03903 100.01125 0.00000001339682897950
12900 79.99536 3.90485 0.03905 100.00806 0.00000001314403430541
13000 79.99745 3.90451 0.03904 100.00408 0.00000001209218591924
13100 80.00618 3.90368 0.03903 100.01496 0.00000001534452431784
13200 79.99495 3.90014 0.03900 100.00538 0.00000001901687873840
13300 79.99316 3.89802 0.03898 100.00271 0.00000002686730393719
13400 79.99017 3.89919 0.03899 100.00440 0.00000003222231859112
13500 79.98628 3.90040 0.03900 100.00274 0.00000003382040691946
13600 79.98553 3.89903 0.03899 99.99713 0.00000003715754770539
13700 79.98534 3.90048 0.03901 99.99672 0.00000004420849641917
13800 79.98107 3.89904 0.03900 99.98775 0.00000004831119326809
13900 79.97837 3.89988 0.03900 99.98835 0.00000005104007616552
14000 79.97241 3.90001 0.03900 99.99286 0.00000004894667116062
14100 79.97418 3.90162 0.03902 99.98433 0.00000005011606019067
14200 79.98715 3.90647 0.03906 100.00310 0.00000005769512201326
14300 79.99274 3.90851 0.03908 100.00685 0.00000006419903453292
14400 79.99906 3.91003 0.03909 100.01479 0.00000006656500728397
14500 79.99903 3.91191 0.03911 100.01524 0.00000006208140179709
14600 79.99038 3.90942 0.03909 100.00349 0.00000005992594021009
14700 79.97575 3.90530 0.03906 99.99469 0.00000006786936479486
14800 79.97714 3.90382 0.03904 100.00209 0.00000006629052862195
14900 79.97915 3.90477 0.03905 99.99993 0.00000006566078480930
15000 79.97997 3.90587 0.03906 100.00633 0.00000006730494517271
15100 79.97680 3.90263 0.03903 100.00318 0.00000005697456106901
15200 79.98490 3.90601 0.03906 100.00664 0.00000006239119576534
15300 79.97179 3.90182 0.03902 99.99569 0.00000007291695869327
15400 79.96279 3.90139 0.03902 99.99318 0.00000007366942256226
15500 79.97675 3.90369 0.03904 99.99200 0.00000007338036800419
15600 79.99081 3.90445 0.03904 99.99994 0.00000007542284397033
15700 79.97846 3.90167 0.03902 99.99459 0.00000007464411666547
15800 79.98772 3.90634 0.03906 100.00703 0.00000008290168684866
15900 79.99551 3.90787 0.03908 100.00667 0.00000007000876323104
16000 79.99702 3.90818 0.03908 100.00950 0.00000007070863761172
16100 80.00044 3.90768 0.03907 100.01329 0.00000007623067199702
16200 79.99799 3.90605 0.03905 100.02130 0.00000006882025171961
16300 79.99857 3.90692 0.03906 100.02288 0.00000006796150842092
16400 80.00631 3.90817 0.03907 100.03311 0.00000006824852327725
16500 80.00161 3.90703 0.03906 100.02861 0.00000006448874101395
16600 80.00074 3.90987 0.03908 100.03940 0.00000006380063544142
16700 80.01014 3.91368 0.03912 100.04677 0.00000006409171104949
16800 80.00340 3.91247 0.03911 100.04786 0.00000006751654124670
16900 80.02718 3.92115 0.03919 100.06112 0.00000006210831937636
17000 80.02625 3.91909 0.03917 100.05471 0.00000005901168309563
17100 80.02576 3.91885 0.03917 100.05918 0.00000005735894337278
17200 80.03092 3.91733 0.03915 100.05884 0.00000006421636467024
17300 80.03004 3.91649 0.03914 100.05474 0.00000006669105578894
17400 80.04050 3.91864 0.03916 100.05805 0.00000007176734850844
17500 80.05320 3.92408 0.03922 100.06451 0.00000006892426362981
17600 80.04945 3.92257 0.03920 100.06301 0.00000007449537831050
17700 80.05319 3.92473 0.03922 100.07023 0.00000007095239107358
17800 80.05208 3.92334 0.03921 100.07011 0.00000006896084547847
17900 80.05115 3.92355 0.03921 100.06872 0.00000007315709371625
18000 80.06090 3.92638 0.03924 100.07111 0.00000007275758795444
18100 80.06194 3.92609 0.03923 100.06895 0.00000006495310556076
18200 80.06001 3.92468 0.03922 100.06879 0.00000006569555655034
18300 80.04983 3.92328 0.03920 100.07328 0.00000006413083886159
18400 80.04814 3.92410 0.03921 100.07652 0.00000006148370035319
18500 80.04685 3.92291 0.03920 100.07400 0.00000006043192701810
18600 80.04032 3.92335 0.03920 100.07312 0.00000005756429466430
18700 80.03725 3.92587 0.03923 100.07080 0.00000006136400898527
18800 80.04160 3.92672 0.03924 100.07213 0.00000006689509612912
18900 80.05015 3.92975 0.03926 100.08471 0.00000008747507074247
19000 80.04264 3.92848 0.03925 100.07679 0.00000008732061163030
19100 80.04704 3.93217 0.03929 100.08461 0.00000008032244913636
19200 80.04947 3.93310 0.03929 100.09172 0.00000008832197329056
19300 80.04588 3.93159 0.03928 100.08948 0.00000007737909557548
19400 80.05286 3.93262 0.03929 100.09464 0.00000009700299807847
19500 80.04403 3.93122 0.03928 100.09323 0.00000009776012399598
19600 80.03610 3.92844 0.03925 100.08556 0.00000008854598254615
19700 80.04244 3.93640 0.03933 100.09112 0.00000008201217704951
19800 80.03701 3.93431 0.03931 100.08641 0.00000007800229617771
19900 80.02708 3.93232 0.03929 100.08362 0.00000007847924132776
20000 80.02571 3.93082 0.03928 100.07620 0.00000007683183778084
20100 80.01913 3.92982 0.03927 100.07010 0.00000007562277337669
20200 80.02567 3.93000 0.03927 100.06668 0.00000007191819806351
20300 80.01941 3.92773 0.03925 100.06320 0.00000006889532944143
20400 80.02524 3.93099 0.03928 100.07206 0.00000006602769930808
20500 80.04621 3.93468 0.03931 100.08629 0.00000005518929047099
20600 80.03959 3.93302 0.03930 100.07733 0.00000005376631762033
20700 80.04143 3.93395 0.03931 100.08077 0.00000004463572889080
20800 80.04735 3.93534 0.03932 100.08466 0.00000004318746560372
20900 80.04196 3.93445 0.03931 100.08632 0.00000004117331720010
21000 80.03691 3.93416 0.03931 100.08224 0.00000003494127298609
21100 80.02607 3.93153 0.03929 100.07526 0.00000002147297584187
21200 80.02383 3.93091 0.03928 100.06788 0.00000002244740127111
21300 80.02376 3.93119 0.03929 100.06502 0.00000003098003187318
21400 80.04032 3.93445 0.03931 100.08033 0.00000002856480652014
21500 80.04339 3.93546 0.03932 100.08223 0.00000002377713315127
21600 80.04019 3.93445 0.03931 100.07806 0.00000001469011179367
21700 80.03953 3.93499 0.03932 100.07853 0.00000002016920941372
21800 80.03738 3.93361 0.03931 100.07257 0.00000001464802679152
21900 80.03086 3.93227 0.03930 100.06831 0.00000001680461902964
22000 80.03254 3.93220 0.03930 100.06782 0.00000002124571540918
22100 80.03855 3.93358 0.03931 100.06724 0.00000001661846038559
22200 80.03205 3.93178 0.03930 100.05721 0.00000002381107044869
22300 80.03658 3.93127 0.03929 100.06045 0.00000001567645835365
22400 80.02673 3.92950 0.03928 100.04879 0.00000001863851029071
22500 80.01956 3.92769 0.03926 100.04524 0.00000002183569103309
22600 80.01356 3.92555 0.03924 100.04350 0.00000001103321034535
22700 80.01127 3.92419 0.03922 100.04604 0.00000000871245742218
22800 80.01200 3.92494 0.03923 100.04500 0.00000000755664331109
22900 80.01240 3.92382 0.03922 100.04218 0.00000000484588724703
23000 80.01517 3.92475 0.03923 100.04287 0.00000000570715474879
23100 80.01283 3.92426 0.03923 100.03983 0.00000000605967009903
23200 80.00170 3.92311 0.03922 100.03741 0.00000000548311307469
23300 80.00282 3.92218 0.03920 100.04305 0.00000000747125383782
23400 80.00543 3.92219 0.03920 100.04333 0.00000001022871121137
23500 80.00339 3.92319 0.03921 100.04357 0.00000001594007059680
23600 80.01330 3.92487 0.03923 100.04674 0.00000002819557831657
23700 80.01212 3.92360 0.03922 100.04599 0.00000002254501785259
23800 80.01408 3.92329 0.03921 100.05294 0.00000002727951642356
23900 80.01801 3.92328 0.03921 100.05594 0.00000002632734874553
24000 80.01940 3.92190 0.03920 100.05800 0.00000002809259314063
24100 80.02968 3.92420 0.03922 100.06311 0.00000003120963798509
24200 80.03517 3.92613 0.03924 100.06483 0.00000004037229528464
24300 80.03104 3.92523 0.03923 100.05988 0.00000003286542149539
24400 80.02801 3.92432 0.03922 100.06045 0.00000003938150472393
24500 80.02409 3.92258 0.03920 100.05849 0.00000004433153799610
24600 80.02221 3.92079 0.03919 100.05240 0.00000004602077430249
24700 80.01621 3.91885 0.03917 100.04696 0.00000004222468996673
24800 80.01024 3.91798 0.03916 100.04448 0.00000003839788575988
24900 80.01429 3.91977 0.03918 100.04434 0.00000004297788080976
25000 80.02032 3.92125 0.03920 100.04264 0.00000004723002877682
25100 80.02157 3.92405 0.03922 100.04179 0.00000004695104927066
25200 80.01963 3.92460 0.03923 100.03968 0.00000004093821548423
25300 80.02355 3.92647 0.03925 100.03901 0.00000003397033321306
25400 80.02526 3.92584 0.03924 100.03764 0.00000003389448366420
25500 80.03258 3.92621 0.03925 100.03525 0.00000003443193774544
25600 80.03431 3.92505 0.03924 100.03883 0.00000003740252596529
25700 80.03363 3.92402 0.03922 100.03926 0.00000003019568506346
25800 80.03537 3.92375 0.03922 100.04605 0.00000003586729002691
25900 80.03682 3.92283 0.03921 100.04459 0.00000003201089571192
26000 80.04131 3.92339 0.03922 100.04377 0.00000003049464902816
26100 80.03944 3.92343 0.03922 100.04448 0.00000002471378390823
26200 80.03819 3.92288 0.03921 100.04450 0.00000002464671977620
26300 80.03442 3.92262 0.03921 100.04452 0.00000005002499170459
26400 80.03675 3.92266 0.03921 100.04864 0.00000003774133050527
26500 80.03721 3.92358 0.03922 100.04777 0.00000003420340721760
26600 80.02917 3.92215 0.03920 100.04350 0.00000003164744644124
26700 80.03106 3.92166 0.03920 100.04180 0.00000002399870746572
26800 80.03319 3.92253 0.03921 100.04563 0.00000002092858375491
26900 80.02938 3.92098 0.03919 100.04204 0.00000002214668137768
27000 80.03021 3.91991 0.03918 100.04159 0.00000003051742369919
27100 80.02681 3.91948 0.03918 100.03970 0.00000002910232144160
27200 80.03065 3.92041 0.03919 100.04305 0.00000003794491254538
27300 80.02871 3.91952 0.03918 100.04238 0.00000002798288134542
27400 80.02127 3.91855 0.03917 100.03876 0.00000002329189685568
27500 80.02593 3.91935 0.03918 100.04149 0.00000002541518684396
27600 80.02561 3.91876 0.03917 100.04167 0.00000002704170887213
27700 80.03097 3.92016 0.03918 100.04350 0.00000002329923720623
27800 80.02685 3.91987 0.03918 100.03885 0.00000004330836533839
27900 80.02706 3.92006 0.03919 100.03627 0.00000003987808305794
28000 80.02984 3.92058 0.03919 100.03704 0.00000002189746872716
28100 80.03091 3.92057 0.03919 100.03587 0.00000002361318118815
28200 80.03067 3.92096 0.03920 100.03553 0.00000000811143863189
28300 80.03219 3.92103 0.03920 100.03413 0.00000001384629833012
28400 80.03311 3.92090 0.03920 100.03560 0.00000001823774642418
28500 80.03025 3.92057 0.03919 100.03418 0.00000003570455131552
28600 80.02872 3.91985 0.03918 100.03657 0.00000002314938019055
28700 80.03809 3.92215 0.03921 100.04160 0.00000000748763540059
28800 80.03901 3.92209 0.03920 100.04514 0.00000000978920899897
28900 80.03967 3.92233 0.03920 100.04727 0.00000002456099368331
29000 80.03920 3.92372 0.03922 100.04724 0.00000004728822489142
29100 80.03495 3.92280 0.03921 100.04151 0.00000004956206378637
29200 80.03309 3.92189 0.03921 100.03510 0.00000005571654559944
29300 80.02629 3.92095 0.03920 100.03208 0.00000004950908838453
29400 80.02722 3.92141 0.03920 100.03361 0.00000004582218426918
29500 80.03300 3.92299 0.03922 100.03773 0.00000003045431373749
29600 80.03097 3.92239 0.03921 100.03645 0.00000003493883138361
29700 80.03248 3.92225 0.03921 100.03896 0.00000002596330395122
29800 80.03946 3.92462 0.03923 100.04362 0.00000002677024601994
29900 80.04072 3.92481 0.03923 100.04736 0.00000003835368200811
30000 80.03746 3.92368 0.03922 100.04453 0.00000003243074786496
30100 80.04299 3.92621 0.03924 100.04741 0.00000004325971980634
30200 80.03294 3.92423 0.03923 100.04202 0.00000005733098795702
30300 80.03193 3.92383 0.03922 100.04327 0.00000006021157306080
30400 80.03080 3.92307 0.03921 100.04464 0.00000006752095371709
30500 80.03254 3.92385 0.03922 100.04318 0.00000006860309564871
30600 80.03100 3.92424 0.03923 100.04363 0.00000006456967494017
30700 80.03483 3.92439 0.03923 100.04668 0.00000005053869900351
30800 80.04075 3.92631 0.03924 100.05117 0.00000005802197255989
30900 80.04567 3.92918 0.03927 100.05210 0.00000005800496483133
31000 80.04697 3.92916 0.03927 100.05465 0.00000004517540919124
31100 80.05007 3.92983 0.03928 100.05646 0.00000005864872942851
31200 80.04839 3.93050 0.03929 100.05048 0.00000005248796508539
31300 80.04748 3.93036 0.03928 100.04812 0.00000004179834389717
31400 80.05321 3.93167 0.03930 100.05213 0.00000003770089263000
31500 80.05339 3.93179 0.03930 100.05124 0.00000004864682878747
31600 80.05603 3.93294 0.03931 100.05611 0.00000004261867569966
31700 80.05343 3.93213 0.03930 100.04896 0.00000004429336231127
31800 80.05220 3.93237 0.03931 100.04626 0.00000003809053383819
31900 80.04536 3.93090 0.03929 100.04473 0.00000002409463339959
32000 80.04398 3.93204 0.03930 100.04525 0.00000001885238232191
32100 80.05044 3.93306 0.03931 100.04368 0.00000001328603493889
32200 80.05153 3.93347 0.03932 100.04301 0.00000001082124612140
32300 80.05194 3.93268 0.03931 100.04115 -0.00000000069826544546
32400 80.04616 3.93120 0.03930 100.03966 -0.00000000974970815193
32500 80.04813 3.93125 0.03930 100.04425 -0.00000000953405265847
32600 80.04757 3.93186 0.03930 100.04328 -0.00000001478802946764
32700 80.04538 3.93117 0.03930 100.03722 -0.00000000820783174760
32800 80.04325 3.93037 0.03929 100.03701 -0.00000000140768019463
32900 80.04057 3.93033 0.03929 100.03450 0.00000000554319790069
33000 80.04005 3.93073 0.03929 100.03739 0.00000000906865960104
33100 80.04388 3.93089 0.03929 100.04353 0.00000000180602244271
33200 80.03909 3.92936 0.03928 100.03705 -0.00000000263818922264
33300 80.03713 3.92884 0.03927 100.03489 -0.00000001288179474201
33400 80.03487 3.93089 0.03930 100.03320 -0.00000000167666280859
33500 80.03612 3.93142 0.03930 100.03284 -0.00000000706809100137
33600 80.04163 3.93320 0.03932 100.03851 0.00000000198596294965
33700 80.04172 3.93348 0.03932 100.03905 -0.00000001060780574491
33800 80.04928 3.93595 0.03934 100.04121 -0.00000000322069571013
33900 80.04685 3.93584 0.03934 100.04218 -0.00000000614674888766
34000 80.04093 3.93478 0.03933 100.03782 -0.00000000171423630846
34100 80.03810 3.93464 0.03933 100.03736 -0.00000000612726402949
34200 80.03564 3.93562 0.03934 100.03632 -0.00000001495107726512
34300 80.03979 3.93666 0.03935 100.04009 -0.00000001394746806938
34400 80.03588 3.93678 0.03935 100.03523 0.00000000108434905499
34500 80.03612 3.93724 0.03936 100.03319 0.00000000561739943450
34600 80.04038 3.93796 0.03937 100.03408 -0.00000000499017049904
34700 80.04184 3.93829 0.03937 100.03340 -0.00000000903533292629
34800 80.03991 3.93802 0.03937 100.03434 -0.00000000041723557942
34900 80.04398 3.94180 0.03941 100.03163 0.00000000173524927760
35000 80.03911 3.94020 0.03939 100.02891 0.00000000827150303806
35100 80.03735 3.94058 0.03940 100.02621 0.00000001476211597407
35200 80.03825 3.94187 0.03941 100.02452 0.00000002776649665748
35300 80.03484 3.93968 0.03939 100.02093 0.00000003530042347322
35400 80.03072 3.93901 0.03938 100.01706 0.00000002669818544021
35500 80.03373 3.93974 0.03939 100.01806 0.00000002071725102581
35600 80.03695 3.93949 0.03939 100.02492 0.00000003400028658618
35700 80.03196 3.93901 0.03938 100.02129 0.00000003846814022879
35800 80.03208 3.94023 0.03939 100.02128 0.00000003366175116426
35900 80.02871 3.93960 0.03939 100.01964 0.00000003755564970120
36000 80.02957 3.93958 0.03939 100.02164 0.00000005698259997189
36100 80.03168 3.93983 0.03939 100.01950 0.00000004724987068272
36200 80.03107 3.93898 0.03938 100.01978 0.00000005438844663530
36300 80.03116 3.93870 0.03938 100.02017 0.00000005065758923450
36400 80.02831 3.93860 0.03938 100.01632 0.00000005912899103677
36500 80.03021 3.93847 0.03938 100.01633 0.00000006215683256983
36600 80.02870 3.93769 0.03937 100.01874 0.00000006284634235243
36700 80.03236 3.93790 0.03937 100.02414 0.00000004336804249050
36800 80.02894 3.93664 0.03936 100.02293 0.00000003553032845716
36900 80.02885 3.93590 0.03935 100.02447 0.00000004778052087318
37000 80.02679 3.93509 0.03934 100.02281 0.00000004815656229340
37100 80.02568 3.93493 0.03934 100.02307 0.00000004484256299619
37200 80.01989 3.93392 0.03933 100.01798 0.00000006255714746217
37300 80.01653 3.93434 0.03934 100.01217 0.00000003725619501793
37400 80.01753 3.93401 0.03934 100.01283 0.00000004092279137780
37500 80.01428 3.93245 0.03932 100.01371 0.00000003576895979407
37600 80.01033 3.93212 0.03932 100.00816 0.00000003053993236080
37700 80.01008 3.93143 0.03931 100.01013 0.00000004287825738913
37800 80.01138 3.93098 0.03931 100.01116 0.00000003312865981542
37900 80.00536 3.92975 0.03930 100.00520 0.00000003351332367174
38000 80.00886 3.93097 0.03931 100.00745 0.00000006130049845510
38100 80.01113 3.93098 0.03930 100.01270 0.00000007136490909332
38200 80.00826 3.93039 0.03930 100.00895 0.00000007528055956385
38300 80.00938 3.93064 0.03930 100.00911 0.00000008486702940402
38400 80.01533 3.93342 0.03933 100.01383 0.00000009818911017589
38500 80.01423 3.93221 0.03932 100.01153 0.00000011608412453512
38600 80.01262 3.93128 0.03931 100.01098 0.00000013025761802510
38700 80.01204 3.93407 0.03934 100.00917 0.00000014044810825453
38800 80.01080 3.93294 0.03933 100.00776 0.00000012281159955663
38900 80.00777 3.93273 0.03932 100.00928 0.00000010249626791747
39000 80.00923 3.93359 0.03933 100.01067 0.00000009305407466798
39100 80.00509 3.93202 0.03932 100.00803 0.00000009402727574326
39200 80.00449 3.93157 0.03931 100.00765 0.00000009618492136099
39300 80.00754 3.93229 0.03932 100.01056 0.00000008827118280763
39400 80.00743 3.93251 0.03932 100.01132 0.00000006659121964958
39500 80.00868 3.93212 0.03932 100.01557 0.00000006733108959267
39600 80.01124 3.93281 0.03932 100.01775 0.00000006668461338677
39700 80.01215 3.93435 0.03934 100.01559 0.00000007851323191588
39800 80.01521 3.93468 0.03934 100.01970 0.00000007613980645971
39900 80.01102 3.93343 0.03933 100.01416 0.00000007693729342506
40000 80.01104 3.93347 0.03933 100.01335 0.00000008998965039808
40100 80.00901 3.93245 0.03932 100.00776 0.00000008552726749045
40200 80.01045 3.93348 0.03933 100.00803 0.00000007337294727350
40300 80.01548 3.93478 0.03934 100.01258 0.00000009464278516447
40400 80.01449 3.93449 0.03934 100.01020 0.00000008044741939273
40500 80.01223 3.93435 0.03934 100.01074 0.00000009132921396926
40600 80.01463 3.93481 0.03934 100.01232 0.00000009139749179710
40700 80.01535 3.93496 0.03934 100.01509 0.00000008996809341966
40800 80.01315 3.93436 0.03934 100.01174 0.00000007826399173183
40900 80.01575 3.93590 0.03935 100.01193 0.00000008685757979521
41000 80.01686 3.93620 0.03936 100.01232 0.00000005793232515927
41100 80.01480 3.93506 0.03935 100.01068 0.00000007875159857562
41200 80.01817 3.93572 0.03935 100.01034 0.00000008113653482411
41300 80.02610 3.93770 0.03937 100.01501 0.00000008612437385480
41400 80.02477 3.93753 0.03937 100.01367 0.00000007454400119400
41500 80.02288 3.93710 0.03937 100.01212 0.00000008895823810917
41600 80.02202 3.93624 0.03936 100.00969 0.00000008823861374907
41700 80.02211 3.93576 0.03935 100.00894 0.00000011161694191131
41800 80.01827 3.93430 0.03934 100.00651 0.00000010356786050991
41900 80.01535 3.93407 0.03934 100.00580 0.00000010126348026773
42000 80.01152 3.93438 0.03934 100.00186 0.00000013127080933373
42100 80.01432 3.93475 0.03934 100.00732 0.00000012176699826227
42200 80.01483 3.93471 0.03934 100.00680 0.00000012070128363462
42300 80.01194 3.93423 0.03934 100.00151 0.00000013622763095356
42400 80.01505 3.93423 0.03934 100.00325 0.00000014983424989623
42500 80.01679 3.93469 0.03934 100.00513 0.00000014992991781426
42600 80.02100 3.93532 0.03935 100.01183 0.00000014646649137973
42700 80.02256 3.93544 0.03935 100.01042 0.00000015112532425476
42800 80.02066 3.93441 0.03934 100.01210 0.00000014090326727612
42900 80.02104 3.93488 0.03934 100.01401 0.00000012661147641424
43000 80.01875 3.93438 0.03934 100.01479 0.00000014924976632358
43100 80.01554 3.93401 0.03934 100.01102 0.00000016294057525457
43200 80.01676 3.93392 0.03933 100.01127 0.00000015692666144318
43300 80.01556 3.93353 0.03933 100.01381 0.00000014822104033030
43400 80.01527 3.93273 0.03932 100.01341 0.00000015574719069988
43500 80.01332 3.93207 0.03932 100.01237 0.00000016609145525592
43600 80.01265 3.93204 0.03932 100.01206 0.00000016879145015025
43700 80.01254 3.93169 0.03931 100.01211 0.00000016408227265785
43800 80.01266 3.93102 0.03930 100.01393 0.00000017987258305041
43900 80.01475 3.93127 0.03931 100.01941 0.00000017537369201293
44000 80.01565 3.93157 0.03931 100.01857 0.00000019127163630728
44100 80.01908 3.93157 0.03931 100.02256 0.00000018545557178840
44200 80.01838 3.93205 0.03931 100.02459 0.00000019541151496938
44300 80.01960 3.93228 0.03931 100.02598 0.00000019023035546795
44400 80.01837 3.93159 0.03931 100.02529 0.00000019452019106581
44500 80.01992 3.93260 0.03932 100.02387 0.00000019660086314488
44600 80.01912 3.93217 0.03931 100.02455 0.00000019616022139957
44700 80.01914 3.93247 0.03931 100.02546 0.00000019803110973271
44800 80.01973 3.93233 0.03931 100.02487 0.00000017901442106449
44900 80.02242 3.93371 0.03933 100.02252 0.00000018261258460939
45000 80.02266 3.93329 0.03932 100.02291 0.00000017336784852162
45100 80.01887 3.93235 0.03932 100.02035 0.00000018988575156698
45200 80.01955 3.93250 0.03932 100.02164 0.00000017927287476738
45300 80.01430 3.93144 0.03931 100.01868 0.00000019533749728851
45400 80.01390 3.93175 0.03931 100.01910 0.00000019810250107000
45500 80.01067 3.93092 0.03930 100.01736 0.00000020655413157655
45600 80.00864 3.93035 0.03930 100.01982 0.00000021509776759743
45700 80.00843 3.93070 0.03930 100.01950 0.00000022783819098038
45800 80.00627 3.93093 0.03930 100.01723 0.00000022741609750909
45900 80.00714 3.93114 0.03931 100.01612 0.00000021679967288080
46000 80.00898 3.93110 0.03930 100.01948 0.00000022654837206204
46100 80.01026 3.93119 0.03930 100.02059 0.00000021776780068095
46200 80.01120 3.93245 0.03932 100.02290 0.00000022850832115395
46300 80.01354 3.93268 0.03932 100.02190 0.00000022875468808081
46400 80.01484 3.93224 0.03931 100.02194 0.00000022243169084391
46500 80.01326 3.93140 0.03931 100.02194 0.00000021128965554951
46600 80.01229 3.93108 0.03930 100.02150 0.00000023578683716607
46700 80.01520 3.93152 0.03931 100.02353 0.00000023720099573410
46800 80.02039 3.93244 0.03931 100.02912 0.00000024528924491563
46900 80.02707 3.93317 0.03932 100.03343 0.00000026189457047465
47000 80.02673 3.93358 0.03932 100.03313 0.00000025123994662479
47100 80.02673 3.93311 0.03932 100.03344 0.00000024720789726373
47200 80.02783 3.93371 0.03932 100.03566 0.00000022648979447482
47300 80.02884 3.93483 0.03933 100.03389 0.00000023642790880629
47400 80.03168 3.93453 0.03933 100.03405 0.00000022728308790576
47500 80.03236 3.93411 0.03933 100.03467 0.00000023513973879119
47600 80.02840 3.93341 0.03932 100.03269 0.00000024323716241170
47700 80.02666 3.93277 0.03932 100.03199 0.00000025523487590107
47800 80.02659 3.93203 0.03931 100.03090 0.00000024712193980037
47900 80.02851 3.93196 0.03931 100.03242 0.00000024140735632727
48000 80.03350 3.93320 0.03932 100.03687 0.00000023980947316815
48100 80.03351 3.93359 0.03932 100.03775 0.00000026170228073497
48200 80.03160 3.93245 0.03931 100.03342 0.00000025236125189565
48300 80.03150 3.93285 0.03932 100.03385 0.00000025337226494671
48400 80.03313 3.93310 0.03932 100.03610 0.00000027306838612517
48500 80.03621 3.93300 0.03931 100.04041 0.00000027299982630069
48600 80.03713 3.93359 0.03932 100.04004 0.00000028276824526330
48700 80.03796 3.93360 0.03932 100.04051 0.00000029194162820545
48800 80.03490 3.93288 0.03931 100.03742 0.00000028296717458076
48900 80.03714 3.93372 0.03932 100.03818 0.00000027533411950387
49000 80.03293 3.93277 0.03931 100.03718 0.00000026412707354595
49100 80.03063 3.93220 0.03931 100.03523 0.00000028263989682031
49200 80.03255 3.93276 0.03931 100.03976 0.00000028557048148414
49300 80.03197 3.93193 0.03930 100.04132 0.00000028978520383305
49400 80.03385 3.93236 0.03931 100.04472 0.00000026689489240894
49500 80.03218 3.93227 0.03931 100.04386 0.00000027026982474254
49600 80.03260 3.93239 0.03931 100.04440 0.00000025055354857528
49700 80.03188 3.93207 0.03930 100.04330 0.00000025627885724688
49800 80.02860 3.93120 0.03930 100.03849 0.00000026745009584772
49900 80.02706 3.93081 0.03929 100.03798 0.00000026823189358538
50000 80.02921 3.93142 0.03930 100.03974 0.00000025794162938908
50100 80.02801 3.93055 0.03929 100.03950 0.00000024939253329137
50200 80.02606 3.93020 0.03929 100.03791 0.00000026248907092352
50300 80.02600 3.92990 0.03928 100.03817 0.00000025188232788409
50400 80.02757 3.93050 0.03929 100.03889 0.00000025186562302437
50500 80.02695 3.93015 0.03929 100.03826 0.00000025279244564302
50600 80.02526 3.92933 0.03928 100.03893 0.00000024812880816683
50700 80.02575 3.92874 0.03927 100.04262 0.00000025066872755275
50800 80.02778 3.92847 0.03927 100.04280 0.00000025839204198519
50900 80.02832 3.92803 0.03926 100.04316 0.00000023629734169361
51000 80.02855 3.92824 0.03927 100.04359 0.00000025348130039404
51100 80.02482 3.92807 0.03926 100.04121 0.00000025355967547824
51200 80.02852 3.92855 0.03927 100.04396 0.00000024945359777817
51300 80.03042 3.92821 0.03926 100.04548 0.00000024568439860317
51400 80.03384 3.92877 0.03927 100.04924 0.00000023342033239615
51500 80.03501 3.92935 0.03927 100.04874 0.00000023209516797351
51600 80.03453 3.92880 0.03927 100.04835 0.00000024305351065124
51700 80.03365 3.92895 0.03927 100.04843 0.00000024476026450060
51800 80.03225 3.92838 0.03927 100.04569 0.00000024344104998519
51900 80.03071 3.92743 0.03926 100.04455 0.00000023573404206445
52000 80.02960 3.92737 0.03926 100.04260 0.00000022808861643853
52100 80.02656 3.92696 0.03925 100.04179 0.00000023025124784581
52200 80.02453 3.92698 0.03925 100.03912 0.00000023743391697195
52300 80.02246 3.92637 0.03925 100.03639 0.00000025140636017440
52400 80.02691 3.92756 0.03926 100.04172 0.00000024471859427777
52500 80.02822 3.92789 0.03926 100.04398 0.00000020287434177035
52600 80.02591 3.92727 0.03926 100.04262 0.00000018061436479755
52700 80.02782 3.92759 0.03926 100.04860 0.00000018061984841111
52800 80.03057 3.92895 0.03927 100.05038 0.00000018351745723066
52900 80.02951 3.92862 0.03927 100.05236 0.00000019397936279475
53000 80.02639 3.92826 0.03926 100.05196 0.00000021550659701219
53100 80.02816 3.92874 0.03927 100.05213 0.00000018474602603291
53200 80.02626 3.92863 0.03927 100.05192 0.00000020416780133203
53300 80.02525 3.92831 0.03926 100.05199 0.00000021233586844360
53400 80.02704 3.92940 0.03927 100.05326 0.00000019001678186470
53500 80.02661 3.92945 0.03927 100.05359 0.00000019231504966299
53600 80.02509 3.92920 0.03927 100.05422 0.00000019237686377238
53700 80.02467 3.92864 0.03927 100.05205 0.00000017097650673037
53800 80.02174 3.92744 0.03926 100.04874 0.00000015864394642406
53900 80.02054 3.92698 0.03925 100.04545 0.00000017491908543832
54000 80.01902 3.92594 0.03924 100.04270 0.00000016225642385237
54100 80.02177 3.92662 0.03925 100.04547 0.00000016800482871560
54200 80.02264 3.92770 0.03926 100.04487 0.00000018697586146033
54300 80.02507 3.92820 0.03926 100.04932 0.00000019841124165865
54400 80.02589 3.92913 0.03927 100.04914 0.00000019070410628430
54500 80.02743 3.93097 0.03929 100.05057 0.00000020484390184095
54600 80.02525 3.93033 0.03928 100.04822 0.00000023456279318879
54700 80.02345 3.92978 0.03928 100.04612 0.00000025971127914914
54800 80.02180 3.92939 0.03928 100.04462 0.00000025241704681989
54900 80.02498 3.93035 0.03928 100.04732 0.00000027347616704532
55000 80.02579 3.93055 0.03929 100.04591 0.00000028019301545612
55100 80.02680 3.93106 0.03929 100.04819 0.00000024934415243649
55200 80.02661 3.93147 0.03930 100.04690 0.00000024018094180178
55300 80.03117 3.93272 0.03931 100.04987 0.00000024313886459737
55400 80.02960 3.93233 0.03930 100.04906 0.00000024680226973217
55500 80.02905 3.93203 0.03930 100.04807 0.00000025456515340139
55600 80.03083 3.93306 0.03931 100.04865 0.00000024623572647542
55700 80.03549 3.93415 0.03932 100.05118 0.00000023882498423333
55800 80.03534 3.93378 0.03932 100.05235 0.00000025754329469052
55900 80.03555 3.93369 0.03932 100.05327 0.00000028525632078669
56000 80.03606 3.93362 0.03932 100.05234 0.00000025722276753015
56100 80.03489 3.93384 0.03932 100.04952 0.00000028544371621919
56200 80.03835 3.93479 0.03933 100.05192 0.00000030403927997469
56300 80.03905 3.93567 0.03934 100.05284 0.00000031477304629490
56400 80.03912 3.93568 0.03934 100.05043 0.00000033914146646552
56500 80.03553 3.93538 0.03934 100.04674 0.00000033065721316561
56600 80.03346 3.93537 0.03934 100.04290 0.00000031802751765397
56700 80.03572 3.93581 0.03934 100.04441 0.00000035178308532835
56800 80.03292 3.93512 0.03934 100.04058 0.00000033348240791042
56900 80.03074 3.93466 0.03933 100.04116 0.00000035388732433361
57000 80.03030 3.93464 0.03933 100.04121 0.00000038308009520094
57100 80.03286 3.93500 0.03933 100.04408 0.00000038001781010877
57200 80.03445 3.93520 0.03933 100.04365 0.00000038512217281905
57300 80.03385 3.93514 0.03933 100.04309 0.00000035108893081670
57400 80.03162 3.93503 0.03933 100.04178 0.00000036162738092926
57500 80.03231 3.93525 0.03934 100.04282 0.00000032166678254342
57600 80.03442 3.93572 0.03934 100.04335 0.00000031140318901279
57700 80.03026 3.93572 0.03934 100.03811 0.00000031112856380133
57800 80.03087 3.93577 0.03934 100.04067 0.00000034968657347534
57900 80.03292 3.93558 0.03934 100.04181 0.00000034682026539556
58000 80.03369 3.93504 0.03933 100.04286 0.00000034970874596141
58100 80.03562 3.93516 0.03933 100.04215 0.00000036255076096836
58200 80.03676 3.93531 0.03934 100.04399 0.00000039246795902059
58300 80.03839 3.93605 0.03934 100.04467 0.00000041063498157357
58400 80.04308 3.93697 0.03935 100.04652 0.00000040205213069910
58500 80.04163 3.93652 0.03935 100.04328 0.00000042891822316093
58600 80.03750 3.93549 0.03934 100.04075 0.00000042634018004861
58700 80.03573 3.93509 0.03934 100.03978 0.00000040688625180252
58800 80.03717 3.93481 0.03933 100.04087 0.00000043849418851494
58900 80.03830 3.93457 0.03933 100.04042 0.00000041742888745588
59000 80.04065 3.93524 0.03934 100.04288 0.00000041218060609083
59100 80.03918 3.93417 0.03933 100.04188 0.00000038105582378378
59200 80.04184 3.93481 0.03933 100.04361 0.00000038309130223624
59300 80.04385 3.93561 0.03934 100.04671 0.00000034634084533636
59400 80.04252 3.93481 0.03933 100.04665 0.00000034291183048651
59500 80.04165 3.93486 0.03933 100.04403 0.00000035156806488246
59600 80.03761 3.93344 0.03932 100.04139 0.00000035056175207160
59700 80.03401 3.93217 0.03931 100.03956 0.00000033935853016587
59800 80.03298 3.93172 0.03930 100.03923 0.00000034310798158188
59900 80.03121 3.93158 0.03930 100.03703 0.00000031517760312738
60000 80.03550 3.93299 0.03931 100.04228 0.00000035108434603970
60100 80.03687 3.93314 0.03931 100.04291 0.00000034279313387842
60200 80.03751 3.93260 0.03931 100.04563 0.00000032650196235551
60300 80.03599 3.93195 0.03930 100.04473 0.00000029731571160596
60400 80.03556 3.93138 0.03930 100.04442 0.00000027856207251986
60500 80.03686 3.93176 0.03930 100.04655 0.00000029965872894167
60600 80.03833 3.93186 0.03930 100.04868 0.00000030662600725151
60700 80.03836 3.93221 0.03930 100.04926 0.00000028060927625972
60800 80.03854 3.93350 0.03932 100.05084 0.00000029350493280234
60900 80.04002 3.93430 0.03932 100.05371 0.00000025895616095895
61000 80.03977 3.93389 0.03932 100.05208 0.00000028477362423729
61100 80.03956 3.93395 0.03932 100.05358 0.00000028892357351040
61200 80.04069 3.93440 0.03932 100.05667 0.00000030727975852685
61300 80.04207 3.93405 0.03932 100.05838 0.00000031522471077849
61400 80.04217 3.93405 0.03932 100.05904 0.00000033523809372937
61500 80.04170 3.93429 0.03932 100.05964 0.00000032394925053580
61600 80.04121 3.93379 0.03931 100.05917 0.00000031216419271729
61700 80.04246 3.93331 0.03931 100.05781 0.00000030356313018842
61800 80.03987 3.93364 0.03931 100.05474 0.00000029072707086186
61900 80.04036 3.93372 0.03932 100.05553 0.00000029008035173916
62000 80.03976 3.93328 0.03931 100.05485 0.00000029273949042619
62100 80.03833 3.93284 0.03931 100.05399 0.00000027053335349692
62200 80.03722 3.93268 0.03931 100.05404 0.00000029101310694557
62300 80.03734 3.93254 0.03930 100.05390 0.00000029323778028001
62400 80.03562 3.93191 0.03930 100.05308 0.00000029655291688968
62500 80.03872 3.93226 0.03930 100.05264 0.00000030276921014760
62600 80.03823 3.93237 0.03930 100.05193 0.00000032070764754977
62700 80.03887 3.93285 0.03931 100.05292 0.00000034762593781323
62800 80.03791 3.93264 0.03931 100.05244 0.00000037727524437869
62900 80.03632 3.93397 0.03932 100.05059 0.00000038497288423756
63000 80.03961 3.93528 0.03933 100.05287 0.00000041404004402779
63100 80.03938 3.93518 0.03933 100.05328 0.00000043837598706631
63200 80.03808 3.93530 0.03933 100.05098 0.00000043960720397251
63300 80.03811 3.93498 0.03933 100.05194 0.00000043439119679078
63400 80.03802 3.93526 0.03933 100.05229 0.00000043040035757613
63500 80.03909 3.93630 0.03934 100.05356 0.00000040621565222665
63600 80.03850 3.93612 0.03934 100.05190 0.00000041984955112540
63700 80.03768 3.93586 0.03934 100.05110 0.00000041250235094381
63800 80.03724 3.93554 0.03934 100.05165 0.00000038764379395317
63900 80.03442 3.93454 0.03933 100.05175 0.00000039479239699602
64000 80.03329 3.93416 0.03932 100.04981 0.00000039582018063200
64100 80.03262 3.93441 0.03933 100.04772 0.00000039930247464071
64200 80.03374 3.93521 0.03933 100.04718 0.00000037465589919350
64300 80.03352 3.93554 0.03934 100.04891 0.00000037290273668944
64400 80.03556 3.93548 0.03934 100.04933 0.00000036829841665309
64500 80.03555 3.93529 0.03933 100.05062 0.00000037854908896406
64600 80.03982 3.93729 0.03935 100.05441 0.00000037883629744329
64700 80.03925 3.93811 0.03936 100.05461 0.00000037797430207931
64800 80.03659 3.93761 0.03936 100.05228 0.00000038134234703335
64900 80.03390 3.93679 0.03935 100.05151 0.00000041486874069463
65000 80.03237 3.93619 0.03934 100.05194 0.00000046554841670599
65100 80.03097 3.93583 0.03934 100.05295 0.00000046270691278494
65200 80.02960 3.93549 0.03933 100.05103 0.00000044981238422892
65300 80.03125 3.93642 0.03934 100.05093 0.00000047218296161944
65400 80.03226 3.93664 0.03935 100.05237 0.00000046401336861734
65500 80.02921 3.93606 0.03934 100.04895 0.00000048340695935067
65600 80.02953 3.93570 0.03934 100.04875 0.00000047882792397758
65700 80.02850 3.93546 0.03934 100.04959 0.00000047905746214383
65800 80.03023 3.93524 0.03933 100.04950 0.00000049065684359917
65900 80.03018 3.93535 0.03933 100.04912 0.00000048748227632345
66000 80.02665 3.93467 0.03933 100.04805 0.00000046164994360609
66100 80.02639 3.93476 0.03933 100.04582 0.00000042492597618349
66200 80.02471 3.93369 0.03932 100.04486 0.00000042625033902510
66300 80.02652 3.93351 0.03932 100.04703 0.00000044367040175075
66400 80.02633 3.93296 0.03931 100.04816 0.00000043845847796931
66500 80.02421 3.93232 0.03930 100.04725 0.00000043906529567650
66600 80.02268 3.93222 0.03930 100.04467 0.00000043382234293787
66700 80.02065 3.93149 0.03930 100.04238 0.00000043465369747864
66800 80.01658 3.93062 0.03929 100.03777 0.00000041908590064921
66900 80.01553 3.93016 0.03929 100.03741 0.00000041792966287701
67000 80.01505 3.93026 0.03929 100.03699 0.00000042393183630196
67100 80.01465 3.93000 0.03929 100.03697 0.00000040673800949520
67200 80.01781 3.93100 0.03929 100.03891 0.00000042667355337755
67300 80.01777 3.93097 0.03929 100.03935 0.00000038997296325505
67400 80.02040 3.93134 0.03930 100.04286 0.00000037055833601585
67500 80.02165 3.93151 0.03930 100.04193 0.00000037243627382111
67600 80.02359 3.93230 0.03931 100.04371 0.00000036345661147408
67700 80.02269 3.93279 0.03931 100.04355 0.00000037529971708139
67800 80.02061 3.93233 0.03931 100.04158 0.00000035139452236876
67900 80.02132 3.93265 0.03931 100.04267 0.00000034761260714333
68000 80.02277 3.93252 0.03931 100.04434 0.00000033055419468297
68100 80.02221 3.93237 0.03931 100.04245 0.00000032055247656260
68200 80.02270 3.93228 0.03931 100.04361 0.00000032175797537448
68300 80.02183 3.93209 0.03930 100.04239 0.00000032257698823202
68400 80.02109 3.93162 0.03930 100.04256 0.00000034527179471056
68500 80.02065 3.93131 0.03930 100.04117 0.00000033721840253520
68600 80.02045 3.93088 0.03929 100.04007 0.00000034284875427559
68700 80.02170 3.93057 0.03929 100.04013 0.00000035025729516747
68800 80.02076 3.93049 0.03929 100.03974 0.00000036294304184281
68900 80.02059 3.93053 0.03929 100.03904 0.00000036162841077214
69000 80.02448 3.93154 0.03930 100.04126 0.00000035710638002229
69100 80.02328 3.93136 0.03930 100.04020 0.00000036576371575947
69200 80.02106 3.93077 0.03929 100.03886 0.00000033182192460401
69300 80.02001 3.93039 0.03929 100.03838 0.00000032456476306564
69400 80.02261 3.93171 0.03930 100.03934 0.00000034481712862799
69500 80.02386 3.93229 0.03931 100.04042 0.00000033323450754352
69600 80.02711 3.93441 0.03933 100.04039 0.00000034398047965567
69700 80.02854 3.93442 0.03933 100.04179 0.00000032861310428345
69800 80.02747 3.93436 0.03933 100.03927 0.00000035084453120504
69900 80.02900 3.93469 0.03933 100.04047 0.00000035094039629868
70000 80.02957 3.93460 0.03933 100.03754 0.00000033892507023126
70100 80.03161 3.93470 0.03933 100.03807 0.00000035482376103957
70200 80.03068 3.93443 0.03933 100.03816 0.00000035093008898812
70300 80.03004 3.93425 0.03933 100.03680 0.00000033742947680437
70400 80.03303 3.93438 0.03933 100.03783 0.00000034063739695611
70500 80.03435 3.93529 0.03934 100.03858 0.00000034000859416849
70600 80.03535 3.93524 0.03934 100.03958 0.00000034908739765527
70700 80.03485 3.93479 0.03933 100.04013 0.00000030591490185472
70800 80.03532 3.93504 0.03933 100.04068 0.00000029866124107158
70900 80.03488 3.93437 0.03933 100.04137 0.00000032087107415535
71000 80.03423 3.93393 0.03932 100.04183 0.00000032083088274959
71100 80.03599 3.93426 0.03933 100.04406 0.00000030344394552628
71200 80.03637 3.93408 0.03932 100.04423 0.00000031790377974517
71300 80.03465 3.93364 0.03932 100.04269 0.00000031561074287367
71400 80.03632 3.93399 0.03932 100.04494 0.00000032402602112569
71500 80.03459 3.93388 0.03932 100.04406 0.00000032532870797297
71600 80.03807 3.93466 0.03933 100.04412 0.00000031467107675098
71700 80.03964 3.93436 0.03933 100.04604 0.00000032637329461238
71800 80.04026 3.93460 0.03933 100.04603 0.00000032762860424640
71900 80.03941 3.93465 0.03933 100.04638 0.00000031360661489899
72000 80.03899 3.93501 0.03933 100.04664 0.00000032093085389207
72100 80.03741 3.93440 0.03933 100.04498 0.00000030715748478016
72200 80.03543 3.93410 0.03932 100.04380 0.00000028258968276518
72300 80.03387 3.93338 0.03932 100.04235 0.00000025081644361435
72400 80.03191 3.93322 0.03932 100.04099 0.00000023910319635334
72500 80.02886 3.93233 0.03931 100.03874 0.00000022002106980779
72600 80.02739 3.93171 0.03930 100.03837 0.00000021068508271327
72700 80.02654 3.93149 0.03930 100.03990 0.00000019473957335592
72800 80.02789 3.93143 0.03930 100.04023 0.00000019662644978879
72900 80.02834 3.93140 0.03930 100.03888 0.00000019632132630676
73000 80.02812 3.93127 0.03930 100.03833 0.00000021609021283453
73100 80.02763 3.93120 0.03930 100.03776 0.00000021413012518678
73200 80.02845 3.93176 0.03930 100.03866 0.00000024030263778840
73300 80.02969 3.93223 0.03931 100.03988 0.00000022091214768594
73400 80.03202 3.93256 0.03931 100.04192 0.00000022983278036293
73500 80.03292 3.93255 0.03931 100.04135 0.00000024626617456391
73600 80.03374 3.93320 0.03932 100.04084 0.00000025917464352432
73700 80.03216 3.93271 0.03931 100.04052 0.00000026675870090642
73800 80.03098 3.93195 0.03930 100.03932 0.00000026982206513537
73900 80.02873 3.93183 0.03930 100.03671 0.00000027511875844155
74000 80.02869 3.93173 0.03930 100.03811 0.00000028266421603362
74100 80.02806 3.93193 0.03930 100.03792 0.00000030214841473253
74200 80.02760 3.93207 0.03931 100.03801 0.00000028679096031325
74300 80.02669 3.93253 0.03931 100.03501 0.00000033163959933802
74400 80.02551 3.93232 0.03931 100.03460 0.00000034880808774673
74500 80.02611 3.93218 0.03931 100.03550 0.00000032619817380564
74600 80.02890 3.93345 0.03932 100.03668 0.00000029872993634328
74700 80.02968 3.93357 0.03932 100.03730 0.00000031556470680982
74800 80.02508 3.93260 0.03931 100.03566 0.00000033048417202863
74900 80.02297 3.93205 0.03931 100.03411 0.00000037951990883300
75000 80.02381 3.93316 0.03932 100.03528 0.00000037585373213744
75100 80.02148 3.93233 0.03931 100.03361 0.00000037078892267672
75200 80.02067 3.93191 0.03931 100.03342 0.00000040135908330186
75300 80.02149 3.93224 0.03931 100.03299 0.00000037937421204504
75400 80.02162 3.93225 0.03931 100.03344 0.00000038636521004776
75500 80.02124 3.93193 0.03931 100.03330 0.00000037099850525024
75600 80.02369 3.93254 0.03931 100.03466 0.00000039740817392442
75700 80.02353 3.93248 0.03931 100.03501 0.00000036535032155172
75800 80.02281 3.93240 0.03931 100.03559 0.00000032812250960745
75900 80.02081 3.93203 0.03931 100.03441 0.00000029585859051551
76000 80.02099 3.93197 0.03931 100.03539 0.00000032865176358143
76100 80.01847 3.93118 0.03930 100.03271 0.00000025946590476167
76200 80.01867 3.93155 0.03930 100.03398 0.00000024179629498633
76300 80.01889 3.93190 0.03931 100.03413 0.00000019131851436427
76400 80.01992 3.93219 0.03931 100.03395 0.00000018363292753065
76500 80.01865 3.93234 0.03931 100.03342 0.00000020818925072774
76600 80.01652 3.93181 0.03931 100.03308 0.00000023600376186650
76700 80.01653 3.93143 0.03930 100.03240 0.00000024751661742428
76800 80.01533 3.93123 0.03930 100.03142 0.00000026591677215748
76900 80.01582 3.93075 0.03930 100.03003 0.00000031202622663429
77000 80.01322 3.93010 0.03929 100.02855 0.00000034779807345231
77100 80.01301 3.92982 0.03929 100.02713 0.00000035537154241538
77200 80.01327 3.92978 0.03929 100.02712 0.00000032675820271777
77300 80.01296 3.92976 0.03929 100.02550 0.00000035763867334282
77400 80.01408 3.92993 0.03929 100.02584 0.00000036101932332500
77500 80.01206 3.92931 0.03928 100.02244 0.00000033637445495671
77600 80.01204 3.92976 0.03929 100.02193 0.00000031834921454532
77700 80.01063 3.92901 0.03928 100.02106 0.00000031321637816717
77800 80.01013 3.92840 0.03928 100.01994 0.00000030981176113443
77900 80.01026 3.92809 0.03927 100.02083 0.00000030384610916201
78000 80.01238 3.92916 0.03928 100.02214 0.00000030634700420862
78100 80.01310 3.92915 0.03928 100.02177 0.00000035071146609056
78200 80.01052 3.92918 0.03928 100.02136 0.00000036450033968904
78300 80.00863 3.92845 0.03928 100.02148 0.00000041154302010682
78400 80.01049 3.92931 0.03928 100.02165 0.00000040565611270083
78500 80.01260 3.92941 0.03929 100.02190 0.00000040054088046304
78600 80.01071 3.92881 0.03928 100.02011 0.00000039834416254436
78700 80.01116 3.92908 0.03928 100.01996 0.00000033354987971634
78800 80.01412 3.93070 0.03930 100.02315 0.00000032973675612169
78900 80.01411 3.93055 0.03930 100.02327 0.00000034909256729776
79000 80.01553 3.93080 0.03930 100.02335 0.00000036949903092776
79100 80.01280 3.92991 0.03929 100.02049 0.00000034586620145660
79200 80.01300 3.93003 0.03929 100.02049 0.00000034260899717253
79300 80.01254 3.92987 0.03929 100.02015 0.00000033484523420668
79400 80.01306 3.92964 0.03929 100.02040 0.00000031740094774690
79500 80.01513 3.92992 0.03929 100.02133 0.00000030962927644040
79600 80.01572 3.92993 0.03929 100.02144 0.00000028824215458911
79700 80.01635 3.93028 0.03929 100.02103 0.00000035134427456285
79800 80.01152 3.92947 0.03929 100.01690 0.00000031176879877748
79900 80.01147 3.92929 0.03929 100.01810 0.00000034414056271359
80000 80.00963 3.92963 0.03929 100.01634 0.00000037040063283200
80100 80.00824 3.92896 0.03928 100.01402 0.00000031181828408222
80200 80.01089 3.92965 0.03929 100.01510 0.00000027993312201602
80300 80.01047 3.93072 0.03930 100.01386 0.00000026183957224646
80400 80.01046 3.93112 0.03931 100.01388 0.00000024546714127993
80500 80.01155 3.93113 0.03931 100.01393 0.00000024723645797309
80600 80.01180 3.93158 0.03931 100.01502 0.00000018739296692161
80700 80.01286 3.93171 0.03931 100.01528 0.00000021770971514457
80800 80.01118 3.93154 0.03931 100.01303 0.00000024023258982098
80900 80.01289 3.93159 0.03931 100.01515 0.00000024939094123155
81000 80.01247 3.93146 0.03931 100.01501 0.00000024478383453541
81100 80.01456 3.93299 0.03932 100.01729 0.00000025042023876765
81200 80.01341 3.93246 0.03932 100.01765 0.00000021132433891680
81300 80.01169 3.93179 0.03931 100.01728 0.00000020594918304084
81400 80.01147 3.93111 0.03930 100.01826 0.00000024541576504333
81500 80.01047 3.93097 0.03930 100.01863 0.00000023740778676284
81600 80.01150 3.93157 0.03931 100.02018 0.00000025702726924592
81700 80.01026 3.93124 0.03930 100.01934 0.00000024795098552133
81800 80.01124 3.93230 0.03931 100.02032 0.00000026317424861588
81900 80.01266 3.93302 0.03932 100.02094 0.00000026141809561508
82000 80.01079 3.93248 0.03932 100.01950 0.00000023307045804444
82100 80.00752 3.93167 0.03931 100.01817 0.00000028692637688010
82200 80.00526 3.93100 0.03930 100.01732 0.00000030172888987323
82300 80.00634 3.93130 0.03931 100.01886 0.00000032941720418123
82400 80.00540 3.93151 0.03931 100.01822 0.00000033462322690525
82500 80.00648 3.93205 0.03931 100.01953 0.00000027234980226609
82600 80.00650 3.93210 0.03931 100.01925 0.00000028856382972009
82700 80.00604 3.93144 0.03931 100.01857 0.00000033014361999761
82800 80.00476 3.93082 0.03930 100.01825 0.00000027799783186566
82900 80.00266 3.93036 0.03930 100.01732 0.00000026759348381589
83000 80.00129 3.93015 0.03930 100.01545 0.00000026793742691211
83100 80.00316 3.93067 0.03930 100.01615 0.00000024931681830154
83200 80.00269 3.93056 0.03930 100.01530 0.00000024126261255475
83300 80.00309 3.93082 0.03930 100.01516 0.00000023948598792956
83400 80.00163 3.93010 0.03929 100.01553 0.00000024198088244276
83500 80.00137 3.92983 0.03929 100.01510 0.00000021743759237580
83600 80.00266 3.92976 0.03929 100.01572 0.00000019104359516575
83700 80.00040 3.92887 0.03928 100.01282 0.00000017316890232877
83800 80.00249 3.92938 0.03929 100.01422 0.00000019704796194731
83900 80.00168 3.92949 0.03929 100.01331 0.00000019151800856321
84000 80.00057 3.92944 0.03929 100.01255 0.00000020871906381004
84100 79.99991 3.92910 0.03929 100.01306 0.00000018921420474882
84200 79.99997 3.92947 0.03929 100.01201 0.00000016919967160689
84300 79.99854 3.92900 0.03929 100.01107 0.00000016414624548489
84400 80.00047 3.92940 0.03929 100.01283 0.00000019875232748490
84500 79.99995 3.92939 0.03929 100.01406 0.00000023886000866113
84600 79.99955 3.92884 0.03928 100.01400 0.00000022981605507510
84700 79.99834 3.92809 0.03928 100.01361 0.00000018610206842240
84800 79.99929 3.92874 0.03928 100.01401 0.00000019838214715406
84900 79.99817 3.92852 0.03928 100.01352 0.00000019698882436359
85000 79.99494 3.92776 0.03927 100.01166 0.00000016434385763375
85100 79.99662 3.92794 0.03927 100.01190 0.00000015126245189734
85200 79.99470 3.92765 0.03927 100.01077 0.00000014682701543478
85300 79.99514 3.92820 0.03928 100.01060 0.00000020718902016270
85400 79.99414 3.92799 0.03928 100.00899 0.00000020460171112902
85500 79.99486 3.92839 0.03928 100.01047 0.00000025425310568039
85600 79.99513 3.92843 0.03928 100.00996 0.00000024450089419759
85700 79.99555 3.92875 0.03928 100.01026 0.00000022021360424063
85800 79.99599 3.92896 0.03929 100.00958 0.00000021231557001400
85900 79.99599 3.92882 0.03928 100.01072 0.00000017148544229073
86000 79.99524 3.92839 0.03928 100.00795 0.00000017017922226970
86100 79.99412 3.92774 0.03928 100.00506 0.00000015687280585652
86200 79.99581 3.92800 0.03928 100.00526 0.00000015166991396143
86300 79.99764 3.92845 0.03928 100.00645 0.00000013261195697112
86400 79.99663 3.92858 0.03928 100.00703 0.00000012576998553726
86500 79.99718 3.92846 0.03928 100.00690 0.00000009880665041706
86600 79.99750 3.92865 0.03928 100.00738 0.00000008737921142199
86700 79.99674 3.92876 0.03928 100.00730 0.00000010811330142246
86800 79.99614 3.92864 0.03928 100.00672 0.00000011643162967090
86900 79.99600 3.92836 0.03928 100.00718 0.00000012814692240681
87000 79.99561 3.92816 0.03928 100.00652 0.00000012183624065187
87100 79.99402 3.92782 0.03928 100.00621 0.00000013735139292592
87200 79.99378 3.92812 0.03928 100.00555 0.00000012644336733203
87300 79.99257 3.92794 0.03928 100.00435 0.00000006860286294597
87400 79.99212 3.92800 0.03928 100.00374 0.00000008779136662085
87500 79.99077 3.92785 0.03928 100.00093 0.00000009554705204806
87600 79.99217 3.92869 0.03929 100.00136 0.00000010700472641290
87700 79.99236 3.92874 0.03929 100.00200 0.00000015617713211569
87800 79.99124 3.92807 0.03928 100.00112 0.00000014809238590985
87900 79.99190 3.92841 0.03928 100.00122 0.00000015856474133713
88000 79.99303 3.92856 0.03928 100.00181 0.00000013369546580932
88100 79.99221 3.92824 0.03928 100.00191 0.00000009818441881748
88200 79.99258 3.92813 0.03928 100.00238 0.00000012029982432438
88300 79.99136 3.92796 0.03928 100.00080 0.00000006949150543889
88400 79.99212 3.92791 0.03928 100.00181 0.00000006064549928908
88500 79.99198 3.92793 0.03928 100.00150 0.00000006710745781291
88600 79.99280 3.92785 0.03928 100.00129 0.00000003342852616939
88700 79.99175 3.92757 0.03928 100.00019 0.00000006924975526346
88800 79.99273 3.92804 0.03928 100.00207 0.00000007409432845051
88900 79.99370 3.92783 0.03928 100.00220 0.00000002178837332778
89000 79.99284 3.92765 0.03928 100.00121 0.00000001549575578963
89100 79.99293 3.92789 0.03928 100.00173 0.00000000684815226748
89200 79.99349 3.92857 0.03928 100.00180 -0.00000001339316701987
89300 79.99391 3.92843 0.03928 100.00222 0.00000000564380719936
89400 79.99436 3.92855 0.03928 100.00334 0.00000001288998641158
89500 79.99423 3.92839 0.03928 100.00237 0.00000000558857804478
89600 79.99459 3.92882 0.03929 100.00388 0.00000000986355042087
89700 79.99494 3.92929 0.03929 100.00372 0.00000000929914145686
89800 79.99668 3.92966 0.03930 100.00372 -0.00000000037210901027
89900 79.99578 3.92936 0.03929 100.00398 -0.00000002050210801130
90000 79.99666 3.92945 0.03929 100.00566 -0.00000006256053142195
90100 79.99660 3.92958 0.03929 100.00467 -0.00000008801674278303
90200 79.99531 3.92937 0.03929 100.00288 -0.00000010441425768448
90300 79.99457 3.92939 0.03929 100.00264 -0.00000009145481438821
90400 79.99377 3.92919 0.03929 100.00311 -0.00000007997364726009
90500 79.99116 3.92846 0.03928 100.00154 -0.00000006782716654996
90600 79.99085 3.92824 0.03928 100.00251 -0.00000007089122444626
90700 79.99153 3.92852 0.03928 100.00358 -0.00000002323240400059
90800 79.99205 3.92919 0.03929 100.00362 -0.00000003575859519600
90900 79.99167 3.92928 0.03929 100.00411 -0.00000002091571982277
91000 79.99255 3.92924 0.03929 100.00404 -0.00000003425368655385
91100 79.99171 3.92878 0.03929 100.00316 -0.00000004730900915462
91200 79.99205 3.92912 0.03929 100.00383 -0.00000004033631118006
91300 79.99078 3.92868 0.03929 100.00335 -0.00000003651021529549
91400 79.99105 3.92837 0.03928 100.00346 -0.00000000600887073432
91500 79.99039 3.92802 0.03928 100.00420 0.00000002641623719768
91600 79.98828 3.92742 0.03927 100.00341 0.00000001760482293278
91700 79.98903 3.92815 0.03928 100.00481 -0.00000001078572209323
91800 79.98888 3.92809 0.03928 100.00390 -0.00000005708496164658
91900 79.98963 3.92836 0.03928 100.00442 -0.00000003693310990371
92000 79.99058 3.92840 0.03928 100.00433 -0.00000001914003311398
92100 79.99136 3.92863 0.03928 100.00520 -0.00000004509126316776
92200 79.99334 3.92909 0.03929 100.00542 -0.00000006834125088062
92300 79.99443 3.92892 0.03929 100.00530 -0.00000005375770406602
92400 79.99364 3.92861 0.03928 100.00442 -0.00000007101407950572
92500 79.99518 3.92920 0.03929 100.00475 -0.00000007568314197570
92600 79.99574 3.92933 0.03929 100.00573 -0.00000004499055883400
92700 79.99604 3.92940 0.03929 100.00532 0.00000000217902274002
92800 79.99675 3.92967 0.03929 100.00571 -0.00000002160554446462
92900 79.99795 3.92975 0.03929 100.00723 -0.00000001107346925266
93000 79.99750 3.92980 0.03930 100.00753 -0.00000000151520973546
93100 79.99635 3.92936 0.03929 100.00607 -0.00000000522772403144
93200 79.99742 3.92949 0.03929 100.00672 0.00000000835055979920
93300 79.99831 3.92957 0.03929 100.00781 0.00000002980066193814
93400 79.99865 3.92939 0.03929 100.00692 0.00000001594629139845
93500 79.99766 3.92909 0.03929 100.00824 0.00000001640113289625
93600 79.99896 3.92930 0.03929 100.00995 0.00000003091676736844
93700 79.99712 3.92870 0.03928 100.00859 0.00000005123637825122
93800 79.99893 3.92891 0.03929 100.00919 0.00000005416308512807
93900 80.00059 3.92904 0.03929 100.01042 0.00000001126528337281
94000 80.00190 3.92913 0.03929 100.01088 0.00000004606851877753
94100 80.00073 3.92943 0.03929 100.00980 0.00000005584329310082
94200 80.00264 3.92967 0.03929 100.01059 0.00000007484622832621
94300 80.00151 3.92974 0.03929 100.00967 0.00000008267717532817
94400 79.99968 3.92972 0.03929 100.00821 0.00000005673356495706
94500 80.00049 3.92967 0.03929 100.00854 0.00000010813904349760
94600 80.00085 3.92992 0.03930 100.00908 0.00000011315477577156
94700 79.99976 3.92974 0.03929 100.00801 0.00000013459262149240
94800 79.99962 3.93003 0.03930 100.00832 0.00000011563902058143
94900 79.99895 3.92975 0.03929 100.00767 0.00000017932939710974
95000 79.99987 3.92990 0.03930 100.00857 0.00000019926529803982
95100 79.99921 3.92978 0.03930 100.00649 0.00000020949210677301
95200 79.99839 3.92936 0.03929 100.00585 0.00000020871282169210
95300 80.00018 3.92986 0.03930 100.00809 0.00000019984002941342
95400 80.00058 3.92984 0.03930 100.00816 0.00000023184371711338
95500 79.99946 3.92960 0.03929 100.00761 0.00000022934685839360
95600 79.99954 3.92936 0.03929 100.00745 0.00000026990519330639
95700 79.99790 3.92942 0.03929 100.00637 0.00000029750543495410
95800 79.99810 3.92941 0.03929 100.00710 0.00000028777792460133
95900 79.99890 3.92978 0.03929 100.00795 0.00000024955365063306
96000 79.99625 3.92938 0.03929 100.00497 0.00000027711166117328
96100 79.99671 3.92913 0.03929 100.00493 0.00000029485905894688
96200 79.99621 3.92889 0.03929 100.00400 0.00000026343391335004
96300 79.99670 3.92884 0.03929 100.00468 0.00000025568158479317
96400 79.99469 3.92891 0.03929 100.00276 0.00000020486738350201
96500 79.99460 3.92857 0.03928 100.00256 0.00000016272258962502
96600 79.99544 3.92883 0.03929 100.00334 0.00000017526568463211
96700 79.99550 3.92897 0.03929 100.00411 0.00000018346613961384
96800 79.99577 3.92929 0.03929 100.00375 0.00000017933128004799
96900 79.99434 3.92882 0.03929 100.00404 0.00000020444101211936
97000 79.99604 3.92939 0.03929 100.00555 0.00000022039431835097
97100 79.99651 3.92929 0.03929 100.00446 0.00000024900322825872
97200 79.99659 3.92912 0.03929 100.00486 0.00000026236717642902
97300 79.99748 3.92903 0.03929 100.00374 0.00000025988673524324
97400 79.99903 3.92907 0.03929 100.00546 0.00000026069716652088
97500 79.99932 3.92927 0.03929 100.00597 0.00000026347280845940
97600 79.99994 3.92921 0.03929 100.00667 0.00000026343047476729
97700 79.99939 3.92933 0.03929 100.00625 0.00000025408578352426
97800 80.00004 3.92980 0.03930 100.00691 0.00000023247929803460
97900 80.00035 3.92966 0.03929 100.00651 0.00000019360539793567
98000 79.99833 3.92927 0.03929 100.00491 0.00000020636832598342
98100 79.99803 3.92907 0.03929 100.00424 0.00000019067702883291
98200 79.99784 3.92898 0.03929 100.00410 0.00000017606688773597
98300 79.99732 3.92895 0.03929 100.00411 0.00000016015594717089
98400 79.99788 3.92899 0.03929 100.00334 0.00000017800338092400
98500 79.99858 3.92879 0.03929 100.00262 0.00000020368333464305
98600 80.00031 3.92888 0.03929 100.00406 0.00000023362882650702
98700 80.00113 3.92927 0.03929 100.00488 0.00000020111893173080
98800 80.00211 3.92944 0.03929 100.00614 0.00000019895909142420
98900 80.00152 3.92928 0.03929 100.00563 0.00000023594539166893
99000 79.99945 3.92879 0.03929 100.00474 0.00000024461640668605
99100 80.00110 3.92929 0.03929 100.00556 0.00000025854528429292
99200 79.99999 3.92871 0.03929 100.00526 0.00000022740199323579
99300 80.00165 3.92897 0.03929 100.00803 0.00000025155210670036
99400 80.00204 3.92893 0.03929 100.00775 0.00000022539013055933
99500 80.00044 3.92849 0.03928 100.00730 0.00000023319947395350
99600 80.00076 3.92821 0.03928 100.00785 0.00000027451333917128
99700 79.99876 3.92755 0.03927 100.00705 0.00000026125294860790
99800 79.99849 3.92730 0.03927 100.00688 0.00000030673508444323
99900 79.99919 3.92725 0.03927 100.00720 0.00000030822631114091
100000 79.99821 3.92708 0.03927 100.00726 0.00000031522707732989
