#Arquivo Dados/Coleta95.txt 
#Parâmetros(Ocupação: 95.000%, Capacidade: 371368.421 bps)
#Coleta|Ocupação|E(n)|E(w)|lambda|Little

100 94.90155 21.44650 0.21346 100.47000 -0.00000000002000177801
200 95.03598 18.53143 0.18506 100.13500 -0.00000000005078604204
300 94.69044 17.79199 0.17861 99.61333 -0.00000000003003819415
400 94.20343 16.11392 0.16225 99.31250 -0.00000000007846168160
500 94.20489 16.13977 0.16246 99.34800 -0.00000000019509371896
600 94.37302 18.83387 0.18959 99.34000 -0.00000000010036416143
700 94.34294 20.11857 0.20221 99.49571 0.00000000004858691227
800 94.47564 20.92169 0.20967 99.78250 -0.00000000003928946057
900 94.44874 20.21461 0.20246 99.84556 0.00000000043742431899
1000 94.39840 19.45720 0.19486 99.85000 0.00000000011321432680
1100 94.45442 19.93028 0.19953 99.88636 -0.00000000004515143814
1200 94.57930 19.87660 0.19879 99.98667 -0.00000000009237055565
1300 94.63778 20.02000 0.20044 99.88231 -0.00000000079141670994
1400 94.79684 21.24058 0.21247 99.96786 -0.00000000081695006315
1500 94.81876 20.88816 0.20892 99.97933 -0.00000000119778675867
1600 94.77687 20.33961 0.20364 99.88125 -0.00000000096377661407
1700 94.76260 20.10429 0.20120 99.92235 -0.00000000133010757963
1800 94.88724 19.87636 0.19866 100.05389 -0.00000000017727330714
1900 94.95415 19.94671 0.19933 100.06737 0.00000000019127810447
2000 94.84946 20.27874 0.20280 99.99250 0.00000000000413891144
2100 94.86921 20.01615 0.20014 100.01095 -0.00000000019505819182
2200 94.89853 19.80041 0.19800 100.00136 -0.00000000037003999864
2300 94.89860 19.55081 0.19555 99.97652 -0.00000000071950978509
2400 94.78383 19.20389 0.19220 99.91708 0.00000000033500668906
2500 94.79711 18.98975 0.19006 99.91600 0.00000000019647217187
2600 94.79269 18.79462 0.18808 99.93000 0.00000000127940680272
2700 94.73638 18.63928 0.18663 99.87556 0.00000000256246579511
2800 94.75062 18.64031 0.18658 99.90500 0.00000000341846018159
2900 94.77291 18.53385 0.18552 99.90172 0.00000000427415258741
3000 94.76253 18.36175 0.18380 99.90033 0.00000000383201026466
3100 94.80536 18.30337 0.18313 99.94581 0.00000000322726023683
3200 94.86381 18.91385 0.18916 99.98812 0.00000000227833396593
3300 94.90355 18.87846 0.18879 99.99788 0.00000000280385847873
3400 94.92349 18.89323 0.18887 100.03441 0.00000000178671299977
3500 94.92302 18.84224 0.18841 100.00714 0.00000000101065111835
3600 94.91924 18.73040 0.18730 100.00389 0.00000000009505285448
3700 94.92538 18.90410 0.18898 100.03000 0.00000000078388495695
3800 94.90502 18.73521 0.18733 100.00921 0.00000000027584690088
3900 94.92159 18.79021 0.18782 100.04410 0.00000000228840946193
4000 94.91911 18.97756 0.18970 100.04100 0.00000000451033699278
4100 94.91616 18.87407 0.18870 100.02415 0.00000000328047278231
4200 94.93688 18.97550 0.18973 100.01452 0.00000000509008657446
4300 94.91936 18.95132 0.18948 100.01581 0.00000000686712908760
4400 94.91840 18.99954 0.18995 100.02136 0.00000000731166593937
4500 94.92561 18.98653 0.18982 100.02222 0.00000000553448842311
4600 94.94030 19.00950 0.19005 100.02196 0.00000000584873660614
4700 94.92250 18.88567 0.18888 99.98511 0.00000000386693699284
4800 94.93203 18.87888 0.18880 99.99313 0.00000000464094185304
4900 94.92087 18.93424 0.18934 99.99980 0.00000000944505984535
5000 94.88653 18.81973 0.18825 99.97460 0.00000000697386326465
5100 94.92995 19.34932 0.19350 99.99745 0.00000000817570722234
5200 94.93865 19.47434 0.19473 100.00442 0.00000001041541608515
5300 94.90398 19.41850 0.19423 99.97434 0.00000001066868549060
5400 94.89233 19.32293 0.19328 99.97593 0.00000001045812325629
5500 94.87541 19.28162 0.19290 99.95855 0.00000001076413269629
5600 94.86307 19.27927 0.19288 99.95554 0.00000001077921396586
5700 94.87216 19.22120 0.19234 99.93298 0.00000000755896678584
5800 94.85353 19.10594 0.19123 99.90948 0.00000000974317870828
5900 94.91219 19.50156 0.19512 99.94847 0.00000000970418057022
6000 94.95130 19.68285 0.19687 99.97767 0.00000001097492585700
6100 94.96694 19.63830 0.19642 99.98016 0.00000001293793161494
6200 94.95458 19.50461 0.19509 99.97742 0.00000001354475998028
6300 94.95169 19.39778 0.19401 99.98524 0.00000001236969637830
6400 94.96366 19.30122 0.19302 99.99344 0.00000001046717557074
6500 94.93579 19.16228 0.19167 99.97369 0.00000001036218932882
6600 94.97505 19.20009 0.19201 99.99379 0.00000000940292821383
6700 94.96818 19.12705 0.19129 99.98791 0.00000000605115957342
6800 94.96584 19.05588 0.19052 100.02103 0.00000000349027118318
6900 94.97818 18.99433 0.18988 100.03159 0.00000000583430548318
7000 94.98145 19.04799 0.19045 100.01714 0.00000000740883621120
7100 94.99454 19.06684 0.19062 100.02718 0.00000000737459160405
7200 94.99984 19.05353 0.19047 100.03417 0.00000000508784481212
7300 95.04134 19.23351 0.19224 100.05123 0.00000000179874959372
7400 95.03142 19.19693 0.19188 100.04730 -0.00000000183895210171
7500 95.02317 19.15880 0.19151 100.04093 -0.00000000077826811662
7600 95.02146 19.11709 0.19108 100.04526 -0.00000000089571727813
7700 95.01827 19.04948 0.19037 100.06701 0.00000000201149319423
7800 95.00172 18.96622 0.18955 100.05846 0.00000000017248424911
7900 94.99813 18.91913 0.18908 100.06114 -0.00000000053974247294
8000 94.99966 18.90054 0.18887 100.07300 -0.00000000298491542594
8100 95.03616 19.20394 0.19187 100.08864 -0.00000000341777450785
8200 95.05778 19.29597 0.19278 100.09293 -0.00000000072851591426
8300 95.05219 19.22730 0.19209 100.09699 -0.00000000095627328278
8400 95.07387 19.36064 0.19337 100.12024 -0.00000000230228636156
8500 95.08482 19.33459 0.19311 100.12153 -0.00000000306689074137
8600 95.06980 19.28143 0.19260 100.10977 0.00000000211678852224
8700 95.06866 19.25450 0.19234 100.10747 -0.00000000162678759352
8800 95.07405 19.23310 0.19211 100.11352 0.00000000201638172825
8900 95.06145 19.18054 0.19162 100.09933 0.00000000036459724129
9000 95.06671 19.15428 0.19133 100.10956 -0.00000000039874947788
9100 95.06250 19.18455 0.19164 100.10582 -0.00000000064646243914
9200 95.06515 19.16102 0.19140 100.10859 -0.00000000017781331962
9300 95.07786 19.21803 0.19195 100.12204 0.00000000372894604084
9400 95.07575 19.17789 0.19152 100.13691 -0.00000000396729760155
9500 95.08507 19.17387 0.19148 100.13463 0.00000000142447831308
9600 95.10215 19.23337 0.19205 100.14552 0.00000000406817335374
9700 95.08929 19.15761 0.19134 100.12443 0.00000000007473133223
9800 95.06939 19.08333 0.19062 100.10990 0.00000000575955638737
9900 95.05693 18.99593 0.18978 100.09404 0.00000001079330758103
10000 95.06581 18.98635 0.18967 100.10190 0.00000000868715233082
10100 95.05995 18.96339 0.18945 100.09792 0.00000001031640550764
10200 95.07543 18.97253 0.18951 100.11216 0.00000000930458554649
10300 95.10455 19.06138 0.19036 100.13379 0.00000001380091774195
10400 95.09888 19.00396 0.18980 100.12788 0.00000001140640648600
10500 95.10261 18.97639 0.18952 100.13000 0.00000000527206367451
10600 95.09853 18.93948 0.18916 100.12396 0.00000000338402017519
10700 95.12320 19.06948 0.19044 100.13486 0.00000000301623259702
10800 95.12413 19.00789 0.18982 100.13898 -0.00000000467070648824
10900 95.12833 18.97795 0.18951 100.13972 -0.00000001209064492969
11000 95.15176 19.07837 0.19050 100.14991 -0.00000000934983290790
11100 95.14174 19.01774 0.18990 100.14495 -0.00000001216679734739
11200 95.11362 18.94584 0.18921 100.13179 -0.00000001536007943059
11300 95.11367 18.93601 0.18913 100.12115 -0.00000001716323438927
11400 95.11519 18.95524 0.18934 100.11105 -0.00000002008764710126
11500 95.08593 18.89002 0.18874 100.08704 -0.00000001879686806205
11600 95.07385 18.87401 0.18861 100.06828 -0.00000001640491475996
11700 95.06936 18.83515 0.18824 100.06043 -0.00000001887186229510
11800 95.08102 18.90692 0.18897 100.05178 -0.00000001661149440224
11900 95.09976 19.02087 0.19009 100.06227 -0.00000002037559454493
12000 95.10090 18.97587 0.18963 100.06717 -0.00000001951550387957
12100 95.10302 18.94119 0.18926 100.07901 -0.00000002216104988406
12200 95.09632 18.88131 0.18868 100.06918 -0.00000002287081102281
12300 95.08840 18.83365 0.18820 100.07382 -0.00000002324675207888
12400 95.08644 18.81871 0.18805 100.07492 -0.00000002891470884947
12500 95.08126 18.77856 0.18766 100.06744 -0.00000002629431961054
12600 95.08038 18.77735 0.18765 100.06571 -0.00000002757855099844
12700 95.08186 18.75619 0.18744 100.06559 -0.00000002119724129557
12800 95.08740 18.74671 0.18736 100.05969 -0.00000001912500380286
12900 95.07060 18.68391 0.18675 100.04884 -0.00000001706522567702
13000 95.07471 18.71106 0.18702 100.04969 -0.00000001462443677269
13100 95.08508 18.81046 0.18800 100.05328 -0.00000001100552182720
13200 95.07250 18.77209 0.18763 100.04833 -0.00000000825658474923
13300 95.07595 18.77902 0.18769 100.05398 -0.00000000151412393734
13400 95.07979 18.78843 0.18777 100.06351 -0.00000000741703942708
13500 95.09185 18.83719 0.18824 100.07052 -0.00000001169842178683
13600 95.09706 18.83502 0.18821 100.07507 -0.00000001036567098822
13700 95.09507 18.83986 0.18827 100.07073 -0.00000001052633891163
13800 95.08186 18.79354 0.18782 100.06268 -0.00000000774499753220
13900 95.07782 18.75630 0.18745 100.06014 -0.00000000974812763843
14000 95.06261 18.70930 0.18698 100.05864 -0.00000000936276123298
14100 95.06620 18.79484 0.18785 100.05426 -0.00000001306556995928
14200 95.08920 18.87215 0.18859 100.06930 -0.00000001705684127273
14300 95.09408 18.85526 0.18840 100.08000 -0.00000000840559977178
14400 95.09642 18.84123 0.18826 100.08292 -0.00000000681825440552
14500 95.08661 18.79892 0.18784 100.07745 -0.00000001319562059621
14600 95.08002 18.76600 0.18754 100.06452 -0.00000001666137094958
14700 95.06585 18.71492 0.18703 100.06136 -0.00000001337658517286
14800 95.06210 18.68532 0.18673 100.06351 -0.00000001602315080618
14900 95.06109 18.67517 0.18664 100.06007 -0.00000001079918732216
15000 95.05864 18.65682 0.18645 100.06507 -0.00000001937400995189
15100 95.06114 18.63570 0.18622 100.07272 -0.00000002553263911409
15200 95.05851 18.66764 0.18656 100.06493 -0.00000002596669190780
15300 95.04792 18.62139 0.18611 100.05458 -0.00000002508289753678
15400 95.04895 18.63496 0.18623 100.06455 -0.00000002615839633791
15500 95.04965 18.65459 0.18644 100.05600 -0.00000001571478591700
15600 95.06152 18.72017 0.18709 100.05942 -0.00000000985657777619
15700 95.05409 18.70400 0.18694 100.05478 -0.00000000763104779367
15800 95.06991 18.82655 0.18814 100.06747 -0.00000000776119080115
15900 95.07018 18.81607 0.18804 100.06340 -0.00000000647513687113
16000 95.07533 18.80534 0.18794 100.06156 -0.00000000283326428985
16100 95.06576 18.76055 0.18749 100.06261 -0.00000000511760589461
16200 95.05529 18.72242 0.18711 100.05994 -0.00000000772156383277
16300 95.05149 18.70484 0.18693 100.06074 -0.00000000554055290536
16400 95.05489 18.67341 0.18662 100.06165 -0.00000000009822187508
16500 95.05322 18.64867 0.18638 100.05945 0.00000000135900535270
16600 95.07261 18.78071 0.18767 100.07416 0.00000000162679469895
16700 95.07412 18.79082 0.18777 100.07527 -0.00000000115858611593
16800 95.07510 18.80346 0.18787 100.08607 -0.00000000205480432669
16900 95.09657 19.08793 0.19071 100.09030 0.00000000493363927490
17000 95.10380 19.12167 0.19104 100.09235 0.00000000779617082003
17100 95.10107 19.08640 0.19069 100.09070 0.00000000407260358770
17200 95.11201 19.10388 0.19087 100.09087 0.00000000114230758186
17300 95.11381 19.12033 0.19103 100.08954 -0.00000000662693722120
17400 95.12353 19.17615 0.19158 100.09339 -0.00000000715380110705
17500 95.13208 19.20568 0.19187 100.09749 -0.00000001087800427513
17600 95.12519 19.16977 0.19151 100.09653 -0.00000000869244587420
17700 95.12735 19.17620 0.19156 100.10588 -0.00000001162831964052
17800 95.11512 19.13820 0.19120 100.09337 -0.00000000888414675160
17900 95.11676 19.16233 0.19145 100.09263 -0.00000001190828768927
18000 95.13003 19.18950 0.19171 100.09750 -0.00000001525062742758
18100 95.13436 19.19486 0.19177 100.09431 -0.00000001660995607722
18200 95.12657 19.16512 0.19147 100.09467 -0.00000002343886151834
18300 95.11959 19.12977 0.19111 100.09847 -0.00000002633988316347
18400 95.12633 19.15463 0.19134 100.10821 -0.00000002895138351278
18500 95.13647 19.24871 0.19227 100.11330 -0.00000002875427540516
18600 95.13382 19.22878 0.19207 100.11183 -0.00000002261914744395
18700 95.12008 19.21584 0.19196 100.10508 -0.00000002004057009231
18800 95.11502 19.18790 0.19170 100.09160 -0.00000001904991364654
18900 95.12118 19.28264 0.19263 100.10153 -0.00000000847141734539
19000 95.09915 19.23361 0.19217 100.08868 -0.00000001929338466766
19100 95.10928 19.27698 0.19257 100.10419 -0.00000001434588270399
19200 95.11373 19.27966 0.19258 100.11203 -0.00000001097253132798
19300 95.11216 19.27484 0.19253 100.11192 -0.00000002098693840935
19400 95.12258 19.30404 0.19281 100.11995 -0.00000001752989220449
19500 95.11097 19.26837 0.19246 100.11590 -0.00000000005528377756
19600 95.10088 19.23325 0.19213 100.10592 0.00000000392624599499
19700 95.09455 19.22481 0.19205 100.10396 -0.00000000006445333156
19800 95.08295 19.19492 0.19176 100.09727 -0.00000000433805880107
19900 95.07352 19.15638 0.19138 100.09724 0.00000000305427150238
20000 95.07925 19.14330 0.19126 100.09090 0.00000001084797673911
20100 95.07556 19.10894 0.19092 100.08647 0.00000000902209151832
20200 95.08054 19.09658 0.19081 100.07941 0.00000001043001063294
20300 95.07019 19.05848 0.19044 100.07665 0.00000001036951857714
20400 95.08214 19.08425 0.19067 100.08868 0.00000001563029528029
20500 95.09786 19.13552 0.19117 100.09932 0.00000000498444663322
20600 95.08874 19.10469 0.19087 100.09442 0.00000000691266777153
20700 95.09171 19.08213 0.19064 100.09671 0.00000000187061743873
20800 95.09092 19.06717 0.19048 100.09812 -0.00000000853033554904
20900 95.07660 19.02533 0.19007 100.09593 0.00000000284097723124
21000 95.07410 19.00149 0.18984 100.09300 0.00000001708576036208
21100 95.06236 18.97696 0.18961 100.08564 0.00000001001290783620
21200 95.05985 19.00538 0.18990 100.08146 0.00000001285724238187
21300 95.05845 18.98181 0.18968 100.07540 0.00000000616867978920
21400 95.06081 18.97135 0.18957 100.07804 0.00000000764413954357
21500 95.05928 18.97497 0.18960 100.07870 0.00000000484072870677
21600 95.06093 18.98288 0.18968 100.07685 0.00000001361585688642
21700 95.06282 19.00275 0.18987 100.08180 0.00000001964535556453
21800 95.05377 18.96196 0.18949 100.07041 0.00000001075889954905
21900 95.05215 18.93266 0.18919 100.07114 0.00000001484395895091
22000 95.05924 18.93716 0.18923 100.07568 0.00000001033111018955
22100 95.06380 18.96045 0.18946 100.07448 0.00000000494020113706
22200 95.06238 18.94353 0.18930 100.07045 0.00000001139069638612
22300 95.06431 18.92825 0.18914 100.07489 0.00000002123714182289
22400 95.05179 18.90232 0.18891 100.06241 0.00000001914666114544
22500 95.04618 18.89784 0.18886 100.06004 0.00000001727220677594
22600 95.04722 18.89364 0.18883 100.05872 0.00000001644289326919
22700 95.04559 18.87036 0.18859 100.06211 0.00000001673251404100
22800 95.05388 18.90151 0.18889 100.06592 0.00000000847383319069
22900 95.05301 18.89083 0.18879 100.06162 0.00000001465361876285
23000 95.04468 18.85999 0.18850 100.05426 0.00000002061156934019
23100 95.04131 18.83271 0.18823 100.04905 0.00000002775689367240
23200 95.03131 18.79954 0.18790 100.05099 0.00000003228097966712
23300 95.03395 18.78293 0.18772 100.05635 0.00000002255954356656
23400 95.03124 18.78140 0.18771 100.05359 0.00000003631099687595
23500 95.03969 18.82449 0.18813 100.06017 0.00000002911692931207
23600 95.04968 18.83300 0.18821 100.06568 0.00000002584715375065
23700 95.05038 18.83650 0.18825 100.06354 0.00000003609090626355
23800 95.05442 18.83354 0.18821 100.06664 0.00000003399557613193
23900 95.04864 18.80514 0.18793 100.06385 0.00000003423650341006
24000 95.04746 18.78240 0.18770 100.06529 0.00000003084972988177
24100 95.05185 18.78539 0.18773 100.06668 0.00000002935641774116
24200 95.05785 18.81276 0.18800 100.06868 0.00000003472684184658
24300 95.05282 18.78515 0.18773 100.06230 0.00000003617664390276
24400 95.05325 18.76401 0.18752 100.06262 0.00000003960404271197
24500 95.04510 18.73755 0.18727 100.05878 0.00000003402630710525
24600 95.04624 18.75382 0.18743 100.05512 0.00000002592667058821
24700 95.04387 18.73623 0.18726 100.05227 0.00000002327874426555
24800 95.04180 18.72324 0.18714 100.05202 0.00000002178896352234
24900 95.04376 18.74793 0.18739 100.04771 0.00000002691913181252
25000 95.04009 18.73865 0.18731 100.04036 0.00000002340025062608
25100 95.04358 18.74120 0.18733 100.04227 0.00000003404029058629
25200 95.04400 18.74433 0.18737 100.04083 0.00000004067404191233
25300 95.04598 18.76295 0.18756 100.03565 0.00000004700456557316
25400 95.04215 18.74736 0.18741 100.03378 0.00000005069715314221
25500 95.05115 18.74838 0.18742 100.03145 0.00000005490795018659
25600 95.05462 18.74315 0.18737 100.03418 0.00000006363647031549
25700 95.05136 18.72415 0.18718 100.03035 0.00000006464268409445
25800 95.05107 18.71325 0.18707 100.03376 0.00000007146466174390
25900 95.05646 18.76235 0.18756 100.03502 0.00000006671463737007
26000 95.05527 18.74854 0.18743 100.02969 0.00000006970618926516
26100 95.05492 18.74852 0.18743 100.03019 0.00000007611573238364
26200 95.05844 18.74998 0.18744 100.03073 0.00000006228713544942
26300 95.06059 18.76643 0.18761 100.03133 0.00000005978679240570
26400 95.04986 18.74503 0.18740 100.02614 0.00000005834228034018
26500 95.04923 18.74019 0.18735 100.02906 0.00000006149785036769
26600 95.04456 18.71433 0.18709 100.02774 0.00000004989437840663
26700 95.04927 18.76367 0.18759 100.02629 0.00000005918796475157
26800 95.04640 18.77079 0.18766 100.02683 0.00000005229401978113
26900 95.03504 18.73795 0.18734 100.02238 0.00000004114113139053
27000 95.03310 18.72314 0.18719 100.02222 0.00000002896475592706
27100 95.02604 18.70830 0.18705 100.01653 0.00000001058434762058
27200 95.02540 18.71326 0.18711 100.01349 -0.00000000206484074283
27300 95.02481 18.69593 0.18693 100.01370 0.00000000329778870878
27400 95.02535 18.68878 0.18685 100.01788 -0.00000001487721945637
27500 95.03020 18.69897 0.18695 100.02084 -0.00000001924806625198
27600 95.02773 18.67813 0.18675 100.01862 -0.00000002991319192347
27700 95.03854 18.75919 0.18755 100.02300 -0.00000002741502314052
27800 95.03262 18.75132 0.18748 100.01766 -0.00000002848927849186
27900 95.03788 18.77340 0.18770 100.01670 -0.00000001872490074106
28000 95.04385 18.76352 0.18760 100.02057 -0.00000002517482045050
28100 95.05076 18.77797 0.18773 100.02484 -0.00000003637452650196
28200 95.04521 18.75261 0.18749 100.02124 -0.00000002559280787295
28300 95.04733 18.78012 0.18776 100.02099 -0.00000002448950553458
28400 95.05433 18.84105 0.18837 100.02261 -0.00000002057871384409
28500 95.05731 18.83928 0.18834 100.02733 -0.00000002393930742528
28600 95.05488 18.81763 0.18813 100.02441 -0.00000003616119315097
28700 95.05975 18.83707 0.18832 100.02446 -0.00000002495847439832
28800 95.05698 18.82276 0.18818 100.02708 -0.00000001900617263573
28900 95.05940 18.82719 0.18822 100.02751 -0.00000000836485014588
29000 95.06526 18.85678 0.18851 100.03031 -0.00000002218791905761
29100 95.06871 18.86529 0.18859 100.03113 -0.00000002415488253860
29200 95.06920 18.86763 0.18862 100.02846 -0.00000002973220603053
29300 95.06176 18.84657 0.18842 100.02488 -0.00000002429281664718
29400 95.06486 18.84227 0.18838 100.02456 -0.00000002628302198104
29500 95.07092 18.84972 0.18845 100.02336 -0.00000001743586608427
29600 95.06931 18.84086 0.18836 100.02595 -0.00000001176016795057
29700 95.06746 18.82406 0.18819 100.02838 -0.00000002307150737124
29800 95.07725 18.87355 0.18867 100.03309 -0.00000002481815286615
29900 95.07728 18.85891 0.18852 100.03525 -0.00000003477737919866
30000 95.07444 18.83502 0.18829 100.03283 -0.00000004874489434314
30100 95.07825 18.82389 0.18817 100.03598 -0.00000006313427647342
30200 95.06894 18.79528 0.18789 100.03401 -0.00000005569062722088
30300 95.07462 18.81959 0.18812 100.03769 -0.00000005328657337600
30400 95.07081 18.80548 0.18798 100.03773 -0.00000003483109622948
30500 95.07810 18.83731 0.18829 100.04272 -0.00000002781257180118
30600 95.07383 18.82503 0.18817 100.04078 -0.00000001924366088701
30700 95.07167 18.82419 0.18817 100.03906 -0.00000003427013695045
30800 95.07936 18.90931 0.18901 100.04370 -0.00000003422853822599
30900 95.08020 18.90624 0.18899 100.04055 -0.00000004275492671013
31000 95.07617 18.89417 0.18887 100.04000 -0.00000004089389804562
31100 95.07916 18.87741 0.18869 100.04315 -0.00000004496516226027
31200 95.07644 18.86630 0.18859 100.03772 -0.00000005301703609462
31300 95.06952 18.84649 0.18840 100.03316 -0.00000005188250540300
31400 95.07728 18.89158 0.18885 100.03602 -0.00000005445495432355
31500 95.07363 18.86929 0.18863 100.03254 -0.00000003708095874799
31600 95.06799 18.84555 0.18840 100.03209 -0.00000003945079285472
31700 95.06791 18.84067 0.18835 100.03120 -0.00000004757541915978
31800 95.07337 18.84896 0.18843 100.03261 -0.00000003798805536803
31900 95.06925 18.83048 0.18825 100.02931 -0.00000003710528773126
32000 95.07032 18.85189 0.18846 100.03137 -0.00000004670940612073
32100 95.07150 18.84966 0.18844 100.02857 -0.00000005433179239844
32200 95.07379 18.84573 0.18840 100.02792 -0.00000006838180865998
32300 95.07338 18.82793 0.18823 100.02731 -0.00000007477857977278
32400 95.07066 18.81551 0.18810 100.02870 -0.00000007903626553230
32500 95.07078 18.81489 0.18809 100.03040 -0.00000008426635034198
32600 95.06792 18.80055 0.18795 100.03006 -0.00000010647690373844
32700 95.06102 18.78173 0.18778 100.02220 -0.00000010698240160423
32800 95.05811 18.76926 0.18765 100.02061 -0.00000010094855795728
32900 95.05111 18.74558 0.18743 100.01593 -0.00000010174737141710
33000 95.04913 18.73699 0.18734 100.01715 -0.00000009169360026817
33100 95.05480 18.75320 0.18748 100.02613 -0.00000009056640948302
33200 95.05169 18.73815 0.18734 100.02268 -0.00000009684512747299
33300 95.05404 18.73780 0.18733 100.02477 -0.00000010646870762798
33400 95.04715 18.71747 0.18714 100.01880 -0.00000010513400994228
33500 95.04870 18.70732 0.18704 100.01890 -0.00000010246918691337
33600 95.05267 18.70647 0.18702 100.02464 -0.00000009647063237139
33700 95.04912 18.68869 0.18684 100.02424 -0.00000009647880006014
33800 95.06013 18.76464 0.18759 100.02997 -0.00000009038262049899
33900 95.06190 18.79769 0.18791 100.03363 -0.00000008757962177697
34000 95.05771 18.79835 0.18793 100.02950 -0.00000007672552726490
34100 95.05388 18.78666 0.18781 100.02979 -0.00000006067223168316
34200 95.05495 18.78747 0.18782 100.02944 -0.00000006982799760635
34300 95.06486 18.82731 0.18821 100.03399 -0.00000005972470162874
34400 95.06195 18.81873 0.18813 100.03238 -0.00000006279180198021
34500 95.05797 18.80525 0.18800 100.02754 -0.00000006958519804812
34600 95.06015 18.80031 0.18795 100.03014 -0.00000007331839313451
34700 95.05641 18.78411 0.18779 100.02464 -0.00000007935868850950
34800 95.05468 18.77273 0.18768 100.02517 -0.00000009105829690270
34900 95.06099 18.83073 0.18826 100.02711 -0.00000008818399876986
35000 95.05481 18.81370 0.18809 100.02280 -0.00000007982555416675
35100 95.04696 18.79020 0.18787 100.01561 -0.00000008624017766579
35200 95.04197 18.76993 0.18768 100.01250 -0.00000009430805292254
35300 95.04056 18.75528 0.18753 100.01207 -0.00000009585211202534
35400 95.03419 18.73248 0.18731 100.00794 -0.00000009973142311992
35500 95.03819 18.73783 0.18735 100.01369 -0.00000009657977173561
35600 95.04640 18.79538 0.18792 100.02053 -0.00000009063611017268
35700 95.04204 18.77668 0.18773 100.01776 -0.00000008710596688388
35800 95.03588 18.76806 0.18766 100.01187 -0.00000009211042595325
35900 95.03209 18.75405 0.18752 100.01192 -0.00000008828613218270
36000 95.03225 18.74999 0.18747 100.01392 -0.00000008806824425278
36100 95.03384 18.76310 0.18761 100.01357 -0.00000010305072706274
36200 95.03457 18.75440 0.18751 100.01586 -0.00000010382476389736
36300 95.03141 18.73437 0.18732 100.01240 -0.00000009333879091855
36400 95.02953 18.72819 0.18726 100.01170 -0.00000008901250936333
36500 95.03425 18.75808 0.18756 100.01367 -0.00000009717238924623
36600 95.02789 18.74134 0.18739 100.01169 -0.00000009053945149162
36700 95.03313 18.74890 0.18746 100.01556 -0.00000008884919822094
36800 95.02927 18.72963 0.18727 100.01296 -0.00000010522873239438
36900 95.03060 18.72054 0.18718 100.01528 -0.00000010283307716463
37000 95.03124 18.71454 0.18711 100.01643 -0.00000010526678906331
37100 95.02987 18.70495 0.18703 100.01267 -0.00000010195815391967
37200 95.02419 18.69467 0.18693 100.00938 -0.00000011565671087510
37300 95.02207 18.71063 0.18710 100.00429 -0.00000012453221742703
37400 95.02469 18.75296 0.18752 100.00476 -0.00000011363822238764
37500 95.01829 18.73343 0.18733 100.00344 -0.00000011824802115257
37600 95.01353 18.71806 0.18718 100.00136 -0.00000010840375352927
37700 95.01611 18.74036 0.18739 100.00618 -0.00000011795897592037
37800 95.01686 18.74511 0.18744 100.00775 -0.00000012691285888877
37900 95.01165 18.73054 0.18730 100.00491 -0.00000015707088607542
38000 95.01419 18.73489 0.18734 100.00647 -0.00000016557086013336
38100 95.01741 18.74204 0.18740 100.01218 -0.00000016518491108286
38200 95.01179 18.72191 0.18720 100.00997 -0.00000017364756743632
38300 95.01329 18.71795 0.18716 100.00963 -0.00000017151736031451
38400 95.01511 18.71418 0.18712 100.01240 -0.00000016368698041447
38500 95.01629 18.70924 0.18707 100.01130 -0.00000016236032607253
38600 95.01640 18.71609 0.18714 100.01023 -0.00000016525099155729
38700 95.01505 18.70447 0.18703 100.00711 -0.00000016633755706152
38800 95.01243 18.69457 0.18694 100.00536 -0.00000015213556636695
38900 95.01021 18.68819 0.18687 100.00807 -0.00000017323174006378
39000 95.01803 18.70380 0.18701 100.01387 -0.00000015814143949910
39100 95.01305 18.68289 0.18681 100.01215 -0.00000015109786133394
39200 95.01338 18.68288 0.18681 100.01240 -0.00000016838491490034
39300 95.01553 18.67926 0.18677 100.01389 -0.00000017044213507234
39400 95.01034 18.66094 0.18659 100.01005 -0.00000016446482220545
39500 95.00764 18.64799 0.18646 100.01197 -0.00000017053945100542
39600 95.01284 18.67050 0.18667 100.01672 -0.00000019278035878756
39700 95.01316 18.69662 0.18693 100.01695 -0.00000018966927939346
39800 95.01545 18.74127 0.18738 100.01940 -0.00000019414228091819
39900 95.01171 18.74094 0.18739 100.01293 -0.00000021155351603852
40000 95.00679 18.72931 0.18728 100.00890 -0.00000021681259099182
40100 95.00357 18.71452 0.18714 100.00232 -0.00000019436692966224
40200 95.00084 18.69964 0.18700 100.00057 -0.00000018907713794647
40300 95.00205 18.69344 0.18693 100.00022 -0.00000016967683791336
40400 95.00247 18.68911 0.18689 100.00010 -0.00000018020241654426
40500 95.00049 18.67780 0.18678 99.99906 -0.00000017939078844620
40600 95.00656 18.68151 0.18681 100.00126 -0.00000017693945508768
40700 95.00548 18.67629 0.18676 100.00280 -0.00000018668701429192
40800 95.00624 18.66815 0.18668 100.00257 -0.00000017101805838138
40900 95.00645 18.66185 0.18662 99.99946 -0.00000013442910073991
41000 95.00683 18.64866 0.18649 99.99824 -0.00000013405875520789
41100 95.00735 18.64549 0.18646 99.99720 -0.00000014172726636730
41200 95.00997 18.64734 0.18648 99.99709 -0.00000011349253981052
41300 95.01458 18.68503 0.18685 100.00186 -0.00000012096938917239
41400 95.01685 18.72064 0.18720 100.00188 -0.00000010213041434781
41500 95.01552 18.71997 0.18719 100.00280 -0.00000009480430662734
41600 95.01542 18.71745 0.18717 100.00168 -0.00000011011321632282
41700 95.01767 18.71677 0.18716 100.00393 -0.00000011774834618450
41800 95.01776 18.70901 0.18708 100.00359 -0.00000007800816703707
41900 95.01653 18.71005 0.18709 100.00506 -0.00000007734909956980
42000 95.01086 18.69564 0.18695 100.00124 -0.00000007410591607027
42100 95.01329 18.69825 0.18697 100.00420 -0.00000006508140870665
42200 95.00982 18.69602 0.18695 100.00308 -0.00000005601454944326
42300 95.00534 18.69378 0.18694 99.99837 -0.00000007393822443191
42400 95.01244 18.74955 0.18750 99.99941 -0.00000006263134366691
42500 95.01246 18.74682 0.18747 99.99972 -0.00000006682945752345
42600 95.01501 18.74177 0.18741 100.00315 -0.00000007608346663801
42700 95.01806 18.74470 0.18744 100.00616 -0.00000007252537770341
42800 95.01116 18.72461 0.18724 100.00561 -0.00000008102329829285
42900 95.01136 18.72254 0.18722 100.00543 -0.00000008494230385736
43000 95.00849 18.71251 0.18711 100.00695 -0.00000008467477030649
43100 95.00941 18.70499 0.18704 100.00701 -0.00000011042078895684
43200 95.00555 18.69586 0.18695 100.00431 -0.00000010569244679459
43300 95.00352 18.68117 0.18680 100.00473 -0.00000008926746986049
43400 95.00425 18.67610 0.18675 100.00440 -0.00000009277907508931
43500 94.99964 18.66099 0.18661 100.00069 -0.00000007581035532667
43600 95.00458 18.66713 0.18666 100.00367 -0.00000007864603190910
43700 95.00359 18.64882 0.18648 100.00311 -0.00000008841989540542
43800 94.99972 18.63061 0.18630 100.00308 -0.00000010187451238153
43900 95.00289 18.63183 0.18631 100.00524 -0.00000011568126367933
44000 95.00686 18.62874 0.18627 100.00939 -0.00000011536789301658
44100 95.00569 18.63039 0.18628 100.01102 -0.00000011933401822262
44200 95.00685 18.63081 0.18628 100.01414 -0.00000010118939286485
44300 95.00667 18.62624 0.18624 100.01431 -0.00000010984714293727
44400 95.00527 18.61860 0.18616 100.01583 -0.00000009605611595020
44500 95.00565 18.60928 0.18607 100.01440 -0.00000008243502591654
44600 95.00474 18.59955 0.18597 100.01417 -0.00000009969129877163
44700 95.00393 18.60957 0.18607 100.01358 -0.00000009239620979429
44800 95.00521 18.61350 0.18611 100.01185 -0.00000012046736586058
44900 95.00542 18.62099 0.18619 100.00976 -0.00000013428157430440
45000 95.00943 18.63305 0.18631 100.01040 -0.00000013532723741605
45100 95.00516 18.61929 0.18618 100.00701 -0.00000015212578219348
45200 95.00956 18.63853 0.18637 100.00949 -0.00000015867037816975
45300 95.00884 18.63095 0.18629 100.00894 -0.00000016651404166623
45400 95.00655 18.61705 0.18615 100.00967 -0.00000016916352763019
45500 95.00561 18.62476 0.18623 100.00903 -0.00000017553526987513
45600 95.00116 18.61093 0.18610 100.00741 -0.00000016009675363193
45700 94.99933 18.59616 0.18595 100.00595 -0.00000015089385385636
45800 95.00031 18.58997 0.18589 100.00507 -0.00000017821689013431
45900 95.00147 18.58205 0.18581 100.00671 -0.00000018757848252449
46000 95.00312 18.57954 0.18578 100.00978 -0.00000017350102865521
46100 95.00500 18.57503 0.18573 100.01004 -0.00000018118347355767
46200 95.00592 18.57826 0.18576 100.01229 -0.00000018801375745170
46300 95.01020 18.59092 0.18589 100.01173 -0.00000018073281538022
46400 95.01381 18.60094 0.18599 100.01149 -0.00000018001153634373
46500 95.00970 18.58285 0.18581 100.00985 -0.00000017864586610017
46600 95.00653 18.56550 0.18564 100.00685 -0.00000016677846659263
46700 95.00851 18.58483 0.18583 100.00837 -0.00000015485710491703
46800 95.01155 18.59972 0.18597 100.01346 -0.00000016149398618381
46900 95.01384 18.59622 0.18594 100.01426 -0.00000017162571808171
47000 95.01564 18.60436 0.18601 100.01621 -0.00000015353340288016
47100 95.01894 18.60867 0.18605 100.01873 -0.00000016666738034132
47200 95.01872 18.60110 0.18597 100.01941 -0.00000015450099155601
47300 95.02488 18.64834 0.18644 100.02220 -0.00000017165097432326
47400 95.02541 18.63870 0.18635 100.02158 -0.00000016793238799551
47500 95.02138 18.62687 0.18623 100.01912 -0.00000016249213175001
47600 95.01937 18.62307 0.18620 100.01710 -0.00000015425725763407
47700 95.01719 18.61082 0.18608 100.01658 -0.00000015278385845363
47800 95.01874 18.61726 0.18614 100.01701 -0.00000015517430185241
47900 95.01706 18.60466 0.18602 100.01582 -0.00000013041593405205
48000 95.01996 18.61911 0.18616 100.01856 -0.00000011776142372355
48100 95.01911 18.61412 0.18610 100.01963 -0.00000011151362144801
48200 95.01736 18.60038 0.18597 100.01602 -0.00000011499144747518
48300 95.01787 18.61625 0.18613 100.01656 -0.00000009676674395109
48400 95.02293 18.62522 0.18622 100.01909 -0.00000009412890378258
48500 95.02054 18.61331 0.18610 100.01936 -0.00000009439416359669
48600 95.02271 18.62629 0.18622 100.02195 -0.00000009210293328010
48700 95.02497 18.62391 0.18620 100.02138 -0.00000008464918366258
48800 95.02284 18.63158 0.18628 100.01943 -0.00000008721337252382
48900 95.02868 18.67359 0.18669 100.02209 -0.00000010216502843718
49000 95.02464 18.66001 0.18656 100.02088 -0.00000009916932697251
49100 95.02129 18.65247 0.18649 100.01870 -0.00000009070594586547
49200 95.02325 18.65999 0.18656 100.02112 -0.00000007639321708552
49300 95.02917 18.66773 0.18663 100.02659 -0.00000005245448164715
49400 95.02715 18.65810 0.18653 100.02905 -0.00000005775761735549
49500 95.02958 18.66050 0.18655 100.02970 -0.00000006146698794396
49600 95.02944 18.66013 0.18654 100.03131 -0.00000005786602130797
49700 95.02677 18.64502 0.18639 100.02974 -0.00000006734157764754
49800 95.02534 18.63370 0.18629 100.02723 -0.00000006780401307083
49900 95.02585 18.63821 0.18633 100.02894 -0.00000007007312419205
50000 95.02692 18.64580 0.18641 100.02812 -0.00000005589284413077
50100 95.02753 18.63809 0.18633 100.02617 -0.00000004978437218028
50200 95.02692 18.63269 0.18628 100.02528 -0.00000004273661602383
50300 95.02890 18.63647 0.18631 100.02829 -0.00000006188442824850
50400 95.03059 18.70293 0.18697 100.02994 -0.00000006016257003694
50500 95.03366 18.70109 0.18695 100.03087 -0.00000005056131868741
50600 95.03124 18.68622 0.18680 100.03097 -0.00000004354381033522
50700 95.03058 18.68145 0.18675 100.03300 -0.00000003674115589547
50800 95.03161 18.67492 0.18669 100.03248 -0.00000006036028921130
50900 95.03344 18.68293 0.18676 100.03466 -0.00000006019561737958
51000 95.03705 18.69369 0.18687 100.03580 -0.00000005687527249165
51100 95.03097 18.67621 0.18670 100.03237 -0.00000005711025963251
51200 95.03327 18.68270 0.18676 100.03500 -0.00000005132622504789
51300 95.03575 18.69358 0.18687 100.03735 -0.00000004686369692308
51400 95.03637 18.68980 0.18682 100.04031 -0.00000005124019608616
51500 95.03720 18.69021 0.18683 100.03841 -0.00000004515007390182
51600 95.03448 18.67744 0.18670 100.03940 -0.00000005398336710982
51700 95.03297 18.66639 0.18659 100.03758 -0.00000004099988260009
51800 95.03147 18.65896 0.18652 100.03523 -0.00000004888651261581
51900 95.03463 18.65947 0.18653 100.03568 -0.00000005080196174845
52000 95.03211 18.64848 0.18642 100.03435 -0.00000007263730594786
52100 95.03074 18.65016 0.18644 100.03250 -0.00000008095436143662
52200 95.02859 18.63509 0.18629 100.03075 -0.00000008552214580959
52300 95.02836 18.62924 0.18624 100.02914 -0.00000010033728869985
52400 95.03252 18.64574 0.18640 100.03326 -0.00000009431767722390
52500 95.03563 18.65851 0.18652 100.03577 -0.00000009421956548294
52600 95.03616 18.65341 0.18646 100.03810 -0.00000008274284724052
52700 95.03676 18.64799 0.18640 100.04049 -0.00000002651306729717
52800 95.04091 18.66842 0.18660 100.04466 -0.00000006141628006162
52900 95.04448 18.66964 0.18660 100.04919 -0.00000002061003812059
53000 95.03987 18.65475 0.18646 100.04555 -0.00000004196152758595
53100 95.03647 18.64575 0.18638 100.04412 -0.00000004877449910623
53200 95.03463 18.66129 0.18653 100.04344 -0.00000002887350447622
53300 95.02840 18.64604 0.18639 100.04034 -0.00000003155562566803
53400 95.02900 18.65100 0.18643 100.04155 -0.00000001428851703622
53500 95.02713 18.64164 0.18634 100.03921 -0.00000002238934015963
53600 95.02633 18.63419 0.18626 100.04172 -0.00000004901581718286
53700 95.02371 18.62232 0.18615 100.04080 -0.00000003246987390071
53800 95.02074 18.60912 0.18602 100.03792 -0.00000001479762090639
53900 95.01910 18.60095 0.18594 100.03479 0.00000001250414882747
54000 95.01631 18.58919 0.18583 100.03300 -0.00000000099366914696
54100 95.01510 18.58353 0.18577 100.03296 0.00000002141817745382
54200 95.01470 18.58409 0.18578 100.03295 0.00000005420994142469
54300 95.01847 18.59321 0.18587 100.03508 0.00000004674203779587
54400 95.01786 18.58717 0.18581 100.03458 0.00000005208804410017
54500 95.01999 18.58870 0.18582 100.03593 0.00000002490010331258
54600 95.01618 18.57463 0.18569 100.03179 0.00000003789123326214
54700 95.01668 18.58426 0.18578 100.03124 0.00000001338627342307
54800 95.01652 18.57458 0.18569 100.03005 -0.00000000177012537961
54900 95.01645 18.56652 0.18561 100.03155 -0.00000003079217236746
55000 95.01913 18.58184 0.18576 100.03207 -0.00000004282038190695
55100 95.01978 18.57998 0.18574 100.03296 -0.00000003977210027983
55200 95.02079 18.57672 0.18571 100.03168 -0.00000005937278402257
55300 95.02133 18.58755 0.18581 100.03273 -0.00000005587469331658
55400 95.02443 18.60416 0.18598 100.03426 -0.00000003336115739216
55500 95.02570 18.60531 0.18599 100.03517 -0.00000008430854236963
55600 95.02718 18.61189 0.18605 100.03599 -0.00000009696786307245
55700 95.02710 18.60147 0.18595 100.03377 -0.00000009908980658224
55800 95.02656 18.59251 0.18586 100.03443 -0.00000007726874784453
55900 95.02870 18.59845 0.18592 100.03590 -0.00000006608008362718
56000 95.03204 18.60382 0.18597 100.03711 -0.00000006179188360989
56100 95.03145 18.59826 0.18592 100.03469 -0.00000004382993168406
56200 95.03037 18.59875 0.18592 100.03443 -0.00000002562658352190
56300 95.03158 18.59405 0.18587 100.03533 -0.00000002876451787870
56400 95.03227 18.59010 0.18583 100.03564 0.00000000906595332140
56500 95.02768 18.57959 0.18573 100.03297 -0.00000003003133031143
56600 95.02825 18.58825 0.18582 100.03263 -0.00000005398791458333
56700 95.03188 18.61277 0.18607 100.03303 -0.00000005093050603477
56800 95.02898 18.59993 0.18594 100.03032 -0.00000000527968779807
56900 95.03050 18.59501 0.18589 100.03185 -0.00000001125152593318
57000 95.02938 18.58859 0.18583 100.03144 -0.00000003161140327279
57100 95.03400 18.61616 0.18610 100.03450 -0.00000001447482489425
57200 95.03936 18.65601 0.18649 100.03671 -0.00000001370570501535
57300 95.03961 18.65595 0.18649 100.03534 0.00000000990814186252
57400 95.03601 18.64474 0.18639 100.03206 0.00000003605938658779
57500 95.03653 18.65749 0.18651 100.03247 -0.00000000224367724400
57600 95.04079 18.69939 0.18693 100.03580 0.00000001131075322292
57700 95.04085 18.69981 0.18693 100.03504 -0.00000000904697117221
57800 95.04281 18.70534 0.18698 100.03780 -0.00000002522435238461
57900 95.04545 18.70109 0.18694 100.03941 -0.00000004092119354482
58000 95.04711 18.70359 0.18696 100.03976 -0.00000003917746838056
58100 95.05329 18.72153 0.18713 100.04334 -0.00000003449078889162
58200 95.05265 18.71086 0.18703 100.04407 -0.00000001719169162584
58300 95.05432 18.71545 0.18707 100.04400 -0.00000003059238906644
58400 95.05726 18.72384 0.18716 100.04351 -0.00000005997615559750
58500 95.05498 18.71932 0.18712 100.04009 -0.00000004783194995639
58600 95.05013 18.70336 0.18696 100.03809 -0.00000002261442588747
58700 95.04663 18.69029 0.18684 100.03325 -0.00000002044194502560
58800 95.04707 18.69689 0.18691 100.03393 0.00000000533129096425
58900 95.04291 18.69544 0.18690 100.03070 -0.00000001055137133221
59000 95.04338 18.69054 0.18685 100.03034 -0.00000001206322153280
59100 95.04255 18.69248 0.18687 100.02917 -0.00000002566554258010
59200 95.04224 18.68867 0.18683 100.03073 -0.00000007001438717680
59300 95.04300 18.69266 0.18686 100.03358 -0.00000006831375998217
59400 95.03888 18.67831 0.18672 100.03199 -0.00000003050748986766
59500 95.03655 18.66844 0.18663 100.02923 -0.00000004124256847149
59600 95.03409 18.66839 0.18663 100.02862 -0.00000004477072579334
59700 95.03065 18.65589 0.18651 100.02698 -0.00000002818495303814
59800 95.02677 18.64409 0.18640 100.02448 -0.00000004307011991500
59900 95.02600 18.63868 0.18634 100.02361 -0.00000003721266494949
60000 95.03111 18.64739 0.18643 100.02618 -0.00000003857316599465
60100 95.03376 18.65076 0.18645 100.02824 -0.00000001876400546053
60200 95.03604 18.65903 0.18653 100.03138 -0.00000003663404513077
60300 95.03705 18.66304 0.18657 100.03294 -0.00000003082794819420
60400 95.03650 18.65156 0.18646 100.03136 -0.00000003074891807842
60500 95.03507 18.64328 0.18638 100.02988 -0.00000004178765067309
60600 95.03935 18.67034 0.18664 100.03244 -0.00000004974132394864
60700 95.03653 18.65846 0.18652 100.03250 -0.00000006339551461565
60800 95.03676 18.65359 0.18647 100.03285 -0.00000005921094370365
60900 95.04130 18.66853 0.18662 100.03621 -0.00000007164013737793
61000 95.03639 18.65675 0.18651 100.03221 -0.00000010938195771359
61100 95.03544 18.65100 0.18645 100.03396 -0.00000009221576746654
61200 95.03783 18.65871 0.18652 100.03605 -0.00000009561075842157
61300 95.03629 18.64919 0.18642 100.03705 -0.00000009209391649279
61400 95.03764 18.65277 0.18646 100.03770 -0.00000008389239880557
61500 95.03770 18.64727 0.18640 100.03922 -0.00000008441666210501
61600 95.03908 18.64157 0.18634 100.04128 -0.00000011873947158847
61700 95.04018 18.64428 0.18637 100.04086 -0.00000011072437544613
61800 95.03697 18.63287 0.18626 100.03702 -0.00000010598390076666
61900 95.03663 18.62981 0.18623 100.03779 -0.00000012095230061959
62000 95.03358 18.62029 0.18614 100.03597 -0.00000012323408427051
62100 95.03419 18.61772 0.18611 100.03652 -0.00000012797396564679
62200 95.03472 18.61297 0.18606 100.03693 -0.00000014829586802989
62300 95.03241 18.60601 0.18599 100.03674 -0.00000016731859275865
62400 95.03141 18.59741 0.18591 100.03705 -0.00000016042882222678
62500 95.03412 18.60870 0.18602 100.03618 -0.00000015518366325296
62600 95.03056 18.59901 0.18593 100.03326 -0.00000017707543875645
62700 95.03507 18.64398 0.18637 100.03585 -0.00000019143749341310
62800 95.03354 18.64411 0.18638 100.03352 -0.00000018375520483005
62900 95.03259 18.64485 0.18639 100.03288 -0.00000018726385775381
63000 95.03927 18.71918 0.18712 100.03643 -0.00000015396201291651
63100 95.03977 18.71233 0.18705 100.03691 -0.00000015049104717946
63200 95.03774 18.70276 0.18696 100.03411 -0.00000017225089266049
63300 95.03870 18.70076 0.18694 100.03603 -0.00000017802610940976
63400 95.03776 18.69479 0.18688 100.03601 -0.00000018908673027340
63500 95.03922 18.72422 0.18717 100.03606 -0.00000021923399629031
63600 95.03915 18.74067 0.18734 100.03546 -0.00000024442880430797
63700 95.03776 18.73983 0.18733 100.03466 -0.00000025166665551524
63800 95.03562 18.72838 0.18722 100.03586 -0.00000025777177725672
63900 95.03244 18.71905 0.18713 100.03460 -0.00000025502426126423
64000 95.03152 18.71038 0.18704 100.03345 -0.00000026687854060015
64100 95.03035 18.70358 0.18698 100.03214 -0.00000028280789265978
64200 95.03248 18.71172 0.18706 100.03190 -0.00000027811441682957
64300 95.03541 18.71603 0.18710 100.03449 -0.00000025534460590393
64400 95.03758 18.71747 0.18711 100.03607 -0.00000024881562055157
64500 95.03571 18.70727 0.18701 100.03493 -0.00000024064178916205
64600 95.03548 18.70112 0.18694 100.03621 -0.00000022366161545051
64700 95.03519 18.69645 0.18690 100.03691 -0.00000021975919395345
64800 95.03109 18.69344 0.18687 100.03448 -0.00000022226022267091
64900 95.02550 18.68003 0.18674 100.03294 -0.00000020171500736410
65000 95.02456 18.67294 0.18667 100.03397 -0.00000018391071066048
65100 95.02272 18.66336 0.18657 100.03359 -0.00000018715151028914
65200 95.02078 18.65407 0.18648 100.03434 -0.00000017067271684823
65300 95.02205 18.68701 0.18680 100.03487 -0.00000019891411895401
65400 95.01927 18.67976 0.18673 100.03431 -0.00000020473230222251
65500 95.01986 18.67645 0.18670 100.03444 -0.00000019199719503149
65600 95.01998 18.67381 0.18667 100.03485 -0.00000021130445304607
65700 95.01581 18.66069 0.18654 100.03355 -0.00000020558155355843
65800 95.01668 18.66424 0.18658 100.03296 -0.00000021338386702041
65900 95.01597 18.66542 0.18659 100.03270 -0.00000019625752756269
66000 95.01352 18.65617 0.18650 100.03165 -0.00000019021325670110
66100 95.01101 18.65441 0.18649 100.02803 -0.00000018246652544462
66200 95.01082 18.64788 0.18643 100.02772 -0.00000019943283291468
66300 95.01439 18.66333 0.18658 100.03045 -0.00000018156070780151
66400 95.01547 18.67163 0.18666 100.03203 -0.00000019402772366561
66500 95.01240 18.66122 0.18655 100.03156 -0.00000017698160803548
66600 95.01018 18.65326 0.18648 100.02931 -0.00000016950138004290
66700 95.00979 18.64754 0.18643 100.02571 -0.00000016019041737536
66800 95.00502 18.63601 0.18632 100.02219 -0.00000015660844354670
66900 94.99949 18.62083 0.18617 100.01922 -0.00000018237136600874
67000 94.99844 18.62484 0.18622 100.01733 -0.00000019663772832246
67100 94.99711 18.62072 0.18618 100.01680 -0.00000024634525175316
67200 94.99615 18.61989 0.18617 100.01701 -0.00000025747715426405
67300 94.99824 18.62515 0.18622 100.01920 -0.00000023001764759556
67400 95.00078 18.63732 0.18633 100.02095 -0.00000023871148613352
67500 95.00193 18.64288 0.18639 100.02070 -0.00000024793052233463
67600 95.00471 18.65050 0.18646 100.02241 -0.00000024502501716483
67700 95.00467 18.65069 0.18646 100.02292 -0.00000023945960947458
67800 95.00463 18.64550 0.18641 100.02335 -0.00000025998178543318
67900 95.00512 18.64382 0.18640 100.02234 -0.00000028343534808073
68000 95.00814 18.65122 0.18647 100.02288 -0.00000030053565680532
68100 95.00785 18.64337 0.18639 100.02104 -0.00000030978074150312
68200 95.00682 18.64519 0.18641 100.02172 -0.00000030016121854715
68300 95.00780 18.64992 0.18646 100.02250 -0.00000031466160876903
68400 95.00447 18.64209 0.18638 100.02151 -0.00000028536345197949
68500 95.00492 18.63406 0.18630 100.02153 -0.00000028108088301337
68600 95.00421 18.64334 0.18639 100.02152 -0.00000030297538700097
68700 95.00687 18.64903 0.18645 100.02128 -0.00000030423277408431
68800 95.00514 18.64421 0.18640 100.02129 -0.00000031567061142823
68900 95.00645 18.64003 0.18636 100.02128 -0.00000029325388695156
69000 95.00968 18.65915 0.18655 100.02216 -0.00000030228333613991
69100 95.00768 18.66272 0.18659 100.02127 -0.00000029841008597487
69200 95.00672 18.66565 0.18662 100.01938 -0.00000027934805046925
69300 95.00668 18.66247 0.18659 100.01981 -0.00000030419560914652
69400 95.00726 18.65838 0.18655 100.01850 -0.00000032792986459640
69500 95.00756 18.65492 0.18651 100.01925 -0.00000030874475243081
69600 95.00849 18.66604 0.18663 100.01858 -0.00000032263254823306
69700 95.00933 18.66257 0.18659 100.01848 -0.00000031715699932988
69800 95.00819 18.65817 0.18655 100.01808 -0.00000028709363775192
69900 95.00669 18.65033 0.18647 100.01681 -0.00000027411059377869
70000 95.00730 18.66126 0.18658 100.01484 -0.00000027407516967060
70100 95.00524 18.65524 0.18653 100.01377 -0.00000028168521026828
70200 95.00484 18.65908 0.18657 100.01286 -0.00000027550859371672
70300 94.99950 18.64761 0.18646 100.00959 -0.00000026350969761779
70400 95.00444 18.67662 0.18674 100.01234 -0.00000027867477214727
70500 95.00476 18.67864 0.18676 100.01179 -0.00000029479094010298
70600 95.00816 18.68943 0.18687 100.01302 -0.00000031685735635278
70700 95.00961 18.68551 0.18683 100.01256 -0.00000030033723419365
70800 95.00723 18.67371 0.18672 100.01110 -0.00000027684843573184
70900 95.00937 18.67517 0.18673 100.01365 -0.00000026868337954511
71000 95.00872 18.67146 0.18669 100.01459 -0.00000026959176935293
71100 95.00586 18.66278 0.18660 100.01276 -0.00000027793580059665
71200 95.00547 18.66538 0.18663 100.01376 -0.00000026289485077768
71300 95.00282 18.65406 0.18652 100.01177 -0.00000025239722489800
71400 95.00340 18.65150 0.18649 100.01261 -0.00000024764412742684
71500 95.00005 18.64382 0.18642 100.01081 -0.00000024393971642667
71600 95.00160 18.64482 0.18643 100.01184 -0.00000023736955512277
71700 95.00362 18.64260 0.18640 100.01319 -0.00000023441380747613
71800 95.00378 18.64197 0.18639 100.01451 -0.00000024394362796443
71900 95.00567 18.64995 0.18647 100.01555 -0.00000023541058169485
72000 95.00208 18.63838 0.18636 100.01468 -0.00000022877380700947
72100 95.00131 18.63505 0.18632 100.01408 -0.00000022331465743264
72200 95.00000 18.62627 0.18624 100.01335 -0.00000023421803163615
72300 94.99835 18.61739 0.18615 100.01248 -0.00000024897975237081
72400 94.99692 18.61922 0.18617 100.01116 -0.00000025898946631742
72500 94.99468 18.61216 0.18610 100.00993 -0.00000026291451860061
72600 94.99022 18.60009 0.18598 100.00866 -0.00000025144616699890
72700 94.98924 18.59288 0.18591 100.00923 -0.00000027419531534179
72800 94.98985 18.59186 0.18590 100.00945 -0.00000028328594581239
72900 94.99081 18.58866 0.18587 100.01023 -0.00000031223585139628
73000 94.99006 18.58251 0.18581 100.01037 -0.00000031295938995868
73100 94.98652 18.57131 0.18570 100.00844 -0.00000029149437352771
73200 94.98713 18.57439 0.18573 100.00859 -0.00000029409719104478
73300 94.98713 18.57627 0.18575 100.00869 -0.00000027119671841547
73400 94.98880 18.59281 0.18591 100.00984 -0.00000026793863128205
73500 94.98877 18.58630 0.18585 100.00913 -0.00000026046261680790
73600 94.99152 18.58877 0.18587 100.00990 -0.00000027021224724422
73700 94.99021 18.58228 0.18581 100.00858 -0.00000025036522899313
73800 94.99049 18.58498 0.18583 100.00852 -0.00000024110692109502
73900 94.98774 18.57855 0.18577 100.00668 -0.00000024694079314713
74000 94.98828 18.57524 0.18574 100.00800 -0.00000024990606561914
74100 94.98661 18.57053 0.18569 100.00842 -0.00000024566899625711
74200 94.98430 18.56460 0.18563 100.00694 -0.00000022918375464087
74300 94.98342 18.55802 0.18557 100.00564 -0.00000027959850257275
74400 94.98374 18.55370 0.18553 100.00532 -0.00000030055397104434
74500 94.98223 18.54885 0.18548 100.00521 -0.00000027952733105963
74600 94.98144 18.54420 0.18543 100.00560 -0.00000027371512700824
74700 94.98158 18.53845 0.18538 100.00477 -0.00000025666173897321
74800 94.97756 18.52780 0.18527 100.00439 -0.00000021434903274553
74900 94.97782 18.53012 0.18529 100.00434 -0.00000019836381426330
75000 94.97943 18.53135 0.18530 100.00545 -0.00000017918821626495
75100 94.98004 18.52967 0.18529 100.00531 -0.00000018222869968554
75200 94.97820 18.52397 0.18523 100.00473 -0.00000018498014853208
75300 94.98102 18.53427 0.18533 100.00509 -0.00000016897397614457
75400 94.98293 18.54043 0.18539 100.00777 -0.00000012277152094953
75500 94.98272 18.54335 0.18542 100.00813 -0.00000010983491804950
75600 94.98358 18.54467 0.18543 100.00817 -0.00000008637243809062
75700 94.98450 18.54279 0.18541 100.00857 -0.00000007166910620526
75800 94.98418 18.54282 0.18541 100.00951 -0.00000003375717838594
75900 94.98308 18.53818 0.18536 100.00984 -0.00000008248404625988
76000 94.98302 18.53312 0.18531 100.01150 -0.00000015809701636726
76100 94.98677 18.54312 0.18541 100.01284 -0.00000016003800240583
76200 94.98851 18.54594 0.18543 100.01419 -0.00000016612517939052
76300 94.98635 18.53998 0.18538 100.01332 -0.00000016116670664701
76400 94.98674 18.53749 0.18535 100.01376 -0.00000016244890588268
76500 94.98439 18.53162 0.18529 100.01199 -0.00000016611989295257
76600 94.98450 18.53205 0.18530 100.01245 -0.00000017576562072463
76700 94.98367 18.52708 0.18525 100.01106 -0.00000017137218577545
76800 94.98221 18.51881 0.18517 100.00993 -0.00000021116942505728
76900 94.98216 18.52008 0.18519 100.00823 -0.00000017202946267503
77000 94.98165 18.52392 0.18523 100.00712 -0.00000019088625080599
77100 94.98011 18.51447 0.18514 100.00463 -0.00000021056612098391
77200 94.97957 18.50806 0.18507 100.00558 -0.00000021083053880488
77300 94.97991 18.50271 0.18502 100.00577 -0.00000024151318811505
77400 94.98012 18.49598 0.18495 100.00558 -0.00000021526248872306
77500 94.97906 18.48855 0.18488 100.00338 -0.00000022578426950304
77600 94.97508 18.47739 0.18477 100.00161 -0.00000024060640768653
77700 94.97678 18.49450 0.18494 100.00461 -0.00000018401315315941
77800 94.97570 18.48530 0.18485 100.00185 -0.00000023350706612746
77900 94.97678 18.48860 0.18488 100.00401 -0.00000023802702031617
78000 94.97942 18.50560 0.18505 100.00542 -0.00000026633434302425
78100 94.97956 18.50444 0.18504 100.00483 -0.00000028750174152492
78200 94.97774 18.49405 0.18493 100.00506 -0.00000029860455796893
78300 94.97688 18.48582 0.18485 100.00503 -0.00000032576895847569
78400 94.98015 18.50208 0.18501 100.00520 -0.00000032723086818010
78500 94.98030 18.50066 0.18500 100.00423 -0.00000033265555998696
78600 94.98002 18.50084 0.18500 100.00378 -0.00000034961790618127
78700 94.97881 18.50306 0.18502 100.00313 -0.00000036776853207243
78800 94.98085 18.51033 0.18510 100.00443 -0.00000040325967987087
78900 94.98438 18.52261 0.18522 100.00523 -0.00000036922385504568
79000 94.98059 18.51225 0.18512 100.00267 -0.00000036075727649632
79100 94.97930 18.50810 0.18508 100.00067 -0.00000039028397225138
79200 94.98008 18.51033 0.18510 100.00234 -0.00000038010429648239
79300 94.98096 18.51043 0.18510 100.00337 -0.00000035045118451649
79400 94.98062 18.50435 0.18504 100.00325 -0.00000031744038508918
79500 94.97835 18.49893 0.18499 100.00131 -0.00000029320727179538
79600 94.97941 18.50246 0.18502 100.00166 -0.00000029007554758209
79700 94.97888 18.50283 0.18503 100.00064 -0.00000031328789873442
79800 94.97513 18.49477 0.18495 99.99877 -0.00000034416430594320
79900 94.97306 18.48659 0.18487 99.99819 -0.00000038666681234645
80000 94.97269 18.47936 0.18480 99.99795 -0.00000035627062544563
80100 94.96974 18.47071 0.18472 99.99509 -0.00000036104805545278
80200 94.97128 18.47123 0.18472 99.99539 -0.00000034547739602431
80300 94.97139 18.46592 0.18467 99.99427 -0.00000036179247331347
80400 94.97017 18.46207 0.18463 99.99376 -0.00000037977590139349
80500 94.96672 18.45138 0.18453 99.99119 -0.00000039037510290996
80600 94.96815 18.45066 0.18452 99.99346 -0.00000041368681635845
80700 94.96948 18.45280 0.18454 99.99369 -0.00000040228835374023
80800 94.96888 18.45346 0.18455 99.99170 -0.00000043456333997938
80900 94.97009 18.45047 0.18452 99.99336 -0.00000046469310888142
81000 94.97113 18.45034 0.18451 99.99412 -0.00000050447403410203
81100 94.97127 18.45242 0.18453 99.99602 -0.00000048748094272355
81200 94.97059 18.44459 0.18446 99.99435 -0.00000043375518643529
81300 94.97003 18.43726 0.18438 99.99401 -0.00000040857450400722
81400 94.96853 18.42840 0.18430 99.99380 -0.00000040462468930968
81500 94.97013 18.43416 0.18435 99.99609 -0.00000037865556024030
81600 94.97102 18.44316 0.18444 99.99732 -0.00000041901496317109
81700 94.97178 18.44900 0.18449 99.99788 -0.00000038678794922475
81800 94.97216 18.44549 0.18446 99.99795 -0.00000041614650214683
81900 94.97574 18.45732 0.18457 99.99929 -0.00000040074826301861
82000 94.97470 18.45125 0.18451 99.99867 -0.00000038468402152603
82100 94.97061 18.44005 0.18441 99.99703 -0.00000041274229189980
82200 94.97075 18.43430 0.18435 99.99757 -0.00000042679513256871
82300 94.97005 18.43129 0.18432 99.99818 -0.00000046655333463264
82400 94.96966 18.42972 0.18430 99.99809 -0.00000043731995447160
82500 94.97002 18.43307 0.18433 99.99945 -0.00000046852852619850
82600 94.97191 18.45097 0.18451 99.99978 -0.00000043637558277965
82700 94.96933 18.44313 0.18444 99.99738 -0.00000040415300617269
82800 94.96783 18.44042 0.18441 99.99577 -0.00000040657076638695
82900 94.96648 18.43514 0.18436 99.99603 -0.00000042415266676699
83000 94.96488 18.43277 0.18434 99.99518 -0.00000037334375591058
83100 94.96536 18.42625 0.18427 99.99409 -0.00000040819667290748
83200 94.96533 18.42079 0.18422 99.99266 -0.00000043038142649721
83300 94.96445 18.41507 0.18417 99.99125 -0.00000042312410641898
83400 94.96517 18.41071 0.18412 99.99194 -0.00000039972378829134
83500 94.96502 18.40720 0.18409 99.99223 -0.00000039667460072224
83600 94.96260 18.40155 0.18403 99.99033 -0.00000038822113168635
83700 94.95985 18.39313 0.18395 99.98885 -0.00000040057364358859
83800 94.96179 18.39473 0.18396 99.99044 -0.00000037821411424943
83900 94.96201 18.39359 0.18395 99.99045 -0.00000032210211386996
84000 94.96083 18.38568 0.18388 99.98985 -0.00000032558268969751
84100 94.96060 18.38313 0.18385 99.99005 -0.00000035676085019531
84200 94.96009 18.39057 0.18393 99.98944 -0.00000034492174094680
84300 94.95956 18.39091 0.18393 99.98960 -0.00000030482185664482
84400 94.95991 18.40977 0.18411 99.99101 -0.00000033204003457854
84500 94.95805 18.40211 0.18404 99.99036 -0.00000030347082713433
84600 94.95829 18.40451 0.18406 99.99110 -0.00000035276306675769
84700 94.95647 18.39890 0.18400 99.99169 -0.00000037924861828742
84800 94.95728 18.39924 0.18401 99.99143 -0.00000042849151782320
84900 94.95678 18.39355 0.18395 99.99283 -0.00000039097580994962
85000 94.95347 18.38371 0.18386 99.99015 -0.00000039352601888254
85100 94.95230 18.38006 0.18382 99.99081 -0.00000031890944285351
85200 94.95128 18.37686 0.18379 99.99058 -0.00000031858176896549
85300 94.95076 18.37332 0.18375 99.98979 -0.00000029209874341518
85400 94.95002 18.37374 0.18376 99.98830 -0.00000030089121239030
85500 94.95095 18.38251 0.18385 99.98822 -0.00000031677227951832
85600 94.94945 18.37985 0.18382 99.98706 -0.00000035507548190594
85700 94.95142 18.38883 0.18391 99.98844 -0.00000031886797202674
85800 94.95039 18.39464 0.18397 99.98710 -0.00000034344641264283
85900 94.95180 18.39680 0.18399 99.98867 -0.00000035887828531145
86000 94.95010 18.38795 0.18390 99.98636 -0.00000037160872778941
86100 94.95051 18.38947 0.18392 99.98655 -0.00000034279108618307
86200 94.95215 18.39535 0.18398 99.98570 -0.00000032785009906888
86300 94.95310 18.39434 0.18397 99.98584 -0.00000033312388580953
86400 94.95115 18.39658 0.18399 99.98590 -0.00000035583695634500
86500 94.95180 18.39670 0.18399 99.98481 -0.00000037248388196076
86600 94.95203 18.39353 0.18396 99.98486 -0.00000037222154603000
86700 94.95303 18.39353 0.18396 99.98520 -0.00000034149312710952
86800 94.95274 18.38985 0.18393 99.98455 -0.00000034745399091207
86900 94.95280 18.38559 0.18388 99.98456 -0.00000035526968389377
87000 94.95283 18.37911 0.18382 99.98552 -0.00000036991187712943
87100 94.95250 18.38039 0.18383 99.98610 -0.00000037972760935645
87200 94.95405 18.38147 0.18384 99.98642 -0.00000035364721640008
87300 94.95498 18.38195 0.18384 99.98756 -0.00000039940124807458
87400 94.95504 18.37824 0.18381 99.98736 -0.00000035473357584692
87500 94.95380 18.37653 0.18379 99.98603 -0.00000030257580974080
87600 94.95544 18.38305 0.18386 99.98623 -0.00000028794446294000
87700 94.95754 18.38685 0.18389 99.98845 -0.00000027977600325357
87800 94.95665 18.38142 0.18384 99.98784 -0.00000032534800453732
87900 94.95689 18.37726 0.18380 99.98726 -0.00000034880108756852
88000 94.95808 18.38579 0.18388 99.98748 -0.00000037195249547040
88100 94.95674 18.38097 0.18383 99.98687 -0.00000040150164437591
88200 94.95833 18.39262 0.18395 99.98738 -0.00000039013368180463
88300 94.95734 18.38636 0.18389 99.98768 -0.00000039435905208052
88400 94.95682 18.38052 0.18383 99.98761 -0.00000038869893970173
88500 94.95576 18.37579 0.18378 99.98671 -0.00000040207516960322
88600 94.95429 18.37022 0.18373 99.98454 -0.00000036658506274989
88700 94.95408 18.36723 0.18370 99.98361 -0.00000037085607473841
88800 94.95404 18.36780 0.18371 99.98418 -0.00000036197578268116
88900 94.95191 18.36365 0.18367 99.98256 -0.00000039161722042991
89000 94.95290 18.36560 0.18369 99.98272 -0.00000042823672075087
89100 94.95430 18.37737 0.18381 99.98294 -0.00000040954817492889
89200 94.95613 18.38315 0.18386 99.98353 -0.00000037367466632077
89300 94.95732 18.38916 0.18392 99.98362 -0.00000043120494908067
89400 94.96049 18.40694 0.18410 99.98597 -0.00000043115868209043
89500 94.96166 18.40703 0.18410 99.98648 -0.00000041973185105348
89600 94.96360 18.41190 0.18414 99.98831 -0.00000044705419099955
89700 94.96283 18.41020 0.18412 99.98802 -0.00000040164750458871
89800 94.96651 18.41764 0.18420 99.98901 -0.00000041321160182406
89900 94.96698 18.42495 0.18427 99.99012 -0.00000042689093149306
90000 94.96717 18.43112 0.18433 99.99211 -0.00000042644801467873
90100 94.96678 18.43874 0.18440 99.99131 -0.00000043968833907115
90200 94.96538 18.43102 0.18433 99.99017 -0.00000042580047221463
90300 94.96570 18.43071 0.18432 99.99102 -0.00000039382795335996
90400 94.96366 18.42281 0.18425 99.99052 -0.00000042227389229765
90500 94.96198 18.41440 0.18416 99.98955 -0.00000040477607399225
90600 94.96115 18.41245 0.18414 99.99023 -0.00000037872670688444
90700 94.96260 18.41361 0.18415 99.99246 -0.00000037912180417266
90800 94.96213 18.41115 0.18413 99.99151 -0.00000038231539889466
90900 94.96225 18.40729 0.18409 99.99127 -0.00000036836079075897
91000 94.96138 18.40327 0.18405 99.99057 -0.00000039726269207563
91100 94.96044 18.39929 0.18401 99.98908 -0.00000039422774378295
91200 94.95991 18.39412 0.18396 99.98975 -0.00000033528334597577
91300 94.95930 18.39053 0.18393 99.98907 -0.00000034545818650145
91400 94.95945 18.38916 0.18391 99.98888 -0.00000034453108099797
91500 94.96169 18.38876 0.18391 99.98950 -0.00000034104122192957
91600 94.96264 18.38584 0.18388 99.99040 -0.00000034910341639716
91700 94.96330 18.39146 0.18393 99.99158 -0.00000032518737214104
91800 94.96158 18.38495 0.18387 99.99078 -0.00000033630055185085
91900 94.96096 18.37931 0.18381 99.98915 -0.00000031383612508762
92000 94.96098 18.37611 0.18378 99.98945 -0.00000036524199487076
92100 94.96206 18.37535 0.18377 99.98973 -0.00000037150979892431
92200 94.96381 18.38726 0.18389 99.98982 -0.00000039486124592258
92300 94.96387 18.38692 0.18389 99.98998 -0.00000039890457870229
92400 94.96455 18.38566 0.18387 99.99071 -0.00000039936141860153
92500 94.96558 18.38622 0.18388 99.99114 -0.00000037654273299381
92600 94.96637 18.38933 0.18391 99.99093 -0.00000037906814753796
92700 94.96533 18.38439 0.18386 99.99032 -0.00000038998982176963
92800 94.96579 18.38254 0.18384 99.99018 -0.00000035992557201325
92900 94.96936 18.39971 0.18401 99.99245 -0.00000036448820850410
93000 94.97115 18.42476 0.18426 99.99354 -0.00000034190837183701
93100 94.97189 18.42360 0.18425 99.99314 -0.00000034712696361794
93200 94.97172 18.42544 0.18427 99.99294 -0.00000036686547133513
93300 94.97390 18.42979 0.18431 99.99508 -0.00000041734827505024
93400 94.97408 18.42663 0.18428 99.99452 -0.00000041920996807221
93500 94.97429 18.42600 0.18427 99.99553 -0.00000045590621411407
93600 94.97492 18.42923 0.18430 99.99614 -0.00000044998251880202
93700 94.97406 18.42803 0.18429 99.99618 -0.00000046012651111482
93800 94.97389 18.42544 0.18426 99.99515 -0.00000049520264511216
93900 94.97461 18.42576 0.18427 99.99449 -0.00000048325591706089
94000 94.97314 18.42033 0.18421 99.99453 -0.00000049169945270933
94100 94.97315 18.41988 0.18421 99.99429 -0.00000049095397613996
94200 94.97483 18.42348 0.18424 99.99456 -0.00000045067997689330
94300 94.97418 18.42699 0.18428 99.99284 -0.00000044287007483490
94400 94.97309 18.42304 0.18424 99.99218 -0.00000044497217288608
94500 94.97433 18.43642 0.18438 99.99325 -0.00000038054095696793
94600 94.97501 18.43254 0.18433 99.99489 -0.00000037834047716956
94700 94.97353 18.42381 0.18425 99.99415 -0.00000038477681130189
94800 94.97162 18.41610 0.18417 99.99360 -0.00000039755910918871
94900 94.97433 18.42721 0.18428 99.99359 -0.00000037938047370289
95000 94.97483 18.42881 0.18430 99.99419 -0.00000038346958675106
95100 94.97508 18.43108 0.18432 99.99368 -0.00000037675807718074
95200 94.97512 18.42804 0.18429 99.99254 -0.00000038871679208796
95300 94.97451 18.42186 0.18423 99.99343 -0.00000039113454164408
95400 94.97468 18.42664 0.18428 99.99266 -0.00000041167389142061
95500 94.97697 18.43219 0.18433 99.99385 -0.00000038293032034176
95600 94.97683 18.42991 0.18431 99.99386 -0.00000036416113502469
95700 94.97726 18.43123 0.18432 99.99422 -0.00000037131034957838
95800 94.97659 18.42845 0.18429 99.99588 -0.00000037677617115150
95900 94.97681 18.42547 0.18427 99.99404 -0.00000036437920414301
96000 94.97687 18.42250 0.18424 99.99433 -0.00000037046519096862
96100 94.97708 18.42063 0.18422 99.99389 -0.00000034800592629836
96200 94.97657 18.41911 0.18420 99.99353 -0.00000037621141402155
96300 94.97574 18.41363 0.18415 99.99198 -0.00000037567728483623
96400 94.97432 18.41324 0.18415 99.99112 -0.00000036530498448428
96500 94.97255 18.41067 0.18413 99.98906 -0.00000037604563729587
96600 94.97502 18.41695 0.18419 99.99075 -0.00000036448636109299
96700 94.97439 18.41364 0.18415 99.98993 -0.00000036476334841495
96800 94.97453 18.41191 0.18414 99.99104 -0.00000039750005953465
96900 94.97321 18.40408 0.18406 99.99071 -0.00000041667396999401
97000 94.97463 18.42240 0.18424 99.99219 -0.00000041037494113993
97100 94.97555 18.41815 0.18419 99.99282 -0.00000040262445821782
97200 94.97596 18.42113 0.18423 99.99256 -0.00000035643866524993
97300 94.97688 18.42818 0.18430 99.99268 -0.00000032678162042998
97400 94.97810 18.43154 0.18433 99.99323 -0.00000030659181504689
97500 94.97877 18.43556 0.18437 99.99405 -0.00000026873486191903
97600 94.97934 18.43776 0.18439 99.99458 -0.00000025229304156937
97700 94.97673 18.42991 0.18431 99.99408 -0.00000027780513534026
97800 94.97519 18.42708 0.18428 99.99375 -0.00000024936948861409
97900 94.97481 18.42151 0.18423 99.99294 -0.00000023493481293713
98000 94.97343 18.41615 0.18418 99.99145 -0.00000022023646906177
98100 94.97354 18.41383 0.18416 99.99035 -0.00000025340740705815
98200 94.97355 18.41206 0.18414 99.99152 -0.00000025794260238854
98300 94.97404 18.41329 0.18415 99.99211 -0.00000028200495805208
98400 94.97366 18.40829 0.18410 99.99127 -0.00000027784243883389
98500 94.97472 18.40507 0.18407 99.99065 -0.00000025590071217607
98600 94.97691 18.41694 0.18418 99.99206 -0.00000026833958699513
98700 94.97719 18.41908 0.18420 99.99249 -0.00000030012295937354
98800 94.97564 18.41222 0.18414 99.99197 -0.00000029171839344144
98900 94.97622 18.41057 0.18412 99.99351 -0.00000025418533766697
99000 94.97417 18.40477 0.18406 99.99288 -0.00000029708667526052
99100 94.97519 18.40178 0.18403 99.99388 -0.00000029044256066868
99200 94.97466 18.40141 0.18403 99.99362 -0.00000024639364326617
99300 94.97462 18.40484 0.18406 99.99456 -0.00000023027421747202
99400 94.97528 18.40975 0.18411 99.99462 -0.00000021876083877714
99500 94.97323 18.40362 0.18405 99.99359 -0.00000017986566902550
99600 94.97422 18.40306 0.18404 99.99457 -0.00000014253061308978
99700 94.97316 18.39781 0.18399 99.99323 -0.00000016680939296521
99800 94.97093 18.39696 0.18398 99.99241 -0.00000017346040692701
99900 94.97056 18.39505 0.18397 99.99129 -0.00000017734518920065
100000 94.97040 18.39079 0.18392 99.99243 -0.00000021568589758658
