0 1 3
0 26 4
1 0 5
1 2 4
1 3 5
1 14 4
1 20 5
2 3 1
3 4 2
3 4 3
4 1 1
4 5 2
4 24 1
4 24 3
5 3 5
5 6 2
5 12 4
6 7 3
6 15 4
6 23 5
7 8 1
7 17 1
7 19 3
8 9 3
9 8 4
9 10 1
9 25 3
10 1 5
10 4 4
10 4 5
10 7 4
10 11 1
11 1 1
11 2 4
11 12 2
12 13 3
12 13 2
12 21 4
12 22 4
12 26 1
12 26 3
13 1 4
13 5 4
13 14 5
14 15 5
14 21 4
15 16 1
15 26 5
16 4 1
16 8 5
16 17 5
17 15 1
17 18 1
17 22 5
17 25 1
18 4 1
18 4 5
18 8 3
18 19 3
19 20 3
20 21 3
21 16 3
21 17 2
21 18 2
21 22 1
22 13 3
22 21 2
22 23 2
22 24 1
22 25 5
23 24 4
24 3 1
24 25 1
24 26 3
25 6 3
25 8 1
25 15 3
25 18 2
25 26 2
26 2 1
26 11 1