0 1 7
1 2 8
2 3 2
3 4 7
4 5 7
5 6 1
6 7 1
7 8 1
8 9 7
9 10 9
10 11 3
11 12 1
12 13 9
13 14 4
14 15 9
15 16 4
16 17 1
17 18 8
18 19 1
19 20 9
20 21 4
21 22 4
22 23 7
23 24 9
24 25 4
25 26 6
26 27 10
27 28 1
28 29 6
29 30 7
30 31 7
31 32 8
32 33 5
33 34 4
34 35 5
35 36 7
36 37 10
37 38 1
38 39 10
39 40 9
40 41 3
41 42 3
42 43 10
43 44 10
44 45 9
45 46 6
46 47 6
47 48 4
48 49 1
49 50 1
50 51 3
51 52 1
52 53 10
53 54 4
54 55 2
55 56 7
56 57 6
57 58 1
58 59 5
59 60 1
60 61 2
61 62 2
62 63 8
63 64 7
64 65 9
65 66 5
66 67 5
67 68 10
68 69 2
69 70 7
70 71 7
71 72 5
72 73 1
73 74 2
74 0 9