0 1 1
1 2 3
2 3 4
3 4 2
4 5 1
5 6 3
6 7 4
7 8 2
8 9 1
9 10 3
10 11 4
11 12 2
12 13 1
13 14 3
14 15 4
15 16 2
16 17 1
17 18 3
18 19 4
19 20 2
20 21 1
21 22 3
22 23 4
23 24 2
24 25 1
25 26 3
26 27 4
27 28 2
28 29 1
29 30 3
30 31 4
31 32 2
32 33 1
33 34 3
34 35 4
35 36 2
36 37 1
37 38 3
38 39 4
39 40 2
40 41 1
41 42 3
42 43 4
43 44 2
44 45 1
45 46 3
46 47 4
47 48 2
48 49 1
49 50 3
50 51 4
51 52 2
52 53 1
53 54 3
54 55 4
55 56 2
56 57 1
57 58 3
58 59 4
59 60 2
60 61 1
61 62 3
62 63 4
63 64 2
64 65 1
65 66 3
66 67 4
67 68 2
0 20 1
5 25 2
10 30 3
15 35 4
20 40 1
25 45 2
30 50 3
35 55 4
40 60 1
45 65 2
50 10 4
55 15 3
60 20 2
65 25 1
68 13 4
62 17 3
57 22 2
52 27 1
47 32 4
42 37 3
37 42 2
32 47 1
27 52 4
22 57 3
17 62 2
13 67 1