0 57 1
0 47 1
0 8 1
0 3 1
0 2 1
0 1 1
1 50 1
1 49 1
1 21 1
1 10 1
1 8 1
1 5 1
1 4 1
1 3 1
1 2 1
1 0 1
2 56 1
2 55 1
2 49 1
2 38 1
2 36 1
2 35 1
2 13 1
2 12 1
2 7 1
2 6 1
2 5 1
2 4 1
2 3 1
2 0 1
2 1 1
3 53 1 
3 26 1
3 18 1
3 14 1
3 5 1
3 4 1
3 2 1
3 1 1
3 0 1
4 41 1
4 9 1
4 5 1
4 1 1
4 3 1
4 2 1 
5 1 1
5 3 1
5 4 1
5 2 1
6 23 1
6 2 1
7 48 1
7 45 1
7 2 1
8 37 1
8 29 1
8 20 1
8 11 1
8 1 1
8 0 1
9 16 1
9 4 1
10 1 1
11 8 1
12 2 1
13 38 1
13 15 1
13 2 1
14 29 1
14 17 1
14 3 1
15 51 1
15 44 1
15 27 1
15 25 1
15 13 1
16 43 1
16 24 1
16 19 1
16 9 1
17 32 1
17 31 1
17 14 1
18 30 1
18 3 1
19 46 1
19 22 1
19 16 1
20 8 1
21 34 1
21 1 1
22 52 1
22 40 1
22 19 1
23 45 1
23 6 1
24 16 1
25 39 1
25 28 1
25 15 1
26 54 1
26 42 1
26 3 1
27 15 1 
28 55 1
28 50 1
28 25 1
29 37 1
29 33 1
29 14 1
29 8 1
30 18 1
31 17 1
32 17 1
33 45 1
33 29 1
34 21 1
35 2 1
36 2 1
37 29 1
37 8 1 
38 13 1
38 2 1
39 25 1
40 22 1
41 4 1
42 26 1
43 16 1
44 50 1
44 15 1
45 33 1
45 23 1
45 7 1 
46 19 1
47 48 1
47 0 1
48 47 1
48 7 1
49 2 1
49 1 1
50 44 1
50 28 1
50 1 1
51 15 1 
52 22 1
53 3 1
54 26 1 
55 28 1
55 2 1
56 2 1
57 0 1