0 1 1
1 2 1
2 3 1
2 50 5
2 68 4
3 4 1
3 5 1
3 13 5
3 47 1
4 5 3
4 20 2
5 6 5
5 42 2
6 7 4
6 22 2
7 8 2
7 28 4
7 38 5
8 9 3
8 33 1
8 38 1
8 39 4
8 67 3
9 10 4
9 37 4
10 11 1
10 43 5
11 0 2
11 12 2
11 27 5
11 47 1
11 61 5
12 4 3
12 13 1
12 13 3
12 48 2
13 14 3
13 17 1
13 65 5
13 68 4
14 15 5
15 16 5
15 35 3
15 46 5
15 63 2
16 17 1
16 28 2
16 46 5
17 18 4
17 31 5
17 34 3
17 38 2
17 60 4
17 65 3
18 19 4
18 28 5
19 20 1
19 48 1
20 21 1
21 22 5
21 46 4
21 52 5
21 54 1
21 56 5
21 64 3
21 65 2
22 23 2
22 62 3
22 73 5
23 24 1
23 29 1
23 30 1
23 64 4
24 25 3
24 44 2
24 48 4
24 52 1
24 56 4
25 15 2
25 26 5
25 63 5
25 68 4
26 27 3
26 43 4
27 28 1
27 70 1
27 71 5
27 73 1
28 18 1
28 29 5
28 47 4
28 73 2
29 16 2
29 27 5
29 30 3
29 48 2
29 60 5
29 67 5
29 69 1
30 31 4
30 61 5
31 32 3
32 33 2
33 11 1
33 34 3
33 67 5
34 0 3
34 26 5
34 35 4
35 9 5
35 15 2
35 21 1
35 26 5
35 36 1
35 54 1
35 72 5
36 37 2
36 65 5
37 34 1
37 35 5
37 38 1
38 5 4
38 13 4
38 39 4
38 69 5
39 40 3
40 41 4
41 26 4
41 42 3
42 8 1
42 19 1
42 27 2
42 43 5
42 66 4
43 44 1
43 60 2
43 65 1
44 5 1
44 26 5
44 38 3
44 45 4
44 52 1
44 53 3
45 7 5
45 11 1
45 46 4
45 61 1
46 47 2
46 67 2
47 24 3
47 48 2
47 54 4
48 22 5
48 49 5
48 73 5
49 36 5
49 43 2
49 50 5
49 57 3
49 59 2
49 62 3
50 51 2
50 60 4
51 13 5
51 16 2
51 35 3
51 52 2
52 53 3
53 24 5
53 42 3
53 54 2
54 55 4
54 56 5
55 45 3
55 56 1
55 67 5
56 27 1
56 57 2
56 69 5
57 58 5
58 33 1
58 52 5
58 59 5
59 29 4
59 53 3
59 60 3
60 20 4
60 20 5
60 22 1
60 61 2
61 9 1
61 21 2
61 37 3
61 62 5
62 10 5
62 63 4
63 9 5
63 30 3
63 64 5
64 62 5
64 65 2
65 46 2
65 54 3
65 66 5
65 72 1
66 7 4
66 55 1
66 67 2
67 7 5
67 68 2
68 1 4
68 45 1
68 69 2
69 70 3
70 71 4
71 4 2
71 7 1
71 28 5
71 55 2
71 72 1
72 6 4
72 73 1
73 66 2
73 72 4