0 1 28
0 33 6
0 44 61
0 55 48
0 56 44
0 62 85
1 2 83
2 3 86
2 11 78
3 0 18
3 4 79
3 52 78
4 5 50
4 57 15
4 61 43
4 65 14
5 6 70
5 24 5
6 0 17
6 7 8
7 8 14
7 29 77
7 50 59
8 2 15
8 9 2
8 29 64
8 42 79
8 45 38
9 10 46
10 0 71
10 11 28
10 25 20
11 9 21
11 12 27
12 13 31
12 34 35
12 50 54
13 14 3
13 56 63
14 15 71
14 63 90
15 16 63
15 35 53
15 59 64
16 4 20
16 17 1
16 22 17
16 25 49
17 18 31
17 24 10
17 61 86
17 67 30
18 2 70
18 19 18
18 46 68
18 46 52
18 47 50
19 6 59
19 20 86
20 19 17
20 21 52
21 22 39
21 30 62
22 23 51
23 16 43
23 24 2
23 33 76
24 25 47
25 24 84
25 26 5
26 10 31
26 21 56
26 25 83
26 27 44
27 28 83
27 54 15
28 29 40
28 55 63
28 62 89
29 30 37
29 43 88
29 52 46
30 4 29
30 5 71
30 29 43
30 31 25
30 47 30
30 61 87
31 32 7
32 12 31
32 26 13
32 33 57
32 65 58
33 34 82
34 1 59
34 26 37
34 28 45
34 33 29
34 35 89
34 45 55
34 63 17
35 29 82
35 36 69
35 40 57
36 9 51
36 23 9
36 37 31
36 39 80
37 1 41
37 28 41
37 38 56
38 12 58
38 39 63
39 13 74
39 22 85
39 40 47
39 46 43
39 49 52
39 60 53
40 41 7
40 47 11
41 1 82
41 42 9
41 45 43
41 65 32
41 66 83
42 43 42
42 57 56
43 10 15
43 44 67
43 53 27
44 41 52
44 45 89
44 62 14
45 12 77
45 26 49
45 37 64
45 46 61
46 11 7
46 36 82
46 43 41
46 47 13
47 22 67
47 48 57
48 30 20
48 49 77
48 59 71
48 64 73
49 5 86
49 50 70
49 60 25
50 0 85
50 16 53
50 35 7
50 51 22
51 52 64
51 65 33
52 11 52
52 53 34
52 66 31
53 1 62
53 45 21
53 54 85
53 60 66
54 55 85
54 59 8
55 43 76
55 56 51
55 63 81
55 64 28
56 44 54
56 57 54
57 2 21
57 53 21
57 58 45
57 67 83
57 68 89
58 34 9
58 59 74
58 68 71
59 60 28
60 61 61
61 3 19
61 15 31
61 18 48
61 59 78
61 62 7
62 21 19
62 24 14
62 44 50
62 63 82
62 63 77
63 13 52
63 64 38
64 12 13
64 65 2
65 24 77
65 42 1
65 66 43
65 67 5
66 5 41
66 56 19
66 67 7
67 5 25
67 10 31
67 16 28
67 68 2
68 15 29