0 1 26
0 6 21
0 14 29
0 29 14
1 2 28
1 22 25
1 34 2
2 3 18
2 32 4
3 0 5
3 4 26
3 25 23
3 39 2
4 5 22
4 9 4
5 6 13
5 7 18
5 14 24
6 7 28
7 8 23
7 11 1
7 19 29
8 5 24
8 9 30
8 31 3
9 10 21
9 35 30
10 5 9
10 11 15
10 48 15
11 6 28
11 12 13
11 12 7
11 39 20
11 47 1
12 13 3
12 18 8
12 31 14
12 40 28
13 14 22
13 20 16
13 23 11
13 24 9
13 28 11
14 15 7
15 16 22
16 17 14
16 19 12
16 49 5
17 8 14
17 18 3
17 33 11
17 48 21
18 2 17
18 10 28
18 19 15
18 37 23
19 14 2
19 20 19
20 15 17
20 21 11
20 27 18
20 29 9
21 4 5
21 22 25
21 44 3
22 1 19
22 4 6
22 23 24
22 34 17
22 44 3
23 6 1
23 14 28
23 24 4
23 37 26
24 4 2
24 25 25
25 15 29
25 24 19
25 26 12
26 14 5
26 27 5
26 30 4
26 49 17
27 28 7
27 31 28
28 18 16
28 29 5
29 0 3
29 30 6
30 31 25
31 4 10
31 7 18
31 32 26
31 42 19
32 25 24
32 30 5
32 33 12
32 42 22
32 45 18
33 8 3
33 34 20
34 35 25
34 35 26
34 39 28
35 21 11
35 24 5
35 36 9
35 48 14
36 6 21
36 6 2
36 37 8
37 8 2
37 38 21
38 2 2
38 39 26
39 6 7
39 20 29
39 40 30
39 41 28
40 17 22
40 37 19
40 41 24
41 0 3
41 34 10
41 42 23
42 23 10
42 38 6
42 41 25
42 43 21
43 44 3
44 23 23
44 29 2
44 37 30
44 45 26
45 6 24
45 26 5
45 41 12
45 46 29
46 25 21
46 47 2
47 0 26
47 10 19
47 23 12
47 48 26
48 0 1
48 16 28
48 47 11
48 49 12
49 10 10