0 1 1
1 2 2
1 17 4
1 18 5
2 3 4
2 30 3
3 4 3
3 42 5
4 5 1
5 6 1
5 14 3
5 28 4
5 39 4
6 7 4
6 18 5
6 20 5
6 22 4
6 37 4
7 8 4
8 9 2
8 10 3
8 47 3
9 2 4
9 10 5
9 11 3
9 16 2
9 20 4
9 39 4
10 8 5
10 11 3
10 28 2
11 7 2
11 7 4
11 12 2
11 40 1
12 0 4
12 13 1
13 1 2
13 7 5
13 10 4
13 14 1
13 22 2
14 15 3
14 25 2
14 44 1
15 16 3
15 28 5
16 15 5
16 17 3
16 47 3
17 1 3
17 18 4
17 29 4
18 13 3
18 19 3
18 26 4
18 27 2
19 16 4
19 20 5
20 0 5
20 1 5
20 16 2
20 21 5
21 12 2
21 22 4
21 28 1
22 11 3
22 23 3
22 25 3
22 38 3
23 24 3
23 37 3
24 14 3
24 25 1
24 26 4
24 44 5
25 19 5
25 26 2
26 27 1
26 38 3
27 17 2
27 28 2
27 29 1
27 41 4
28 26 3
28 29 5
28 41 2
29 30 1
30 12 2
30 14 5
30 24 1
30 31 5
31 24 4
31 32 4
32 2 3
32 3 1
32 25 4
32 33 1
32 41 5
33 34 5
33 35 3
34 24 5
34 35 1
35 1 2
35 7 2
35 31 1
35 36 1
35 41 2
35 45 4
36 37 4
36 41 3
37 31 4
37 38 5
38 21 3
38 25 5
38 39 1
39 16 5
39 23 1
39 35 1
39 40 4
40 2 1
40 2 3
40 13 3
40 14 1
40 16 3
40 22 5
40 22 2
40 41 4
41 10 1
41 42 1
42 19 4
42 43 1
43 44 5
44 12 5
44 39 3
44 42 1
44 45 1
44 47 5
45 5 1
45 8 1
45 46 3
46 37 3
46 47 5
47 19 5
47 31 3
47 48 2
48 47 5