0 0.162946
1 0.158696
2 0.17506
3 0.205056
4 0.191099
5 0.206215
6 0.141748
7 0.181141
8 0.220544
9 0.178484
10 0.181592
11 0.218563
12 0.181141
13 0.181141
14 0.122483
15 0.14959
16 0.190104
17 0.197297
18 0.156652
19 0.214076
20 0.205056
21 0.206799
22 0.169767
23 0.185279
24 0.191601
25 0.141199
26 0.143701
27 0.197832
28 0.182045
29 0.18961
30 0.160793
31 0.120066
32 0.149897
33 0.208571
34 0.168981
35 0.186701
36 0.169767
37 0.186701
38 0.205634
39 0.123311
40 0.0948052
41 0.13852
42 0.225309
43 0.210983
44 0.211594
45 0.214076
46 0.181592
47 0.212828
48 0.204482
49 0.159737
50 0.135688
51 0.167048
52 0.194149
53 0.167431
54 0.183417
55 0.178922
56 0.184343
57 0.142857
58 0.177184
59 0.143418
60 0.186701
61 0.203343
62 0.130125
63 0.129893
64 0.161504
65 0.210375
66 0.161863
67 0.169767
68 0.189119
69 0.178922
70 0.170561
71 0.190104
72 0.19837
73 0.188144
