#Arquivo Coleta85.txt 
#Parametros(Chegada/saida/tempo): 1.000/0.850/100000
#Coleta|Ocupação|E(n)|E(w)|lambda|Little

100 87.52331 2.39052 4.19390 0.57000 0.00000000000000266454
200 87.51357 4.14639 5.45577 0.76000 0.00000000000000621725
300 84.31594 3.90465 4.84047 0.80667 -0.00000000000006927792
400 85.04089 4.24947 4.99938 0.85000 -0.00000000000008348877
500 83.88008 4.37357 5.18196 0.84400 0.00000000000000177636
600 84.15197 4.30534 4.92039 0.87500 0.00000000000006750156
700 83.40137 4.11644 4.57382 0.90000 -0.00000000000009237056
800 82.67004 3.95577 4.36499 0.90625 -0.00000000000015720758
900 82.10616 3.79819 4.15355 0.91444 0.00000000000025046631
1000 81.85573 3.70391 4.01291 0.92300 -0.00000000000017941204
1100 82.31428 3.95294 4.27555 0.92455 -0.00000000000022337687
1200 80.89763 3.76342 4.07223 0.92417 -0.00000000000036637360
1300 81.16390 3.68147 3.98162 0.92462 -0.00000000000049915627
1400 81.67391 3.69232 3.96415 0.93143 -0.00000000000068300920
1500 82.49095 3.91089 4.17533 0.93667 -0.00000000000082245322
1600 82.91266 3.96480 4.20390 0.94312 0.00000000000003730349
1700 82.84070 4.07876 4.31212 0.94588 0.00000000000008704149
1800 82.27026 3.93811 4.22192 0.93278 0.00000000000039301895
1900 82.34459 3.88817 4.15496 0.93579 0.00000000000092148511
2000 83.25500 4.16312 4.41944 0.94200 0.00000000000135980116
2100 82.35304 4.05568 4.33211 0.93619 0.00000000000132693856
2200 82.29473 4.03778 4.31219 0.93636 0.00000000000000177636
2300 82.11644 4.01322 4.26346 0.94130 0.00000000000096012087
2400 81.95552 3.93861 4.18630 0.94083 0.00000000000153965729
2500 82.67771 4.11999 4.33683 0.95000 0.00000000000027622349
2600 82.96392 4.11060 4.31124 0.95346 0.00000000000056399330
2700 83.42649 4.16250 4.34936 0.95704 0.00000000000007105427
2800 83.83066 4.53379 4.71569 0.96143 -0.00000000000114752652
2900 83.58879 4.46267 4.63364 0.96310 0.00000000000020250468
3000 83.19877 4.40126 4.57987 0.96100 -0.00000000000103561604
3100 83.37527 4.41819 4.59148 0.96226 -0.00000000000180833126
3200 83.30718 4.39376 4.57088 0.96125 -0.00000000000173194792
3300 83.06177 4.45601 4.62125 0.96424 -0.00000000000111821663
3400 82.97834 4.47029 4.64943 0.96147 -0.00000000000172040160
3500 83.02138 4.45434 4.63442 0.96114 -0.00000000000184918747
3600 83.46556 4.53757 4.70892 0.96361 -0.00000000000270095057
3700 83.06320 4.50863 4.69649 0.96000 -0.00000000000115996102
3800 83.14213 4.47712 4.64711 0.96342 -0.00000000000084110496
3900 82.90510 4.41005 4.59626 0.95949 -0.00000000000070077277
4000 82.55095 4.34606 4.54134 0.95700 -0.00000000000115552012
4100 82.99251 4.36405 4.56911 0.95512 -0.00000000000079491969
4200 83.27978 4.45701 4.66237 0.95595 -0.00000000000007815970
4300 83.30534 4.42759 4.61878 0.95860 0.00000000000152766688
4400 83.01332 4.37301 4.55199 0.96068 0.00000000000207212025
4500 82.92806 4.38548 4.55976 0.96178 0.00000000000241939802
4600 82.75536 4.34186 4.51970 0.96065 0.00000000000200550687
4700 82.40855 4.28683 4.46742 0.95957 0.00000000000026290081
4800 82.46764 4.36365 4.54448 0.96021 0.00000000000438316050
4900 82.64287 4.37813 4.55185 0.96184 0.00000000000457767158
5000 82.65571 4.34441 4.52543 0.96000 0.00000000000509903231
5100 82.72615 4.35432 4.52651 0.96196 0.00000000000480060436
5200 82.84184 4.40190 4.56064 0.96519 0.00000000000220001795
5300 82.82721 4.50026 4.66211 0.96528 0.00000000000126920696
5400 82.61267 4.44807 4.61294 0.96426 0.00000000000025668356
5500 82.50759 4.40414 4.56173 0.96545 -0.00000000000289634983
5600 82.71071 4.43878 4.59297 0.96643 -0.00000000000141486822
5700 82.62777 4.40006 4.54271 0.96860 -0.00000000000011457502
5800 82.58312 4.37857 4.52364 0.96793 0.00000000000090683017
5900 82.44054 4.35656 4.49995 0.96814 0.00000000000044586557
6000 82.54598 4.35399 4.48479 0.97083 -0.00000000000012345680
6100 82.70096 4.37124 4.49656 0.97213 -0.00000000000201527683
6200 82.85136 4.42174 4.54490 0.97290 -0.00000000000167155179
6300 82.90912 4.50073 4.63386 0.97127 -0.00000000000387956334
6400 82.92051 4.51524 4.64441 0.97219 -0.00000000000195932159
6500 83.07679 4.55139 4.68399 0.97169 -0.00000000000141309187
6600 83.26058 4.56723 4.69821 0.97212 -0.00000000000103650422
6700 83.27658 4.56042 4.68416 0.97358 -0.00000000000348965301
6800 83.42666 4.59407 4.71899 0.97353 -0.00000000000423394653
6900 83.66123 4.77538 4.89892 0.97478 -0.00000000000651834142
7000 83.73768 4.75805 4.86793 0.97743 -0.00000000000765165709
7100 83.87414 4.80765 4.91070 0.97901 -0.00000000000825650659
7200 83.85888 4.78307 4.89108 0.97792 -0.00000000000681055212
7300 84.07877 4.81354 4.91590 0.97918 -0.00000000000695354885
7400 84.27053 4.82924 4.91627 0.98230 -0.00000000000684163837
7500 84.22310 4.81327 4.90083 0.98213 -0.00000000000652367049
7600 84.43249 4.81775 4.90094 0.98303 -0.00000000000704591940
7700 84.53702 4.86221 4.93919 0.98442 -0.00000000000537792033
7800 84.63780 4.87522 4.94624 0.98564 -0.00000000000149125157
7900 84.45594 4.84806 4.92284 0.98481 -0.00000000000276045853
8000 84.51449 4.88354 4.96358 0.98388 -0.00000000000270183875
8100 84.51655 4.85399 4.93440 0.98370 -0.00000000000345856677
8200 84.60774 4.85825 4.92674 0.98610 0.00000000000014921397
8300 84.56884 4.84574 4.91023 0.98687 -0.00000000000165378822
8400 84.59869 4.86374 4.92768 0.98702 -0.00000000000131095135
8500 84.59411 4.84011 4.90182 0.98741 0.00000000000135624845
8600 84.43553 4.81859 4.88332 0.98674 -0.00000000000289457347
8700 84.48230 4.84677 4.90541 0.98805 -0.00000000000557331958
8800 84.56738 4.85314 4.90949 0.98852 -0.00000000000767297337
8900 84.56327 4.83445 4.89495 0.98764 0.00000000000053290705
9000 84.21933 4.79184 4.86262 0.98544 -0.00000000000112709841
9100 84.38007 4.81792 4.88230 0.98681 0.00000000000116617827
9200 84.26110 4.79499 4.86802 0.98500 0.00000000000437960779
9300 84.23174 4.78142 4.85027 0.98581 0.00000000000735411732
9400 84.14351 4.77606 4.84460 0.98585 0.00000000000791366972
9500 84.20205 4.81351 4.87146 0.98811 0.00000000000752908846
9600 84.16205 4.83563 4.89736 0.98740 0.00000000000402344824
9700 84.22152 4.83453 4.88642 0.98938 0.00000000000278177481
9800 84.33410 4.85950 4.90353 0.99102 0.00000000000681321666
9900 84.23035 4.83101 4.88180 0.98960 0.00000000000908517706
10000 84.31485 4.85411 4.89770 0.99110 0.00000000001253575022
10100 84.46947 4.90338 4.94105 0.99238 0.00000000000631938946
10200 84.51998 4.89010 4.92730 0.99245 0.00000000000697220059
10300 84.63612 4.92546 4.95625 0.99379 0.00000000000482458518
10400 84.70951 4.93349 4.96596 0.99346 0.00000000000362909702
10500 84.70230 4.93641 4.96098 0.99505 0.00000000000430677716
10600 84.77032 4.92650 4.95078 0.99509 0.00000000000218758345
10700 84.80107 4.90880 4.93138 0.99542 -0.00000000000061817218
10800 84.61952 4.87357 4.90217 0.99417 -0.00000000000597477623
10900 84.53094 4.84932 4.87751 0.99422 -0.00000000000639754916
11000 84.52583 4.84533 4.86701 0.99555 -0.00000000000157118762
11100 84.64981 4.87187 4.88684 0.99694 0.00000000000693400892
11200 84.68992 4.88094 4.89755 0.99661 0.00000000000330047101
11300 84.75516 4.87576 4.88874 0.99735 0.00000000000554312152
11400 84.86936 4.91660 4.93131 0.99702 0.00000000000466648942
11500 84.93050 4.99377 5.00509 0.99774 0.00000000000789235344
11600 85.02262 5.00461 5.00979 0.99897 0.00000000000577760062
11700 84.96711 4.98708 4.99348 0.99872 0.00000000001027711249
11800 84.91396 4.96635 4.97267 0.99873 0.00000000001981081965
11900 84.89388 4.95717 4.96384 0.99866 0.00000000001044320186
12000 84.79214 4.93871 4.94613 0.99850 0.00000000001784794534
12100 84.89567 4.93339 4.93543 0.99959 0.00000000001130828764
12200 84.87362 4.92706 4.93070 0.99926 0.00000000000517363929
12300 84.94018 4.95351 4.95472 0.99976 0.00000000000421440660
12400 85.03798 4.96832 4.96872 0.99992 0.00000000001601918598
12500 85.06391 4.96708 4.96550 1.00032 0.00000000001315569875
12600 85.18814 5.01394 5.00877 1.00103 0.00000000001860289700
12700 85.30223 5.05313 5.04321 1.00197 0.00000000001056488230
12800 85.24007 5.04153 5.02935 1.00242 0.00000000001430855434
12900 85.28850 5.04693 5.03833 1.00171 0.00000000001456967880
13000 85.31822 5.03304 5.02068 1.00246 0.00000000001439115493
13100 85.26845 5.02101 5.00954 1.00229 0.00000000001843680764
13200 85.38820 5.06862 5.05331 1.00303 0.00000000001009681228
13300 85.48548 5.12024 5.10566 1.00286 0.00000000000761524177
13400 85.53128 5.11188 5.10122 1.00209 0.00000000001134203842
13500 85.56446 5.09459 5.07917 1.00304 0.00000000000200905959
13600 85.44085 5.07033 5.05732 1.00257 0.00000000000584066129
13700 85.33135 5.05589 5.04521 1.00212 0.00000000000604316597
13800 85.36396 5.05030 5.03607 1.00283 0.00000000000081534779
13900 85.43797 5.06992 5.05066 1.00381 0.00000000000076916251
14000 85.46944 5.07779 5.06368 1.00279 -0.00000000000375255382
14100 85.41615 5.07370 5.06185 1.00234 -0.00000000000844480041
14200 85.39898 5.05340 5.03921 1.00282 -0.00000000000854694093
14300 85.42017 5.04014 5.02433 1.00315 -0.00000000000223998597
14400 85.40689 5.04018 5.02691 1.00264 0.00000000000102939879
14500 85.29407 5.01939 5.00903 1.00207 0.00000000000315036885
14600 85.25436 4.99907 4.98847 1.00212 0.00000000001042543829
14700 85.15543 4.97511 4.96802 1.00143 0.00000000001295497043
14800 85.14736 4.95916 4.95347 1.00115 0.00000000001643396530
14900 85.04295 4.94133 4.93967 1.00034 0.00000000002207389826
15000 85.04073 4.92601 4.92503 1.00020 0.00000000001428102081
15100 84.99694 4.90934 4.90706 1.00046 0.00000000000542499379
15200 84.83641 4.88639 4.88703 0.99987 0.00000000000031885605
15300 84.88889 4.90194 4.89969 1.00046 0.00000000000460698146
15400 84.96987 4.93119 4.92703 1.00084 0.00000000000569766456
15500 84.95738 4.92190 4.91461 1.00148 0.00000000000807709455
15600 84.97049 4.91847 4.91406 1.00090 0.00000000000650857146
15700 84.94685 4.91257 4.90632 1.00127 0.00000000001288658069
15800 84.89772 4.90015 4.89859 1.00032 0.00000000001304645281
15900 84.88898 4.88980 4.89164 0.99962 0.00000000001394351301
16000 84.90611 4.89503 4.89932 0.99913 0.00000000001379962811
16100 84.89954 4.88543 4.89303 0.99845 0.00000000001230482383
16200 85.01057 4.92347 4.92803 0.99907 0.00000000000542410561
16300 85.08593 5.00627 5.01119 0.99902 0.00000000001625366508
16400 85.17795 5.07423 5.08011 0.99884 0.00000000002056488313
16500 85.19607 5.07943 5.08220 0.99945 0.00000000001921840465
16600 85.10359 5.06171 5.07087 0.99819 0.00000000001505018332
16700 85.03316 5.04629 5.05477 0.99832 0.00000000001091837731
16800 84.99442 5.03776 5.04587 0.99839 0.00000000000745359330
16900 84.96471 5.02753 5.03230 0.99905 0.00000000001053646059
17000 84.91694 5.01112 5.02057 0.99812 0.00000000000745803419
17100 84.94945 5.00815 5.01931 0.99778 0.00000000001060218580
17200 84.92798 4.99332 5.00526 0.99762 0.00000000001286970530
17300 84.85089 4.97576 4.98903 0.99734 0.00000000000694466706
17400 84.90738 4.98635 4.99870 0.99753 0.00000000000827959923
17500 84.88928 4.97100 4.98325 0.99754 0.00000000001011546402
17600 84.92977 4.99051 5.00017 0.99807 0.00000000000544719825
17700 84.98036 4.98954 4.99801 0.99831 0.00000000000048228088
17800 84.98804 4.97737 4.98633 0.99820 0.00000000001025135532
17900 84.92598 4.95904 4.96792 0.99821 0.00000000000337685435
18000 84.89905 4.94532 4.95247 0.99856 0.00000000000869615491
18100 84.94612 4.99794 5.00153 0.99928 0.00000000001785327441
18200 84.96592 5.00551 5.00992 0.99912 0.00000000001994937548
18300 84.99998 4.99951 5.00553 0.99880 0.00000000001149214057
18400 84.91456 4.98382 4.99169 0.99842 0.00000000001594280263
18500 84.87952 4.98713 4.99577 0.99827 0.00000000001907007885
18600 84.93224 4.99528 5.00254 0.99855 0.00000000003116173986
18700 84.93850 4.98684 4.99004 0.99936 0.00000000003804068172
18800 84.89565 4.97593 4.98282 0.99862 0.00000000003552802497
18900 84.97212 4.99487 5.00149 0.99868 0.00000000002878675076
19000 84.97746 4.99568 5.00147 0.99884 0.00000000003731770448
19100 85.01057 5.01298 5.01403 0.99979 0.00000000003644995417
19200 85.07257 5.04555 5.04687 0.99974 0.00000000004525002595
19300 85.04299 5.03270 5.03609 0.99933 0.00000000004732925163
19400 85.06917 5.04014 5.04092 0.99985 0.00000000004345501736
19500 85.06362 5.03851 5.03980 0.99974 0.00000000003411049221
19600 85.06228 5.03360 5.03849 0.99903 0.00000000002963940204
19700 85.08096 5.05323 5.05734 0.99919 0.00000000003458033859
19800 85.03017 5.04443 5.04774 0.99934 0.00000000002794564580
19900 85.03438 5.03335 5.03436 0.99980 0.00000000002194866511
20000 85.03446 5.02747 5.03099 0.99930 0.00000000003315836494
20100 85.03661 5.01513 5.01762 0.99950 0.00000000002658850917
20200 84.97382 4.99772 5.00367 0.99881 0.00000000002586997283
20300 84.92402 4.98618 4.99356 0.99852 0.00000000003269917670
20400 84.88773 4.97189 4.97897 0.99858 0.00000000003088906908
20500 84.81956 4.95522 4.96831 0.99737 0.00000000003536371196
20600 84.76399 4.93938 4.95357 0.99714 0.00000000003957012495
20700 84.79044 4.95787 4.96675 0.99821 0.00000000004189359970
20800 84.86398 5.00470 5.01338 0.99827 0.00000000004200106929
20900 84.86226 5.03319 5.04284 0.99809 0.00000000003643219060
21000 84.87467 5.03751 5.04640 0.99824 0.00000000005436451289
21100 84.88947 5.03863 5.04652 0.99844 0.00000000005215383680
21200 84.91974 5.04651 5.05462 0.99840 0.00000000004845457369
21300 84.88539 5.03414 5.04337 0.99817 0.00000000004312905588
21400 84.85915 5.02182 5.03193 0.99799 0.00000000005123990121
21500 84.90459 5.02865 5.03614 0.99851 0.00000000005168576678
21600 84.82107 5.02104 5.03129 0.99796 0.00000000005599343211
21700 84.88902 5.04157 5.05111 0.99811 0.00000000004207478810
21800 84.92036 5.04846 5.05658 0.99839 0.00000000003925482162
21900 84.94728 5.04516 5.05554 0.99795 0.00000000003023004069
22000 84.88382 5.03139 5.04400 0.99750 0.00000000002112710007
22100 84.93531 5.05224 5.06163 0.99814 0.00000000002833555612
22200 84.88168 5.04229 5.05344 0.99779 0.00000000002882494243
22300 84.84820 5.02970 5.03919 0.99812 0.00000000003229594370
22400 84.83453 5.01840 5.03053 0.99759 0.00000000002948841171
22500 84.87935 5.02773 5.03983 0.99760 0.00000000003672795401
22600 84.90694 5.03693 5.04967 0.99748 0.00000000004225064743
22700 84.85261 5.03109 5.04776 0.99670 0.00000000003927791425
22800 84.82702 5.02303 5.03917 0.99680 0.00000000004337774584
22900 84.86656 5.02780 5.04609 0.99638 0.00000000004592326519
23000 84.81133 5.02160 5.04089 0.99617 0.00000000003552624861
23100 84.76050 5.01266 5.03424 0.99571 0.00000000003169908780
23200 84.82438 5.04152 5.06050 0.99625 0.00000000004183942082
23300 84.85251 5.03722 5.05305 0.99687 0.00000000005124167757
23400 84.77245 5.02469 5.04323 0.99632 0.00000000003154632111
23500 84.77738 5.01558 5.03400 0.99634 0.00000000005774936085
23600 84.84142 5.06174 5.07465 0.99746 0.00000000007982947636
23700 84.86598 5.06227 5.07533 0.99743 0.00000000007300027249
23800 84.85630 5.05604 5.06839 0.99756 0.00000000006970246602
23900 84.83676 5.04576 5.05952 0.99728 0.00000000006349853976
24000 84.72595 5.03230 5.04935 0.99662 0.00000000005504041667
24100 84.63566 5.01649 5.03508 0.99631 0.00000000005780975698
24200 84.57295 5.00352 5.02324 0.99607 0.00000000005773159728
24300 84.63328 5.02627 5.04349 0.99658 0.00000000007579359362
24400 84.60189 5.01833 5.03649 0.99639 0.00000000007758416132
24500 84.51373 5.00536 5.02773 0.99555 0.00000000008493383774
24600 84.56106 5.01072 5.03240 0.99569 0.00000000009890754882
24700 84.55563 5.00137 5.02476 0.99534 0.00000000010145306817
24800 84.58892 5.01230 5.03320 0.99585 0.00000000011263967536
24900 84.57223 5.00956 5.02915 0.99610 0.00000000011440270953
25000 84.60209 5.03668 5.05528 0.99632 0.00000000009817124891
25100 84.57744 5.03375 5.05248 0.99629 0.00000000009253930955
25200 84.57719 5.02178 5.04259 0.99587 0.00000000009630340969
25300 84.58096 5.02384 5.04517 0.99577 0.00000000008701661613
25400 84.58990 5.01672 5.03854 0.99567 0.00000000008682921049
25500 84.60571 5.01682 5.03855 0.99569 0.00000000007881428843
25600 84.57018 5.00578 5.02797 0.99559 0.00000000007217959563
25700 84.56218 5.00209 5.02301 0.99584 0.00000000006124434293
25800 84.56162 4.99840 5.01922 0.99585 0.00000000005948841419
25900 84.50754 4.98536 5.00779 0.99552 0.00000000006726352808
26000 84.53457 4.98823 5.01039 0.99558 0.00000000006197620195
26100 84.46502 4.98607 5.01025 0.99517 0.00000000006227374172
26200 84.48154 4.98749 5.01178 0.99515 0.00000000007036060623
26300 84.38323 4.97368 5.00240 0.99426 0.00000000006437250732
26400 84.36367 4.96125 4.99227 0.99379 0.00000000006485922910
26500 84.31866 4.95048 4.98396 0.99328 0.00000000005190070596
26600 84.30433 4.93954 4.97338 0.99320 0.00000000003812239413
26700 84.29354 4.93262 4.96573 0.99333 0.00000000005247446921
26800 84.23939 4.92144 4.95621 0.99299 0.00000000005177369644
26900 84.20537 4.91112 4.94568 0.99301 0.00000000006053468837
27000 84.24942 4.91769 4.95070 0.99333 0.00000000004911360207
27100 84.26054 4.92806 4.96359 0.99284 0.00000000005312816853
27200 84.27138 4.92757 4.96573 0.99232 0.00000000005894307264
27300 84.20041 4.91466 4.95495 0.99187 0.00000000005021227878
27400 84.13969 4.90588 4.94959 0.99117 0.00000000004434852485
27500 84.16727 4.90595 4.94951 0.99120 0.00000000002883293604
27600 84.14800 4.89693 4.94133 0.99101 0.00000000002459010773
27700 84.19715 4.90163 4.94429 0.99137 0.00000000002525002429
27800 84.22021 4.89786 4.94069 0.99133 0.00000000002271693944
27900 84.14127 4.88620 4.93342 0.99043 0.00000000003435385310
28000 84.16541 4.89198 4.94015 0.99025 0.00000000003962785655
28100 84.17739 4.89005 4.93980 0.98993 0.00000000005145306403
28200 84.14840 4.88335 4.93462 0.98961 0.00000000005513189905
28300 84.17016 4.88404 4.93707 0.98926 0.00000000005495248701
28400 84.19325 4.87806 4.92909 0.98965 0.00000000004490097183
28500 84.21184 4.88695 4.93823 0.98961 0.00000000004686473432
28600 84.24033 4.88842 4.93989 0.98958 0.00000000004879030513
28700 84.18444 4.87873 4.93148 0.98930 0.00000000003160138817
28800 84.14085 4.86962 4.92658 0.98844 0.00000000003318767483
28900 84.16270 4.87237 4.92520 0.98927 0.00000000005440359274
29000 84.16593 4.87266 4.92737 0.98890 0.00000000005320188734
29100 84.15694 4.86525 4.91884 0.98911 0.00000000005220179844
29200 84.16100 4.86378 4.91733 0.98911 0.00000000004653966101
29300 84.09223 4.85384 4.91083 0.98840 0.00000000003852296260
29400 84.14347 4.88483 4.93944 0.98895 0.00000000004140510157
29500 84.13409 4.88884 4.94211 0.98922 0.00000000004868194736
29600 84.13617 4.88625 4.93982 0.98916 0.00000000005189360053
29700 84.13270 4.88110 4.93460 0.98916 0.00000000004322053826
29800 84.13013 4.87605 4.92898 0.98926 0.00000000003619859967
29900 84.06710 4.86565 4.91962 0.98903 0.00000000003401900983
30000 84.05285 4.85938 4.91243 0.98920 0.00000000004130207287
30100 84.10766 4.94551 4.99580 0.98993 0.00000000004294697931
30200 84.15798 5.02129 5.07387 0.98964 0.00000000004192912684
30300 84.20385 5.03112 5.08431 0.98954 0.00000000006791722740
30400 84.24376 5.06791 5.11740 0.99033 0.00000000006905942485
30500 84.22965 5.07385 5.12459 0.99010 0.00000000004905942319
30600 84.28077 5.07917 5.12862 0.99036 0.00000000005962785821
30700 84.22512 5.07090 5.12279 0.98987 0.00000000007367173538
30800 84.17908 5.05973 5.11352 0.98948 0.00000000008095213389
30900 84.21104 5.05799 5.11058 0.98971 0.00000000008002309926
31000 84.24956 5.08342 5.13192 0.99055 0.00000000009523226652
31100 84.20597 5.07850 5.12930 0.99010 0.00000000009630607423
31200 84.18114 5.07560 5.12521 0.99032 0.00000000010502176906
31300 84.17362 5.07109 5.12149 0.99016 0.00000000010755485391
31400 84.18674 5.07547 5.12558 0.99022 0.00000000009803624579
31500 84.16614 5.06917 5.12186 0.98971 0.00000000008522516026
31600 84.09340 5.05694 5.11293 0.98905 0.00000000008135803142
31700 84.11612 5.06127 5.11582 0.98934 0.00000000009184031313
31800 84.09027 5.05226 5.10816 0.98906 0.00000000008666400930
31900 84.08873 5.04602 5.10200 0.98903 0.00000000008262723838
32000 84.10869 5.04364 5.10070 0.98881 0.00000000008101785909
32100 84.11298 5.04076 5.09954 0.98847 0.00000000009395861866
32200 84.13853 5.03800 5.09640 0.98854 0.00000000009973355475
32300 84.10731 5.03102 5.08900 0.98861 0.00000000010523493188
32400 84.10549 5.02827 5.08540 0.98877 0.00000000010874412482
32500 84.09671 5.03405 5.09060 0.98889 0.00000000011331646732
32600 84.11015 5.03546 5.09058 0.98917 0.00000000011731149385
32700 84.11268 5.02794 5.08501 0.98878 0.00000000012761525170
32800 84.08303 5.01877 5.07729 0.98848 0.00000000012960921225
32900 84.06529 5.01121 5.07085 0.98824 0.00000000014165291162
33000 84.06758 5.00531 5.06347 0.98852 0.00000000016085088816
33100 84.00463 4.99478 5.05541 0.98801 0.00000000014952572513
33200 84.04874 5.00328 5.06244 0.98831 0.00000000013662848630
33300 84.05449 5.00722 5.06610 0.98838 0.00000000015647483309
33400 84.07976 5.00320 5.05971 0.98883 0.00000000014615242350
33500 84.09978 5.00096 5.05879 0.98857 0.00000000013088019557
33600 84.08545 4.99540 5.05361 0.98848 0.00000000013716050518
33700 84.10641 5.00481 5.06356 0.98840 0.00000000012727419119
33800 84.05267 4.99702 5.05702 0.98814 0.00000000010286882457
33900 84.08728 5.00812 5.06580 0.98861 0.00000000007667644297
34000 84.09806 5.01878 5.07716 0.98850 0.00000000006022826682
34100 84.05604 5.01013 5.07005 0.98818 0.00000000006334577307
34200 84.01811 5.00112 5.06135 0.98810 0.00000000006362199656
34300 83.92401 4.98927 5.05246 0.98749 0.00000000008013412156
34400 83.91622 4.98525 5.04850 0.98747 0.00000000008768630266
34500 83.95104 4.98450 5.04593 0.98783 0.00000000008275335972
34600 83.91841 4.97642 5.03934 0.98751 0.00000000006404654584
34700 83.94369 4.97361 5.03660 0.98749 0.00000000006178968448
34800 83.96961 4.97231 5.03467 0.98761 0.00000000007198774910
34900 83.97334 4.96597 5.02704 0.98785 0.00000000004777067630
35000 83.97733 4.96022 5.02090 0.98791 0.00000000006457678836
35100 83.93014 4.95319 5.01390 0.98789 0.00000000008257039497
35200 83.94288 4.94963 5.00998 0.98795 0.00000000008777334415
35300 83.92901 4.94574 5.00702 0.98776 0.00000000008970335585
35400 83.94456 4.94412 5.00434 0.98797 0.00000000008799805329
35500 83.97198 4.94611 5.00618 0.98800 0.00000000006300915345
35600 83.96943 4.95013 5.01022 0.98801 0.00000000005252243085
35700 83.98649 4.94661 5.00607 0.98812 0.00000000006043432421
35800 83.95878 4.93950 4.99969 0.98796 0.00000000005505906842
35900 83.94537 4.93178 4.99368 0.98760 0.00000000007172307193
36000 83.92117 4.92505 4.98641 0.98769 0.00000000008179323885
36100 83.87909 4.91619 4.97810 0.98756 0.00000000009114931032
36200 83.83397 4.90757 4.97032 0.98738 0.00000000010620215818
36300 83.85725 4.91786 4.97889 0.98774 0.00000000009534595335
36400 83.86285 4.91429 4.97553 0.98769 0.00000000008813838548
36500 83.88294 4.92264 4.98036 0.98841 0.00000000006617550952
36600 83.92900 4.93788 4.99217 0.98913 0.00000000004077094218
36700 83.89619 4.93072 4.98656 0.98880 0.00000000005195488484
36800 83.87824 4.92239 4.98004 0.98842 0.00000000004843858648
36900 83.87504 4.92849 4.98414 0.98883 0.00000000004919975538
37000 83.91021 4.93082 4.98702 0.98873 0.00000000005090061705
37100 83.88643 4.92754 4.98396 0.98868 0.00000000007133316160
37200 83.88231 4.92485 4.98136 0.98866 0.00000000003869438103
37300 83.83284 4.91735 4.97659 0.98810 0.00000000001861888421
37400 83.80896 4.91298 4.97201 0.98813 0.00000000002046096625
37500 83.80230 4.90600 4.96558 0.98800 0.00000000003647926405
37600 83.83712 4.92763 4.98785 0.98793 0.00000000004612221716
37700 83.85985 4.93046 4.99042 0.98798 0.00000000003272315752
37800 83.84132 4.92709 4.98779 0.98783 0.00000000002292033230
37900 83.82240 4.91826 4.97949 0.98770 0.00000000001295408225
38000 83.78751 4.91048 4.97264 0.98750 0.00000000001004707428
38100 83.79850 4.92918 4.99114 0.98759 0.00000000000456346072
38200 83.82281 4.93487 4.99793 0.98738 0.00000000001435651598
38300 83.85215 4.96750 5.02842 0.98789 0.00000000001531663685
38400 83.89365 5.02672 5.08820 0.98792 0.00000000001190247900
38500 83.92018 5.05148 5.11391 0.98779 0.00000000000760547181
38600 83.92766 5.04600 5.10874 0.98772 0.00000000001683542195
38700 83.90092 5.03859 5.10200 0.98757 0.00000000002295941215
38800 83.90685 5.03320 5.09771 0.98735 0.00000000002171507418
38900 83.88042 5.02838 5.09266 0.98738 -0.00000000000338928885
39000 83.92141 5.05853 5.12077 0.98785 -0.00000000001493916102
39100 83.90148 5.05132 5.11649 0.98726 -0.00000000000231725750
39200 83.88769 5.04423 5.10795 0.98753 -0.00000000000050892623
39300 83.87832 5.03923 5.10378 0.98735 0.00000000001054978327
39400 83.87867 5.03823 5.10207 0.98749 0.00000000002145039701
39500 83.91696 5.04259 5.10527 0.98772 0.00000000001952127349
39600 83.91534 5.03700 5.10063 0.98753 0.00000000003459721398
39700 83.91483 5.03412 5.09599 0.98786 0.00000000004171063495
39800 83.90380 5.02944 5.09057 0.98799 0.00000000004270184206
39900 83.91772 5.03159 5.09144 0.98825 0.00000000003065991905
40000 83.93484 5.02841 5.08858 0.98818 0.00000000001954170159
40100 83.95220 5.02740 5.08689 0.98830 0.00000000000238031816
40200 83.95815 5.03645 5.09578 0.98836 0.00000000000644995168
40300 83.96123 5.03979 5.09849 0.98849 0.00000000002482192230
40400 83.98922 5.04892 5.10630 0.98876 0.00000000001683897466
40500 84.02463 5.06271 5.12011 0.98879 0.00000000001827693552
40600 84.01799 5.05828 5.11676 0.98857 0.00000000001731326194
40700 83.97791 5.05077 5.11028 0.98835 0.00000000001016253748
40800 83.98938 5.04866 5.10636 0.98870 -0.00000000000660893562
40900 84.00413 5.04476 5.10227 0.98873 -0.00000000000790656429
41000 84.00722 5.04115 5.09760 0.98893 0.00000000000115640830
41100 83.98620 5.03419 5.09080 0.98888 0.00000000000911626330
41200 84.00581 5.03751 5.09314 0.98908 0.00000000000266986433
41300 84.01853 5.05116 5.10593 0.98927 0.00000000000354205554
41400 84.05704 5.06020 5.11406 0.98947 0.00000000001876365729
41500 84.09413 5.07006 5.12352 0.98957 0.00000000001474642630
41600 84.10589 5.06836 5.12067 0.98978 0.00000000000560529401
41700 84.08733 5.06376 5.11851 0.98930 0.00000000000483613150
41800 84.11400 5.07494 5.12546 0.99014 -0.00000000001285460627
41900 84.11793 5.08645 5.13523 0.99050 0.00000000000780442377
42000 84.12983 5.09561 5.14312 0.99076 0.00000000001742250788
42100 84.16615 5.12341 5.16995 0.99100 0.00000000000386268795
42200 84.17297 5.12553 5.17384 0.99066 -0.00000000000573674441
42300 84.20397 5.12987 5.17650 0.99099 -0.00000000001572875163
42400 84.16410 5.12184 5.16803 0.99106 0.00000000000005861978
42500 84.19740 5.13120 5.17589 0.99136 0.00000000000040500936
42600 84.19586 5.13397 5.17907 0.99129 0.00000000000604494232
42700 84.22458 5.14347 5.18745 0.99152 0.00000000000214495088
42800 84.22575 5.14804 5.19391 0.99117 0.00000000000230571118
42900 84.24755 5.14632 5.19097 0.99140 0.00000000002258193632
43000 84.27589 5.16162 5.20715 0.99126 0.00000000000547295542
43100 84.26612 5.15897 5.20400 0.99135 0.00000000001481748058
43200 84.25817 5.15254 5.19766 0.99132 0.00000000002503686147
43300 84.23106 5.14587 5.19010 0.99148 0.00000000002728128834
43400 84.25587 5.15669 5.19801 0.99205 0.00000000000194422256
43500 84.29224 5.16860 5.20883 0.99228 0.00000000001027800067
43600 84.32529 5.18462 5.22391 0.99248 -0.00000000000911448694
43700 84.30461 5.17968 5.21921 0.99243 -0.00000000002843858482
43800 84.31348 5.17987 5.21872 0.99256 -0.00000000005262901226
43900 84.30202 5.17324 5.21230 0.99251 -0.00000000005819078552
44000 84.28711 5.16646 5.20514 0.99257 -0.00000000005419487081
44100 84.29610 5.16829 5.20785 0.99240 -0.00000000007128697632
44200 84.28197 5.16239 5.20276 0.99224 -0.00000000007506262278
44300 84.30374 5.16498 5.20386 0.99253 -0.00000000007464606711
44400 84.30910 5.16609 5.20607 0.99232 -0.00000000006966516253
44500 84.28433 5.16242 5.20311 0.99218 -0.00000000005711697781
44600 84.26401 5.15746 5.19779 0.99224 -0.00000000006734079960
44700 84.24412 5.15102 5.19378 0.99177 -0.00000000008232792226
44800 84.26659 5.15559 5.19677 0.99208 -0.00000000009258371847
44900 84.29266 5.16773 5.20798 0.99227 -0.00000000010624479074
45000 84.30372 5.17031 5.21142 0.99211 -0.00000000010371525860
45100 84.29982 5.16735 5.20928 0.99195 -0.00000000011615064466
45200 84.30765 5.16861 5.20906 0.99223 -0.00000000011543477285
45300 84.29292 5.16655 5.20655 0.99232 -0.00000000010882494905
45400 84.28780 5.16318 5.20434 0.99209 -0.00000000010637624115
45500 84.27239 5.15833 5.19936 0.99211 -0.00000000011978062986
45600 84.26056 5.15186 5.19366 0.99195 -0.00000000011440892678
45700 84.25315 5.14983 5.19186 0.99190 -0.00000000010642597914
45800 84.23888 5.14318 5.18484 0.99197 -0.00000000011736833727
45900 84.22764 5.13713 5.17808 0.99209 -0.00000000011861978066
46000 84.23706 5.13777 5.17863 0.99211 -0.00000000011654677223
46100 84.21490 5.13161 5.17392 0.99182 -0.00000000011919887299
46200 84.22696 5.13065 5.17354 0.99171 -0.00000000012621548251
46300 84.22022 5.12750 5.17072 0.99164 -0.00000000012342926681
46400 84.22026 5.12063 5.16393 0.99162 -0.00000000012207745925
46500 84.16277 5.11264 5.15678 0.99144 -0.00000000012649614689
46600 84.11943 5.10513 5.15100 0.99109 -0.00000000017065104885
46700 84.09222 5.09900 5.14672 0.99073 -0.00000000011745004969
46800 84.07848 5.09448 5.14228 0.99071 -0.00000000010616041379
46900 84.07068 5.08930 5.13783 0.99055 -0.00000000014663914527
47000 84.08065 5.09717 5.14379 0.99094 -0.00000000012180656483
47100 84.11643 5.12782 5.17241 0.99138 -0.00000000013726086934
47200 84.13997 5.13854 5.18368 0.99129 -0.00000000016602275110
47300 84.17186 5.16063 5.20420 0.99163 -0.00000000017468515523
47400 84.20416 5.16764 5.21040 0.99179 -0.00000000015632739547
47500 84.20001 5.16323 5.20675 0.99164 -0.00000000013411316502
47600 84.20497 5.15779 5.20051 0.99179 -0.00000000014240963964
47700 84.20234 5.15261 5.19476 0.99189 -0.00000000014098944234
47800 84.23392 5.17218 5.21044 0.99266 -0.00000000016598100672
47900 84.25720 5.18253 5.22123 0.99259 -0.00000000015438850198
48000 84.24961 5.17714 5.21615 0.99252 -0.00000000014596857056
48100 84.21519 5.17055 5.21041 0.99235 -0.00000000015834178413
48200 84.22020 5.16785 5.20783 0.99232 -0.00000000018650858635
48300 84.21695 5.16235 5.20220 0.99234 -0.00000000018702284166
48400 84.18948 5.15526 5.19682 0.99200 -0.00000000016768630928
48500 84.19336 5.14998 5.19022 0.99225 -0.00000000016276668902
48600 84.20456 5.15499 5.19411 0.99247 -0.00000000014518874991
48700 84.20435 5.15229 5.19077 0.99259 -0.00000000012027268070
48800 84.19012 5.14678 5.18503 0.99262 -0.00000000012451106812
48900 84.20626 5.15023 5.18939 0.99245 -0.00000000009397282952
49000 84.23136 5.15205 5.18954 0.99278 -0.00000000009749889784
49100 84.23647 5.15273 5.19068 0.99269 -0.00000000007452438666
49200 84.22314 5.14912 5.18739 0.99262 -0.00000000007967315696
49300 84.19582 5.14378 5.18236 0.99256 -0.00000000012568968089
49400 84.18314 5.13852 5.17899 0.99219 -0.00000000012544809636
49500 84.16174 5.13241 5.17253 0.99224 -0.00000000011422773838
49600 84.16493 5.13026 5.17071 0.99218 -0.00000000010974599007
49700 84.17181 5.12915 5.16972 0.99215 -0.00000000011803891198
49800 84.15495 5.12262 5.16410 0.99197 -0.00000000010093437197
49900 84.16717 5.12236 5.16229 0.99226 -0.00000000009026468462
50000 84.18566 5.12936 5.16927 0.99228 -0.00000000006002665032
50100 84.17328 5.12512 5.16575 0.99214 -0.00000000008629541526
50200 84.19392 5.12570 5.16645 0.99211 -0.00000000007999290119
50300 84.21508 5.13485 5.17508 0.99223 -0.00000000008376499494
50400 84.21918 5.13179 5.17253 0.99212 -0.00000000008295852894
50500 84.25180 5.13813 5.17812 0.99228 -0.00000000007379963307
50600 84.25372 5.13378 5.17468 0.99209 -0.00000000006854250501
50700 84.27798 5.13875 5.17828 0.99237 -0.00000000007247358269
50800 84.30223 5.14288 5.18215 0.99242 -0.00000000010554934704
50900 84.33312 5.15948 5.19726 0.99273 -0.00000000009475353835
51000 84.36381 5.17941 5.21746 0.99271 -0.00000000008089706682
51100 84.34898 5.17353 5.21168 0.99268 -0.00000000009716316640
51200 84.37778 5.18253 5.22026 0.99277 -0.00000000011543210832
51300 84.40432 5.18426 5.22141 0.99288 -0.00000000009753442498
51400 84.39839 5.18152 5.21940 0.99274 -0.00000000007503597743
51500 84.39107 5.17883 5.21794 0.99250 -0.00000000009236789111
51600 84.40607 5.17509 5.21420 0.99250 -0.00000000010013767593
51700 84.40660 5.16982 5.20871 0.99253 -0.00000000008167866383
51800 84.40928 5.16574 5.20280 0.99288 -0.00000000008669420737
51900 84.39163 5.15909 5.19764 0.99258 -0.00000000010888800972
52000 84.41657 5.17759 5.21500 0.99283 -0.00000000010261125283
52100 84.42651 5.18049 5.21946 0.99253 -0.00000000010777778670
52200 84.43508 5.18202 5.22053 0.99262 -0.00000000012560175122
52300 84.42200 5.17877 5.21788 0.99250 -0.00000000015018031263
52400 84.43769 5.17846 5.21709 0.99260 -0.00000000014081980027
52500 84.46848 5.19812 5.23612 0.99274 -0.00000000014525269876
52600 84.49961 5.21551 5.25215 0.99302 -0.00000000011983658510
52700 84.52618 5.26851 5.30475 0.99317 -0.00000000008848832778
52800 84.55492 5.29533 5.33137 0.99324 -0.00000000010372325221
52900 84.57814 5.29967 5.33466 0.99344 -0.00000000011637979469
53000 84.60702 5.31424 5.34825 0.99364 -0.00000000016742784936
53100 84.63676 5.32750 5.35990 0.99395 -0.00000000017198331648
53200 84.66597 5.33394 5.36663 0.99391 -0.00000000016860557395
53300 84.66955 5.33121 5.36534 0.99364 -0.00000000018832846393
53400 84.62530 5.32448 5.36102 0.99318 -0.00000000019997337120
53500 84.61570 5.31956 5.35620 0.99316 -0.00000000021991120036
53600 84.63417 5.32139 5.35767 0.99323 -0.00000000017639489869
53700 84.61408 5.31735 5.35394 0.99317 -0.00000000021108359505
53800 84.62721 5.31619 5.35200 0.99331 -0.00000000024528823417
53900 84.61861 5.31081 5.34811 0.99302 -0.00000000024166979529
54000 84.58400 5.30546 5.34425 0.99274 -0.00000000022545521006
54100 84.59252 5.30227 5.34107 0.99274 -0.00000000022846524672
54200 84.59049 5.30075 5.33858 0.99292 -0.00000000023551827155
54300 84.61883 5.32187 5.35887 0.99309 -0.00000000023872281929
54400 84.61364 5.31875 5.35497 0.99324 -0.00000000025964475014
54500 84.62947 5.32060 5.35628 0.99334 -0.00000000027569235783
54600 84.60246 5.31584 5.35240 0.99317 -0.00000000029847768701
54700 84.62013 5.31855 5.35506 0.99318 -0.00000000032590907750
54800 84.61757 5.31463 5.35037 0.99332 -0.00000000034349412203
54900 84.64127 5.32065 5.35528 0.99353 -0.00000000029925839584
55000 84.66919 5.33733 5.37073 0.99378 -0.00000000028752200620
55100 84.69572 5.34168 5.37475 0.99385 -0.00000000027953284132
55200 84.68600 5.33916 5.37186 0.99391 -0.00000000029711344496
55300 84.70072 5.34095 5.37291 0.99405 -0.00000000029340352370
55400 84.68722 5.33502 5.36621 0.99419 -0.00000000030925750849
55500 84.68919 5.33050 5.36238 0.99405 -0.00000000027827784521
55600 84.68331 5.32693 5.35786 0.99423 -0.00000000023871393751
55700 84.68531 5.32824 5.35874 0.99431 -0.00000000024468338466
55800 84.67208 5.32538 5.35581 0.99432 -0.00000000022597124172
55900 84.65431 5.32002 5.34969 0.99445 -0.00000000022518698017
56000 84.67297 5.32299 5.35195 0.99459 -0.00000000021802115668
56100 84.69082 5.32158 5.34932 0.99481 -0.00000000021699619879
56200 84.70965 5.32705 5.35507 0.99477 -0.00000000021992807575
56300 84.68641 5.32216 5.35067 0.99467 -0.00000000019830892484
56400 84.66303 5.31642 5.34599 0.99447 -0.00000000019729906597
56500 84.64891 5.31120 5.34136 0.99435 -0.00000000018092816134
56600 84.64364 5.30609 5.33654 0.99429 -0.00000000016107559730
56700 84.63315 5.30368 5.33482 0.99416 -0.00000000013789058784
56800 84.60012 5.29780 5.32989 0.99398 -0.00000000014283596528
56900 84.60820 5.29891 5.33066 0.99404 -0.00000000015856560509
57000 84.57057 5.29221 5.32518 0.99381 -0.00000000015224888017
57100 84.58279 5.29397 5.32615 0.99396 -0.00000000016527756941
57200 84.60876 5.31682 5.34898 0.99399 -0.00000000019335377743
57300 84.61856 5.32342 5.35623 0.99387 -0.00000000018630874621
57400 84.59312 5.31839 5.35252 0.99362 -0.00000000018558665715
57500 84.60495 5.31779 5.35073 0.99384 -0.00000000019059953615
57600 84.58186 5.31440 5.34792 0.99373 -0.00000000015920154084
57700 84.60518 5.32371 5.35620 0.99393 -0.00000000017337242753
57800 84.59652 5.32302 5.35536 0.99396 -0.00000000017628920546
57900 84.60031 5.31996 5.35250 0.99392 -0.00000000017022117049
58000 84.60547 5.32164 5.35423 0.99391 -0.00000000015970513800
58100 84.62729 5.32418 5.35589 0.99408 -0.00000000015818635291
58200 84.63972 5.32216 5.35315 0.99421 -0.00000000013001866250
58300 84.64024 5.31812 5.34821 0.99437 -0.00000000011883205531
58400 84.61836 5.31318 5.34429 0.99418 -0.00000000010630962777
58500 84.62967 5.31449 5.34592 0.99412 -0.00000000010974510189
58600 84.64047 5.31974 5.35116 0.99413 -0.00000000011323653126
58700 84.63559 5.31745 5.34825 0.99424 -0.00000000009114842214
58800 84.62308 5.31373 5.34546 0.99406 -0.00000000010088818669
58900 84.61040 5.30993 5.34268 0.99387 -0.00000000010775025316
59000 84.59911 5.30527 5.33875 0.99373 -0.00000000009851586213
59100 84.60831 5.30252 5.33701 0.99354 -0.00000000012626966139
59200 84.60851 5.30000 5.33470 0.99350 -0.00000000014259704528
59300 84.58247 5.29393 5.32988 0.99325 -0.00000000013708678637
59400 84.59543 5.29430 5.32930 0.99343 -0.00000000015703705003
59500 84.58047 5.29683 5.33223 0.99336 -0.00000000015335643866
59600 84.56374 5.29327 5.32886 0.99332 -0.00000000014172130136
59700 84.55854 5.28939 5.32543 0.99323 -0.00000000014649170765
59800 84.56709 5.29229 5.32819 0.99326 -0.00000000015816059573
59900 84.56817 5.29135 5.32701 0.99331 -0.00000000015414780563
60000 84.59298 5.30915 5.34469 0.99335 -0.00000000018830004223
60100 84.61556 5.31190 5.34758 0.99333 -0.00000000016524825952
60200 84.60395 5.30782 5.34360 0.99331 -0.00000000013962786483
60300 84.62043 5.31304 5.34851 0.99337 -0.00000000014553425132
60400 84.63639 5.31379 5.34886 0.99344 -0.00000000014280931993
60500 84.61996 5.30844 5.34466 0.99322 -0.00000000018133849977
60600 84.60662 5.30354 5.34020 0.99314 -0.00000000018520562861
60700 84.59657 5.29844 5.33456 0.99323 -0.00000000020423041036
60800 84.60684 5.29587 5.33156 0.99331 -0.00000000023102053603
60900 84.60078 5.29483 5.33204 0.99302 -0.00000000021929569272
61000 84.62545 5.30128 5.33821 0.99308 -0.00000000022558754864
61100 84.60905 5.29588 5.33368 0.99291 -0.00000000019855672662
61200 84.61717 5.29747 5.33425 0.99310 -0.00000000018089973963
61300 84.62036 5.30014 5.33635 0.99321 -0.00000000016621903853
61400 84.63495 5.30373 5.34052 0.99311 -0.00000000014848566821
61500 84.64668 5.30247 5.33902 0.99315 -0.00000000017439738542
61600 84.65212 5.30265 5.33835 0.99331 -0.00000000019606360979
61700 84.67835 5.32087 5.35638 0.99337 -0.00000000020650059440
61800 84.68324 5.31754 5.35261 0.99345 -0.00000000020233326126
61900 84.70556 5.33349 5.36922 0.99334 -0.00000000023788082615
62000 84.68684 5.32951 5.36577 0.99324 -0.00000000024423751910
62100 84.67977 5.32648 5.36223 0.99333 -0.00000000021947865747
62200 84.68208 5.32317 5.35910 0.99330 -0.00000000022745627604
62300 84.67895 5.32003 5.35588 0.99331 -0.00000000020394175237
62400 84.69349 5.31701 5.35235 0.99340 -0.00000000021379431558
62500 84.66997 5.31254 5.34917 0.99315 -0.00000000020695711811
62600 84.64941 5.30820 5.34569 0.99299 -0.00000000019886225999
62700 84.66278 5.30920 5.34569 0.99317 -0.00000000023058976950
62800 84.66609 5.31651 5.35299 0.99318 -0.00000000023040058750
62900 84.65080 5.31234 5.34942 0.99307 -0.00000000021467894129
63000 84.64793 5.30785 5.34501 0.99305 -0.00000000018640911037
63100 84.64728 5.30971 5.34555 0.99330 -0.00000000016952927950
63200 84.66373 5.32407 5.35960 0.99337 -0.00000000017027623755
63300 84.67048 5.32247 5.35854 0.99327 -0.00000000014895018552
63400 84.68285 5.32141 5.35767 0.99323 -0.00000000015603163206
63500 84.64626 5.31489 5.35282 0.99291 -0.00000000017648638106
63600 84.63983 5.31137 5.34939 0.99289 -0.00000000018192913842
63700 84.60972 5.30513 5.34338 0.99284 -0.00000000018892265530
63800 84.58566 5.29997 5.33897 0.99270 -0.00000000017825296794
63900 84.57359 5.29573 5.33573 0.99250 -0.00000000017637713512
64000 84.57793 5.29396 5.33396 0.99250 -0.00000000016365930833
64100 84.58771 5.29420 5.33532 0.99229 -0.00000000019138024498
64200 84.59271 5.29147 5.33175 0.99245 -0.00000000020494272945
64300 84.59751 5.28760 5.32770 0.99247 -0.00000000021069546108
64400 84.61759 5.28897 5.32869 0.99255 -0.00000000021836132902
64500 84.59847 5.28332 5.32351 0.99245 -0.00000000020650503529
64600 84.57449 5.27785 5.31819 0.99241 -0.00000000021731416666
64700 84.57874 5.28220 5.32317 0.99230 -0.00000000020386714539
64800 84.57437 5.27979 5.32051 0.99235 -0.00000000020579271620
64900 84.57749 5.28142 5.32284 0.99222 -0.00000000020782753296
65000 84.57006 5.27735 5.31818 0.99232 -0.00000000022640378461
65100 84.56166 5.27260 5.31358 0.99229 -0.00000000020722978888
65200 84.53828 5.26727 5.30871 0.99219 -0.00000000019689316844
65300 84.53034 5.26510 5.30826 0.99187 -0.00000000021536106232
65400 84.51659 5.26035 5.30365 0.99183 -0.00000000021876811473
65500 84.52603 5.25793 5.30065 0.99194 -0.00000000021812507356
65600 84.52607 5.25911 5.30259 0.99180 -0.00000000023053647880
65700 84.54860 5.27463 5.31752 0.99193 -0.00000000020394530509
65800 84.56395 5.27473 5.31748 0.99196 -0.00000000021395507588
65900 84.57019 5.27100 5.31341 0.99202 -0.00000000020133761325
66000 84.56140 5.26701 5.30973 0.99195 -0.00000000020328361217
66100 84.55569 5.26326 5.30677 0.99180 -0.00000000026661606256
66200 84.55739 5.25971 5.30329 0.99178 -0.00000000024959856404
66300 84.56732 5.26474 5.30644 0.99214 -0.00000000028507507466
66400 84.58591 5.27212 5.31422 0.99208 -0.00000000030647928639
66500 84.58737 5.27059 5.31253 0.99211 -0.00000000033574831804
66600 84.60473 5.27917 5.32071 0.99219 -0.00000000034788527614
66700 84.59805 5.27884 5.32088 0.99210 -0.00000000035518787911
66800 84.58665 5.27704 5.31973 0.99198 -0.00000000030158275877
66900 84.57258 5.27288 5.31523 0.99203 -0.00000000030627678171
67000 84.57237 5.27136 5.31459 0.99187 -0.00000000031228353237
67100 84.58723 5.27654 5.31999 0.99183 -0.00000000028816860009
67200 84.56580 5.27174 5.31556 0.99176 -0.00000000031704772141
67300 84.58480 5.28210 5.32498 0.99195 -0.00000000028540192432
67400 84.58904 5.27957 5.32165 0.99209 -0.00000000023679724848
67500 84.58432 5.27601 5.31784 0.99213 -0.00000000022162538471
67600 84.54882 5.27010 5.31357 0.99182 -0.00000000023539392657
67700 84.55855 5.27004 5.31265 0.99198 -0.00000000027965807448
67800 84.57230 5.27432 5.31793 0.99180 -0.00000000023660984283
67900 84.58434 5.27579 5.31793 0.99208 -0.00000000014109247104
68000 84.56467 5.27046 5.31273 0.99204 -0.00000000013032686041
68100 84.53249 5.26476 5.30794 0.99186 -0.00000000010619238822
68200 84.53253 5.26095 5.30341 0.99199 -0.00000000012279866013
68300 84.53513 5.26213 5.30376 0.99215 -0.00000000014738876786
68400 84.53562 5.25864 5.30033 0.99213 -0.00000000016769341471
68500 84.53017 5.25525 5.29709 0.99210 -0.00000000018788082201
68600 84.51593 5.25176 5.29312 0.99219 -0.00000000014365131307
68700 84.50110 5.24666 5.28838 0.99211 -0.00000000017201085001
68800 84.50230 5.24515 5.28703 0.99208 -0.00000000015686651977
68900 84.50315 5.24176 5.28355 0.99209 -0.00000000020636914400
69000 84.51477 5.24396 5.28509 0.99222 -0.00000000019103385540
69100 84.50641 5.24206 5.28350 0.99216 -0.00000000019825208142
69200 84.49512 5.23771 5.27975 0.99204 -0.00000000016223022925
69300 84.50341 5.24784 5.28828 0.99235 -0.00000000013074252792
69400 84.52495 5.27044 5.30992 0.99256 -0.00000000011247180964
69500 84.54071 5.28067 5.32040 0.99253 -0.00000000008935696627
69600 84.54816 5.28102 5.32123 0.99244 -0.00000000009099476728
69700 84.54036 5.27643 5.31655 0.99245 -0.00000000001293098961
69800 84.55860 5.29282 5.33208 0.99264 -0.00000000002043254455
69900 84.55662 5.29337 5.33343 0.99249 -0.00000000002869793292
70000 84.54276 5.28961 5.32997 0.99243 -0.00000000004811084864
70100 84.53603 5.28780 5.32648 0.99274 -0.00000000005902034417
70200 84.53562 5.28480 5.32332 0.99276 -0.00000000001161293284
70300 84.51894 5.28339 5.32177 0.99279 0.00000000000211208828
70400 84.52482 5.28314 5.32093 0.99290 -0.00000000003823341643
70500 84.52396 5.27954 5.31710 0.99294 -0.00000000004729816538
70600 84.52243 5.27733 5.31459 0.99299 -0.00000000006750511261
70700 84.54265 5.29658 5.33188 0.99338 -0.00000000001641531355
70800 84.55884 5.30190 5.33665 0.99349 -0.00000000003591438258
70900 84.56032 5.30168 5.33691 0.99340 -0.00000000001862954235
71000 84.54746 5.29678 5.33201 0.99339 -0.00000000002880717886
71100 84.56072 5.29869 5.33334 0.99350 -0.00000000001399591554
71200 84.55071 5.29775 5.33333 0.99333 -0.00000000000225952590
71300 84.55866 5.29959 5.33401 0.99355 -0.00000000001352074008
71400 84.56036 5.29647 5.33111 0.99350 0.00000000001721289777
71500 84.55500 5.29537 5.32929 0.99364 -0.00000000002789146691
71600 84.55056 5.29240 5.32752 0.99341 -0.00000000002210942540
71700 84.55604 5.28923 5.32241 0.99377 -0.00000000003865086029
71800 84.55637 5.28665 5.32044 0.99365 0.00000000000342215145
71900 84.56270 5.28469 5.31797 0.99374 -0.00000000001907363156
72000 84.58423 5.29524 5.32750 0.99394 -0.00000000006108802353
72100 84.58461 5.29481 5.32709 0.99394 -0.00000000004519229435
72200 84.57193 5.29149 5.32372 0.99395 -0.00000000005231548528
72300 84.55976 5.28711 5.31927 0.99396 -0.00000000008033929078
72400 84.58033 5.30344 5.33327 0.99441 -0.00000000005786837676
72500 84.60089 5.31114 5.34031 0.99454 -0.00000000008117062578
72600 84.57666 5.30770 5.33799 0.99433 -0.00000000006201972269
72700 84.56895 5.30533 5.33601 0.99425 -0.00000000005484768195
72800 84.57144 5.30539 5.33625 0.99422 -0.00000000007238742938
72900 84.56935 5.30423 5.33578 0.99409 -0.00000000006667644215
73000 84.55471 5.29983 5.33146 0.99407 -0.00000000001015187934
73100 84.56784 5.30033 5.33192 0.99408 0.00000000000678390677
73200 84.56243 5.29896 5.33064 0.99406 0.00000000005602895925
73300 84.54703 5.29430 5.32627 0.99400 0.00000000003058708842
73400 84.55915 5.29922 5.33096 0.99405 -0.00000000002315125869
73500 84.56693 5.29729 5.32853 0.99414 0.00000000000844835313
73600 84.58794 5.29849 5.32904 0.99427 -0.00000000000090150110
73700 84.59516 5.30341 5.33432 0.99421 -0.00000000001446309739
73800 84.58954 5.29895 5.32964 0.99424 -0.00000000003607958377
73900 84.60158 5.29820 5.32885 0.99425 -0.00000000005731859432
74000 84.61109 5.29858 5.32896 0.99430 -0.00000000006887734827
74100 84.60431 5.29621 5.32632 0.99435 -0.00000000008602274448
74200 84.61687 5.29622 5.32572 0.99446 -0.00000000009110046051
74300 84.62192 5.29527 5.32480 0.99445 -0.00000000005627409649
74400 84.64324 5.30925 5.33795 0.99462 0.00000000002244426867
74500 84.63558 5.30956 5.33880 0.99452 0.00000000000488054042
74600 84.63102 5.30630 5.33540 0.99454 0.00000000001664002269
74700 84.62678 5.30247 5.33109 0.99463 -0.00000000003091926715
74800 84.64241 5.30683 5.33508 0.99471 -0.00000000001691446982
74900 84.65060 5.30836 5.33658 0.99471 -0.00000000000405719902
75000 84.66029 5.30808 5.33604 0.99476 0.00000000000472599737
75100 84.64737 5.30548 5.33360 0.99473 -0.00000000000228261854
75200 84.66645 5.30940 5.33758 0.99472 0.00000000002800870647
75300 84.68180 5.31115 5.33938 0.99471 0.00000000002398525822
75400 84.69073 5.31013 5.33817 0.99475 0.00000000003969091722
75500 84.66557 5.30584 5.33481 0.99457 0.00000000002668620880
75600 84.68285 5.30548 5.33398 0.99466 0.00000000003047251340
75700 84.69227 5.30434 5.33188 0.99483 0.00000000008267164731
75800 84.70716 5.30850 5.33538 0.99496 0.00000000011372591757
75900 84.72142 5.30967 5.33667 0.99494 0.00000000008608846969
76000 84.70360 5.30518 5.33241 0.99489 0.00000000009036860149
76100 84.69475 5.30214 5.32966 0.99484 0.00000000006178790812
76200 84.67408 5.29791 5.32530 0.99486 0.00000000007365130728
76300 84.66499 5.29777 5.32548 0.99480 0.00000000006353584325
76400 84.65278 5.29410 5.32217 0.99473 0.00000000003859401687
76500 84.64227 5.29022 5.31845 0.99469 0.00000000007384226564
76600 84.63409 5.28722 5.31595 0.99460 0.00000000006985079182
76700 84.63851 5.28710 5.31517 0.99472 0.00000000001710098729
76800 84.62927 5.28367 5.31203 0.99466 0.00000000002409539235
76900 84.60823 5.27917 5.30761 0.99464 0.00000000001351008194
77000 84.62055 5.27971 5.30859 0.99456 0.00000000003282885075
77100 84.62204 5.28637 5.31477 0.99466 0.00000000001247713044
77200 84.62645 5.29461 5.32302 0.99466 0.00000000004578470936
77300 84.61891 5.29084 5.31989 0.99454 0.00000000006330491686
77400 84.61082 5.28862 5.31733 0.99460 0.00000000007343547992
77500 84.62883 5.30896 5.33567 0.99499 0.00000000006517897333
77600 84.64791 5.34493 5.37179 0.99500 0.00000000001098054980
77700 84.66735 5.38205 5.40780 0.99524 0.00000000003392397474
77800 84.68733 5.42917 5.45484 0.99530 0.00000000004253042363
77900 84.70762 5.47200 5.49705 0.99544 0.00000000007324807427
78000 84.72669 5.48565 5.51122 0.99536 0.00000000005111555623
78100 84.73699 5.48637 5.51107 0.99552 0.00000000008141753938
78200 84.74740 5.48578 5.51087 0.99545 0.00000000013106848940
78300 84.74849 5.48289 5.50808 0.99543 0.00000000008195844003
78400 84.75781 5.48300 5.50766 0.99552 0.00000000011228351582
78500 84.73332 5.47845 5.50376 0.99540 0.00000000011312906167
78600 84.71711 5.47421 5.49996 0.99532 0.00000000009912604071
78700 84.71495 5.47144 5.49637 0.99546 0.00000000010028244901
78800 84.72176 5.47105 5.49616 0.99543 0.00000000008015810238
78900 84.72766 5.46976 5.49427 0.99554 0.00000000007166978122
79000 84.74601 5.47326 5.49719 0.99565 0.00000000004183053903
79100 84.74284 5.47198 5.49560 0.99570 0.00000000005565592431
79200 84.74975 5.46868 5.49129 0.99588 0.00000000005928235680
79300 84.75681 5.46852 5.49047 0.99600 0.00000000001629807400
79400 84.75945 5.46642 5.48854 0.99597 0.00000000002894573470
79500 84.77763 5.47518 5.49634 0.99615 0.00000000004096190054
79600 84.74919 5.47003 5.49231 0.99594 0.00000000003308464613
79700 84.76009 5.46895 5.49106 0.99597 0.00000000001963851304
79800 84.77548 5.47608 5.49702 0.99619 0.00000000003728040099
79900 84.76585 5.47350 5.49468 0.99615 0.00000000009093170661
80000 84.75569 5.46955 5.49089 0.99611 0.00000000010865086608
80100 84.76013 5.46791 5.48909 0.99614 0.00000000006289013754
80200 84.75711 5.46496 5.48671 0.99603 0.00000000000148769885
80300 84.77194 5.46567 5.48658 0.99619 -0.00000000003038636009
80400 84.78771 5.47587 5.49651 0.99624 -0.00000000001442934661
80500 84.78978 5.48384 5.50484 0.99619 -0.00000000000921218657
80600 84.78852 5.48160 5.50242 0.99622 -0.00000000001521449633
80700 84.80257 5.48966 5.50932 0.99643 0.00000000001814015604
80800 84.79407 5.48717 5.50672 0.99645 0.00000000001442845843
80900 84.78608 5.48427 5.50441 0.99634 -0.00000000002493916185
81000 84.80178 5.48189 5.50180 0.99638 -0.00000000000443822756
81100 84.81515 5.48891 5.50861 0.99642 0.00000000003804601079
81200 84.81864 5.48720 5.50728 0.99635 0.00000000004158007272
81300 84.83143 5.49124 5.51138 0.99635 0.00000000009719691718
81400 84.84704 5.50261 5.52188 0.99651 0.00000000009562661774
81500 84.85325 5.50565 5.52531 0.99644 0.00000000013048406799
81600 84.83984 5.50139 5.52189 0.99629 0.00000000009671641266
81700 84.82482 5.49735 5.51856 0.99616 0.00000000009974865378
81800 84.80951 5.49334 5.51634 0.99583 0.00000000014168932694
81900 84.78900 5.48899 5.51296 0.99565 0.00000000008799005968
82000 84.77756 5.48471 5.50897 0.99560 0.00000000004543299070
82100 84.78102 5.48461 5.50802 0.99575 0.00000000005011635551
82200 84.77844 5.48267 5.50665 0.99564 0.00000000002238298435
82300 84.76997 5.47966 5.50333 0.99570 0.00000000002432898327
82400 84.78332 5.48501 5.50780 0.99586 0.00000000002763123064
82500 84.78273 5.48194 5.50563 0.99570 0.00000000004221867300
82600 84.77281 5.47752 5.50196 0.99556 0.00000000009009948343
82700 84.76834 5.47507 5.49928 0.99560 0.00000000011875744832
82800 84.77594 5.47584 5.49888 0.99581 0.00000000012378365000
82900 84.79496 5.48966 5.51173 0.99600 0.00000000012059420129
83000 84.81228 5.50583 5.52801 0.99599 0.00000000018439472171
83100 84.79543 5.50313 5.52541 0.99597 0.00000000026316993029
83200 84.79983 5.50081 5.52332 0.99593 0.00000000023515145386
83300 84.80104 5.49853 5.52107 0.99592 0.00000000020943957679
83400 84.80121 5.49602 5.51885 0.99586 0.00000000017694645749
83500 84.79060 5.49209 5.51467 0.99590 0.00000000016627854649
83600 84.80674 5.49403 5.51640 0.99594 0.00000000014859935504
83700 84.79864 5.49309 5.51470 0.99608 0.00000000014192291786
83800 84.78417 5.48890 5.51133 0.99593 0.00000000014316725583
83900 84.77099 5.48464 5.50729 0.99589 0.00000000012801137927
84000 84.77485 5.48342 5.50524 0.99604 0.00000000008478995284
84100 84.78741 5.48278 5.50444 0.99606 0.00000000008460254719
84200 84.80573 5.48508 5.50607 0.99619 0.00000000009597300732
84300 84.81721 5.48409 5.50453 0.99629 0.00000000009416645241
84400 84.82358 5.48429 5.50438 0.99635 0.00000000011127809785
84500 84.81820 5.48041 5.50131 0.99620 0.00000000006885159110
84600 84.80458 5.47775 5.49868 0.99619 0.00000000009116263300
84700 84.79840 5.47560 5.49683 0.99614 0.00000000006526601481
84800 84.80211 5.47341 5.49460 0.99614 0.00000000008532374807
84900 84.80383 5.47135 5.49257 0.99614 0.00000000010326850486
85000 84.82268 5.47848 5.49840 0.99638 0.00000000007103828636
85100 84.84066 5.48211 5.50254 0.99629 0.00000000000970157288
85200 84.85721 5.48637 5.50647 0.99635 -0.00000000000256061838
85300 84.86622 5.48670 5.50710 0.99630 0.00000000003511235747
85400 84.85028 5.48212 5.50300 0.99621 0.00000000001255529014
85500 84.84939 5.47895 5.49889 0.99637 0.00000000000033928416
85600 84.84324 5.47643 5.49666 0.99632 0.00000000002217159789
85700 84.83154 5.47373 5.49470 0.99618 0.00000000002680788924
85800 84.83686 5.47102 5.49143 0.99628 0.00000000002189182169
85900 84.83983 5.46910 5.48948 0.99629 0.00000000000944044842
86000 84.83359 5.46597 5.48761 0.99606 0.00000000003209255084
86100 84.84154 5.46731 5.48867 0.99611 0.00000000005261746594
86200 84.84124 5.46774 5.48888 0.99615 0.00000000008066169954
86300 84.83119 5.46445 5.48606 0.99606 0.00000000012165557450
86400 84.83422 5.46309 5.48365 0.99625 0.00000000011652545595
86500 84.85027 5.47538 5.49533 0.99637 0.00000000013842083035
86600 84.85886 5.47641 5.49621 0.99640 0.00000000010606182599
86700 84.84416 5.47548 5.49545 0.99637 0.00000000009612932672
86800 84.86087 5.48795 5.50749 0.99645 0.00000000008176836985
86900 84.85923 5.48493 5.50438 0.99647 0.00000000009906564458
87000 84.84137 5.48159 5.50253 0.99620 0.00000000007814193737
87100 84.84316 5.47903 5.49974 0.99623 0.00000000007534062263
87200 84.83339 5.47714 5.49871 0.99608 0.00000000007442668704
87300 84.82467 5.47446 5.49675 0.99595 0.00000000005777511802
87400 84.82269 5.47199 5.49425 0.99595 0.00000000007788170109
87500 84.82350 5.47060 5.49345 0.99584 0.00000000005768185929
87600 84.79678 5.46602 5.49091 0.99547 0.00000000000623856522
87700 84.77566 5.46129 5.48637 0.99543 0.00000000002871836102
87800 84.78070 5.45801 5.48312 0.99542 0.00000000003414069027
87900 84.78058 5.45535 5.48079 0.99536 0.00000000002611422190
88000 84.78654 5.45262 5.47814 0.99534 0.00000000004019007349
88100 84.77378 5.44885 5.47439 0.99533 0.00000000000098321351
88200 84.77400 5.44735 5.47248 0.99541 -0.00000000000831068547
88300 84.75532 5.44341 5.46849 0.99541 -0.00000000002491340467
88400 84.74538 5.44073 5.46689 0.99521 -0.00000000000357935903
88500 84.74666 5.43737 5.46386 0.99515 -0.00000000000573052716
88600 84.74923 5.43826 5.46422 0.99525 -0.00000000004522604513
88700 84.76648 5.44552 5.47062 0.99541 -0.00000000004571987233
88800 84.78386 5.45509 5.47922 0.99560 -0.00000000003352695899
88900 84.79037 5.45783 5.48176 0.99564 -0.00000000006393019447
89000 84.79536 5.46200 5.48560 0.99570 -0.00000000006012612630
89100 84.78062 5.46160 5.48660 0.99544 -0.00000000003187761166
89200 84.76446 5.45777 5.48297 0.99540 -0.00000000003638156443
89300 84.75994 5.45539 5.48130 0.99527 -0.00000000002759126261
89400 84.74428 5.45165 5.47793 0.99520 -0.00000000004855937874
89500 84.76049 5.46359 5.48892 0.99539 -0.00000000000612221385
89600 84.74649 5.46053 5.48618 0.99532 -0.00000000003574562868
89700 84.76706 5.47840 5.50281 0.99556 -0.00000000002476685523
89800 84.78065 5.48799 5.51334 0.99540 -0.00000000000181277215
89900 84.76618 5.48452 5.51026 0.99533 0.00000000000278443935
90000 84.78035 5.48791 5.51185 0.99566 -0.00000000001973798902
90100 84.77017 5.48660 5.51106 0.99556 -0.00000000002618527617
90200 84.77561 5.48590 5.51009 0.99561 -0.00000000006088995974
90300 84.78512 5.49488 5.51846 0.99573 -0.00000000009604228524
90400 84.77457 5.49073 5.51495 0.99561 -0.00000000010057199518
90500 84.75853 5.48692 5.51140 0.99556 -0.00000000012604317590
90600 84.76877 5.48941 5.51357 0.99562 -0.00000000013005152510
90700 84.76930 5.48835 5.51273 0.99558 -0.00000000008409362096
90800 84.77006 5.48885 5.51265 0.99568 -0.00000000010280221119
90900 84.76065 5.48555 5.50955 0.99564 -0.00000000011601120065
91000 84.76799 5.48660 5.51028 0.99570 -0.00000000009790568356
91100 84.76138 5.48500 5.50919 0.99561 -0.00000000008302603050
91200 84.76394 5.48396 5.50763 0.99570 -0.00000000011491607665
91300 84.77788 5.48416 5.50732 0.99579 -0.00000000007491074427
91400 84.76059 5.48041 5.50378 0.99575 -0.00000000005366729283
91500 84.76721 5.47944 5.50253 0.99580 -0.00000000003842703933
91600 84.77756 5.48059 5.50354 0.99583 -0.00000000004209521620
91700 84.77362 5.47749 5.50046 0.99582 -0.00000000006270806097
91800 84.75143 5.47367 5.49732 0.99570 -0.00000000005665512504
91900 84.74884 5.47159 5.49491 0.99576 -0.00000000005582823093
92000 84.74534 5.46978 5.49301 0.99577 -0.00000000003239097879
92100 84.74717 5.46850 5.49151 0.99581 -0.00000000003124167591
92200 84.73406 5.46587 5.48938 0.99572 -0.00000000005025757588
92300 84.73667 5.46548 5.48885 0.99574 -0.00000000006822631349
92400 84.72613 5.46217 5.48544 0.99576 -0.00000000005136691072
92500 84.72344 5.45906 5.48289 0.99565 -0.00000000006173550560
92600 84.71666 5.45669 5.48084 0.99559 -0.00000000006597300484
92700 84.72068 5.45724 5.48137 0.99560 -0.00000000006868550173
92800 84.70246 5.45434 5.47926 0.99545 -0.00000000010817924334
92900 84.71412 5.45361 5.47808 0.99553 -0.00000000011027445623
93000 84.71902 5.45324 5.47727 0.99561 -0.00000000012798917481
93100 84.72824 5.45393 5.47758 0.99568 -0.00000000015740919679
93200 84.73098 5.45222 5.47530 0.99578 -0.00000000017426327048
93300 84.71732 5.44957 5.47368 0.99559 -0.00000000014066348086
93400 84.71757 5.44864 5.47290 0.99557 -0.00000000015391865560
93500 84.69827 5.44503 5.47013 0.99541 -0.00000000020798385236
93600 84.68181 5.44095 5.46641 0.99534 -0.00000000017224266458
93700 84.65204 5.43617 5.46317 0.99506 -0.00000000017965096077
93800 84.65566 5.43575 5.46230 0.99514 -0.00000000024878055171
93900 84.65935 5.43803 5.46428 0.99520 -0.00000000028695268384
94000 84.67300 5.43949 5.46496 0.99534 -0.00000000033406966082
94100 84.69006 5.44836 5.47337 0.99543 -0.00000000036549518967
94200 84.68445 5.44605 5.47143 0.99536 -0.00000000041389203176
94300 84.68876 5.44614 5.47097 0.99546 -0.00000000036371350376
94400 84.70589 5.45803 5.48155 0.99571 -0.00000000036490899191
94500 84.72166 5.47904 5.50169 0.99588 -0.00000000039477754399
94600 84.73806 5.48868 5.51058 0.99603 -0.00000000041402081763
94700 84.75360 5.50833 5.52876 0.99630 -0.00000000038846170725
94800 84.76936 5.52474 5.54539 0.99628 -0.00000000036253666735
94900 84.77202 5.52784 5.54807 0.99635 -0.00000000033112179665
95000 84.77356 5.52809 5.54765 0.99647 -0.00000000027372504263
95100 84.76113 5.52398 5.54362 0.99646 -0.00000000028421620613
95200 84.76213 5.52209 5.54165 0.99647 -0.00000000025915269930
95300 84.75443 5.51981 5.53981 0.99639 -0.00000000024619062344
95400 84.76430 5.52275 5.54187 0.99655 -0.00000000018999735119
95500 84.76623 5.52099 5.53984 0.99660 -0.00000000019470736135
95600 84.78032 5.52073 5.53927 0.99665 -0.00000000020427393110
95700 84.78413 5.51890 5.53684 0.99676 -0.00000000025615953803
95800 84.78997 5.51942 5.53618 0.99697 -0.00000000022961810231
95900 84.80743 5.52651 5.54315 0.99700 -0.00000000020191848193
96000 84.81960 5.53163 5.54833 0.99699 -0.00000000023875745825
96100 84.83627 5.53765 5.55429 0.99700 -0.00000000025310420426
96200 84.84539 5.53850 5.55502 0.99703 -0.00000000020687540569
96300 84.85486 5.54213 5.55817 0.99711 -0.00000000019454837741
96400 84.84125 5.54066 5.55732 0.99700 -0.00000000021093526925
96500 84.83759 5.54072 5.55719 0.99704 -0.00000000019345502977
96600 84.84542 5.54059 5.55704 0.99704 -0.00000000012161116558
96700 84.83288 5.53778 5.55485 0.99693 -0.00000000013658318920
96800 84.83474 5.53983 5.55791 0.99675 -0.00000000004536460096
96900 84.82396 5.53692 5.55452 0.99683 -0.00000000002126476772
97000 84.82104 5.53451 5.55162 0.99692 0.00000000006186784418
97100 84.81358 5.53173 5.54916 0.99686 0.00000000008669420737
97200 84.80850 5.52901 5.54567 0.99700 0.00000000010482370527
97300 84.81073 5.52691 5.54309 0.99708 0.00000000012908163427
97400 84.81689 5.52521 5.54137 0.99708 0.00000000017998580404
97500 84.80860 5.52158 5.53805 0.99703 0.00000000013877077265
97600 84.81672 5.52041 5.53641 0.99711 0.00000000012953105255
97700 84.81808 5.52097 5.53656 0.99719 0.00000000005109512813
97800 84.82446 5.51997 5.53571 0.99716 0.00000000000679989398
97900 84.80022 5.51589 5.53177 0.99713 -0.00000000000001154632
98000 84.80772 5.51874 5.53438 0.99717 -0.00000000005156408633
98100 84.80513 5.51517 5.53096 0.99715 -0.00000000006231104521
98200 84.79778 5.51132 5.52742 0.99709 -0.00000000008652634165
98300 84.79739 5.50969 5.52582 0.99708 -0.00000000008870415513
98400 84.79803 5.50907 5.52463 0.99718 -0.00000000011350032025
98500 84.79789 5.50870 5.52446 0.99715 -0.00000000009851408578
98600 84.80887 5.51131 5.52667 0.99722 -0.00000000010359801905
98700 84.80871 5.50960 5.52460 0.99728 -0.00000000009443024140
98800 84.81601 5.51179 5.52622 0.99739 -0.00000000009437695070
98900 84.82366 5.51333 5.52842 0.99727 -0.00000000009667822098
99000 84.81415 5.51001 5.52547 0.99720 -0.00000000009037748328
99100 84.80347 5.50752 5.52290 0.99721 -0.00000000004258282615
99200 84.79599 5.50468 5.52054 0.99713 -0.00000000006675637820
99300 84.79330 5.50291 5.51859 0.99716 -0.00000000011087397667
99400 84.80760 5.50781 5.52393 0.99708 -0.00000000014135448367
99500 84.78613 5.50446 5.52172 0.99687 -0.00000000016645707035
99600 84.78446 5.50202 5.51970 0.99680 -0.00000000012722800591
99700 84.78036 5.49884 5.51693 0.99672 -0.00000000012024425899
99800 84.75893 5.49501 5.51434 0.99649 -0.00000000013212542171
99900 84.75061 5.49334 5.51337 0.99637 -0.00000000013297629664
100000 84.74936 5.49057 5.51124 0.99625 -0.00000000014787104874
