#Arquivo Coleta90.txt 
#Parametros(Chegada/saida/tempo): 1.000/0.900/100000
#Coleta|Ocupação|E(n)|E(w)|lambda|Little

100 81.15700 1.87557 3.67758 0.51000 0.00000000000000688338
200 84.65195 2.90768 3.95602 0.73500 -0.00000000000005995204
300 85.64862 3.13821 3.98925 0.78667 -0.00000000000009103829
400 88.61207 4.75047 5.58879 0.85000 0.00000000000009414691
500 84.59586 4.24154 5.12263 0.82800 0.00000000000007105427
600 83.18961 3.96745 4.74197 0.83667 0.00000000000001598721
700 82.76943 3.74661 4.38567 0.85429 -0.00000000000014210855
800 82.93926 3.74372 4.24218 0.88250 -0.00000000000029665159
900 84.07856 4.00781 4.46968 0.89667 -0.00000000000054356519
1000 84.13768 3.92345 4.34010 0.90400 -0.00000000000011546319
1100 85.02087 4.53597 4.97464 0.91182 -0.00000000000008615331
1200 85.87761 4.70781 5.08037 0.92667 -0.00000000000009414691
1300 86.77636 4.75145 5.10065 0.93154 -0.00000000000051159077
1400 87.62198 4.94324 5.27479 0.93714 -0.00000000000010214052
1500 88.13901 5.87012 6.17474 0.95067 -0.00000000000040412118
1600 88.90815 7.91654 8.26253 0.95813 -0.00000000000168576264
1700 89.51611 9.68611 10.01605 0.96706 -0.00000000000294164693
1800 90.12180 11.12478 11.66935 0.95333 -0.00000000000348165941
1900 90.74074 11.49297 12.04448 0.95421 -0.00000000000421707114
2000 90.03977 11.15945 11.73443 0.95100 -0.00000000000412825329
2100 89.65509 10.94322 11.53653 0.94857 -0.00000000000329514194
2200 89.91633 10.74926 11.27724 0.95318 -0.00000000000259170463
2300 89.99447 10.48448 10.91145 0.96087 -0.00000000000232347475
2400 89.75110 10.19802 10.64141 0.95833 -0.00000000000262900812
2500 90.15796 10.42693 10.77162 0.96800 -0.00000000000249755772
2600 90.09532 10.52920 10.90674 0.96538 -0.00000000000255795385
2700 89.90256 10.31945 10.66712 0.96741 -0.00000000000420996571
2800 89.77829 10.16027 10.50933 0.96679 -0.00000000000344257955
2900 89.80022 10.03710 10.31087 0.97345 -0.00000000000264499533
3000 90.01427 10.13948 10.43873 0.97133 -0.00000000000397903932
3100 90.18174 10.06999 10.33675 0.97419 -0.00000000000426858549
3200 90.49020 10.44537 10.68921 0.97719 -0.00000000000587085935
3300 90.80655 11.09668 11.30218 0.98182 -0.00000000000778221931
3400 91.09327 11.29831 11.51507 0.98118 -0.00000000000697575331
3500 91.04427 11.10092 11.35063 0.97800 -0.00000000000626521057
3600 90.96839 10.93492 11.19616 0.97667 -0.00000000000799360578
3700 90.82266 10.74068 10.99018 0.97730 -0.00000000000707878201
3800 90.42076 10.51172 10.78416 0.97474 -0.00000000000601652062
3900 89.84853 10.27808 10.58756 0.97077 -0.00000000000515143483
4000 89.29310 10.07396 10.44475 0.96450 -0.00000000000410693701
4100 88.78160 9.86016 10.28668 0.95854 -0.00000000000647304432
4200 88.79488 9.68749 10.11623 0.95762 -0.00000000000613553652
4300 88.47523 9.52270 9.91468 0.96047 -0.00000000000415845136
4400 88.13473 9.38111 9.75352 0.96182 -0.00000000000281907830
4500 87.75534 9.26450 9.62823 0.96222 0.00000000000030020431
4600 88.01109 9.29798 9.65261 0.96326 -0.00000000000021138646
4700 88.26253 9.26640 9.58874 0.96638 -0.00000000000075317530
4800 88.12062 9.15787 9.47774 0.96625 -0.00000000000085442764
4900 88.36038 9.32095 9.63355 0.96755 -0.00000000000218669527
5000 88.54678 9.64650 9.97570 0.96700 0.00000000000014033219
5100 88.78101 9.75301 10.06890 0.96863 0.00000000000164845915
5200 88.88941 9.68224 9.98169 0.97000 0.00000000000071054274
5300 88.82793 9.57169 9.85621 0.97113 0.00000000000123456800
5400 88.54500 9.45259 9.74680 0.96981 0.00000000000053468341
5500 88.51814 9.35748 9.62884 0.97182 0.00000000000021138646
5600 88.38299 9.23598 9.50588 0.97161 0.00000000000046718185
5700 88.26575 9.14539 9.39595 0.97333 -0.00000000000067323924
5800 88.32966 9.08828 9.33287 0.97379 0.00000000000179412041
5900 88.14729 8.98694 9.23101 0.97356 0.00000000000110844667
6000 88.04040 8.90119 9.13880 0.97400 0.00000000000057553962
6100 88.14717 8.93235 9.15138 0.97607 0.00000000000429345448
6200 88.08084 8.83491 9.06745 0.97435 0.00000000000388666876
6300 87.99228 8.76356 9.00072 0.97365 0.00000000000592237370
6400 88.16212 8.94110 9.17183 0.97484 0.00000000000945910017
6500 88.33818 9.04164 9.28740 0.97354 0.00000000000787814258
6600 88.38848 8.97562 9.21866 0.97364 0.00000000000631317221
6700 88.54739 8.99155 9.21153 0.97612 0.00000000000657429666
6800 88.64177 8.98787 9.21832 0.97500 0.00000000000570032910
6900 88.51386 8.90679 9.14672 0.97377 0.00000000000829736280
7000 88.37971 8.81002 9.03857 0.97471 0.00000000000895461483
7100 88.17181 8.72326 8.94241 0.97549 0.00000000001392130855
7200 88.22466 8.68142 8.89641 0.97583 0.00000000001104716318
7300 88.22734 8.60793 8.82927 0.97493 0.00000000001331201815
7400 88.38215 8.59425 8.79511 0.97716 0.00000000001212185907
7500 88.52299 8.53971 8.73062 0.97813 0.00000000000928501720
7600 88.44944 8.47195 8.65530 0.97882 0.00000000000749089679
7700 88.58999 8.61376 8.78839 0.98013 0.00000000000594546634
7800 88.70942 8.66065 8.82585 0.98128 0.00000000000156674673
7900 88.73890 8.61147 8.77701 0.98114 0.00000000000092548191
8000 88.69595 8.54027 8.71456 0.98000 0.00000000000256861199
8100 88.66122 8.49008 8.66444 0.97988 -0.00000000000024868996
8200 88.70427 8.48497 8.64415 0.98159 0.00000000000320099502
8300 88.83628 8.71919 8.86987 0.98301 0.00000000000017408297
8400 88.85645 8.70184 8.85469 0.98274 -0.00000000000126654243
8500 88.98975 8.83375 8.96988 0.98482 -0.00000000000632383035
8600 89.06027 8.83943 8.96663 0.98581 -0.00000000000355804275
8700 89.19415 8.84680 8.96008 0.98736 -0.00000000001325695109
8800 89.23167 8.87513 8.99058 0.98716 -0.00000000001580602316
8900 89.30493 8.91683 9.03870 0.98652 -0.00000000000764543984
9000 89.03888 8.84139 8.97502 0.98511 -0.00000000001370992209
9100 89.00680 8.79100 8.92537 0.98495 -0.00000000001489830481
9200 88.86981 8.72171 8.87509 0.98272 -0.00000000001308286812
9300 88.93844 8.66912 8.80738 0.98430 -0.00000000001461764043
9400 88.77338 8.60208 8.74063 0.98415 -0.00000000001596056620
9500 88.65848 8.55378 8.69008 0.98432 -0.00000000001667999072
9600 88.78834 8.58169 8.70501 0.98583 -0.00000000001354827361
9700 88.72305 8.55944 8.67572 0.98660 -0.00000000001162803187
9800 88.85481 8.67130 8.77064 0.98867 -0.00000000001359978796
9900 88.87048 8.64389 8.75084 0.98778 -0.00000000001625721779
10000 88.80297 8.58438 8.68425 0.98850 -0.00000000001635136471
10100 88.89377 8.55652 8.64814 0.98941 -0.00000000001406519345
10200 89.00162 8.63451 8.72000 0.99020 -0.00000000001041833286
10300 89.10857 8.66639 8.74706 0.99078 -0.00000000001268674055
10400 89.08898 8.60971 8.69415 0.99029 -0.00000000000728661576
10500 89.12785 8.58251 8.65339 0.99181 -0.00000000001003996886
10600 89.04685 8.52958 8.60836 0.99085 -0.00000000001401545546
10700 88.94833 8.46916 8.55228 0.99028 -0.00000000001652367132
10800 88.82485 8.41635 8.50295 0.98981 -0.00000000001007194328
10900 88.89123 8.40155 8.48327 0.99037 -0.00000000000605915318
11000 88.79356 8.35318 8.42827 0.99109 -0.00000000000050803806
11100 88.79351 8.31077 8.38404 0.99126 0.00000000000097877262
11200 88.83494 8.28076 8.34709 0.99205 -0.00000000000010125234
11300 88.92951 8.44095 8.50189 0.99283 0.00000000000274091860
11400 89.03111 8.62594 8.68000 0.99377 0.00000000000206235029
11500 89.12328 8.72707 8.78975 0.99287 0.00000000000698818781
11600 89.12737 8.70446 8.75655 0.99405 0.00000000000383515442
11700 89.14535 8.68213 8.72838 0.99470 -0.00000000000035882408
11800 89.22644 8.65227 8.69946 0.99458 0.00000000000589928106
11900 89.28301 8.64030 8.67456 0.99605 0.00000000001085176393
12000 89.35934 8.63090 8.66556 0.99600 0.00000000000634159392
12100 89.39966 8.60406 8.62759 0.99727 0.00000000000183675297
12200 89.41591 8.57511 8.60261 0.99680 0.00000000000290079072
12300 89.36400 8.53061 8.55914 0.99667 0.00000000000093614005
12400 89.44630 8.56381 8.58736 0.99726 0.00000000000399680289
12500 89.52820 8.61775 8.64334 0.99704 0.00000000000318678417
12600 89.42964 8.57184 8.60119 0.99659 0.00000000000459188243
12700 89.46205 8.57452 8.60026 0.99701 0.00000000000367172959
12800 89.46801 8.53958 8.56099 0.99750 0.00000000000496314101
12900 89.48864 8.54583 8.56242 0.99806 0.00000000000884803342
13000 89.37887 8.50106 8.52467 0.99723 0.00000000000721023241
13100 89.36227 8.47324 8.49399 0.99756 0.00000000000523137089
13200 89.43826 8.52247 8.53670 0.99833 0.00000000000930455712
13300 89.51759 8.64532 8.65313 0.99910 0.00000000000341238149
13400 89.61507 8.79873 8.81583 0.99806 -0.00000000000639843734
13500 89.67324 8.85746 8.88378 0.99704 -0.00000000000090238927
13600 89.63384 8.81077 8.83221 0.99757 -0.00000000000617461637
13700 89.68545 8.86845 8.87558 0.99920 -0.00000000000571631631
13800 89.76287 9.08435 9.07777 1.00072 -0.00000000000951061452
13900 89.83132 9.37507 9.36429 1.00115 -0.00000000001051425613
14000 89.92403 9.54844 9.54299 1.00057 -0.00000000000664357458
14100 89.93570 9.56419 9.56894 0.99950 -0.00000000000921573928
14200 89.89610 9.52724 9.52791 0.99993 -0.00000000000055244698
14300 89.90422 9.48760 9.48296 1.00049 -0.00000000000192379446
14400 89.94285 9.47480 9.47085 1.00042 0.00000000000109423581
14500 89.82604 9.43049 9.43635 0.99938 0.00000000000550848256
14600 89.84001 9.40248 9.40764 0.99945 0.00000000000279065659
14700 89.82024 9.36057 9.36121 0.99993 0.00000000000740385531
14800 89.89395 9.35273 9.35337 0.99993 0.00000000000522604182
14900 89.93235 9.35920 9.36297 0.99960 0.00000000000285815815
15000 89.79533 9.31012 9.31819 0.99913 0.00000000000721378512
15100 89.83163 9.29844 9.30275 0.99954 0.00000000000160760294
15200 89.71893 9.25514 9.26245 0.99921 0.00000000000028244074
15300 89.78335 9.29928 9.29381 1.00059 -0.00000000000299316127
15400 89.72902 9.29577 9.30060 0.99948 0.00000000000077449158
15500 89.71040 9.26027 9.26325 0.99968 -0.00000000000039257486
15600 89.74082 9.23639 9.24054 0.99955 -0.00000000000383870713
15700 89.72245 9.19348 9.19582 0.99975 -0.00000000000115107923
15800 89.65849 9.15071 9.16173 0.99880 -0.00000000000182787119
15900 89.60220 9.11504 9.12882 0.99849 -0.00000000000166444636
16000 89.67187 9.10861 9.12629 0.99806 0.00000000000287592172
16100 89.74285 9.13467 9.15685 0.99758 0.00000000000199840144
16200 89.73863 9.13468 9.15390 0.99790 0.00000000000199129602
16300 89.82091 9.15150 9.17514 0.99742 -0.00000000000050626170
16400 89.74128 9.11066 9.14579 0.99616 -0.00000000000642508269
16500 89.80771 9.11011 9.13614 0.99715 -0.00000000001448619003
16600 89.85000 9.10324 9.12798 0.99729 -0.00000000000981792425
16700 89.87419 9.08557 9.10629 0.99772 -0.00000000000145661261
16800 89.90530 9.09236 9.11243 0.99780 -0.00000000000061994854
16900 89.85816 9.07641 9.09201 0.99828 0.00000000001202238309
17000 89.90994 9.09843 9.11236 0.99847 0.00000000000274447132
17100 89.94140 9.08431 9.10347 0.99789 0.00000000001410782602
17200 89.96410 9.04881 9.06937 0.99773 0.00000000002327205095
17300 89.99480 9.02256 9.04085 0.99798 0.00000000002306776992
17400 90.01930 9.02932 9.04804 0.99793 0.00000000002038902380
17500 89.97142 8.99711 9.01359 0.99817 0.00000000003214850608
17600 90.03139 9.04793 9.05410 0.99932 0.00000000003631939194
17700 90.08240 9.08723 9.09340 0.99932 0.00000000002705746738
17800 90.14352 9.18682 9.18992 0.99966 0.00000000001949906903
17900 90.16222 9.22675 9.22933 0.99972 0.00000000004220268579
18000 90.08090 9.19170 9.19681 0.99944 0.00000000003460876030
18100 90.12213 9.21025 9.21076 0.99994 0.00000000002934719134
18200 90.11199 9.19184 9.19336 0.99984 0.00000000002016165013
18300 90.10781 9.15666 9.16267 0.99934 0.00000000001737099353
18400 90.12127 9.14508 9.14955 0.99951 0.00000000003218758593
18500 90.15426 9.15602 9.15899 0.99968 0.00000000003040590002
18600 90.21538 9.21687 9.20598 1.00118 0.00000000002403943711
18700 90.26226 9.28448 9.27407 1.00112 0.00000000001722533227
18800 90.23664 9.26023 9.25629 1.00043 0.00000000000672173428
18900 90.27047 9.24709 9.24220 1.00053 -0.00000000000068034467
19000 90.27616 9.23740 9.23011 1.00079 0.00000000000792610422
19100 90.28118 9.21625 9.20902 1.00079 0.00000000001377387093
19200 90.24796 9.19008 9.18577 1.00047 0.00000000002167865887
19300 90.26028 9.17622 9.17004 1.00067 0.00000000002058975213
19400 90.29447 9.18551 9.17038 1.00165 0.00000000002174438407
19500 90.30501 9.20797 9.20042 1.00082 0.00000000002699174217
19600 90.35430 9.23989 9.23283 1.00077 0.00000000002133937471
19700 90.40834 9.26029 9.24574 1.00157 0.00000000001479349976
19800 90.35675 9.22772 9.21376 1.00152 0.00000000001260858085
19900 90.39806 9.23160 9.21493 1.00181 0.00000000001261213356
20000 90.44669 9.25637 9.23743 1.00205 0.00000000000788880072
20100 90.49451 9.26035 9.24471 1.00169 0.00000000000637889741
20200 90.50712 9.24203 9.22148 1.00223 0.00000000000654232224
20300 90.55405 9.27825 9.25363 1.00266 -0.00000000000110311760
20400 90.60460 9.29885 9.27702 1.00235 0.00000000000182609483
20500 90.59187 9.28379 9.26572 1.00195 0.00000000000601652062
20600 90.52645 9.25736 9.23942 1.00194 0.00000000000319211324
20700 90.46337 9.22635 9.21211 1.00155 0.00000000001160316287
20800 90.51223 9.25707 9.24063 1.00178 0.00000000001286970530
20900 90.53929 9.24375 9.22785 1.00172 0.00000000000799893485
21000 90.50453 9.21794 9.20173 1.00176 0.00000000000637534470
21100 90.52095 9.20632 9.18803 1.00199 0.00000000000675903777
21200 90.52153 9.18709 9.16892 1.00198 0.00000000000849098569
21300 90.43048 9.15335 9.14176 1.00127 0.00000000000805933098
21400 90.46086 9.14931 9.13437 1.00164 0.00000000000551381163
21500 90.51440 9.16712 9.14924 1.00195 0.00000000000005861978
21600 90.55061 9.23212 9.21505 1.00185 0.00000000000146194168
21700 90.57873 9.22996 9.20917 1.00226 -0.00000000000332711636
21800 90.53881 9.20285 9.18894 1.00151 -0.00000000000501110264
21900 90.58060 9.21799 9.20286 1.00164 -0.00000000000325783844
22000 90.59717 9.20388 9.18801 1.00173 -0.00000000000199662509
22100 90.56483 9.18298 9.16846 1.00158 -0.00000000000004973799
22200 90.49651 9.15527 9.13962 1.00171 -0.00000000000514788212
22300 90.47098 9.12708 9.11441 1.00139 -0.00000000000160049751
22400 90.49872 9.11744 9.10484 1.00138 0.00000000000204458672
22500 90.50959 9.10326 9.09800 1.00058 0.00000000001008082506
22600 90.46459 9.07156 9.07236 0.99991 0.00000000000905586717
22700 90.41935 9.05882 9.05562 1.00035 0.00000000001576871966
22800 90.41846 9.05779 9.06057 0.99969 0.00000000001713118536
22900 90.29536 9.02467 9.03611 0.99873 0.00000000002040323466
23000 90.29352 9.02089 9.03031 0.99896 0.00000000002588151915
23100 90.30874 9.02268 9.02698 0.99952 0.00000000001660360738
23200 90.35461 9.05847 9.05886 0.99996 0.00000000001746336409
23300 90.38577 9.05661 9.05622 1.00004 0.00000000001365485502
23400 90.37707 9.03294 9.03680 0.99957 0.00000000001356958990
23500 90.41310 9.03346 9.03000 1.00038 0.00000000002629541029
23600 90.43543 9.01876 9.01417 1.00051 0.00000000001784883352
23700 90.45099 9.04154 9.03011 1.00127 -0.00000000000486899410
23800 90.49031 9.06242 9.05292 1.00105 -0.00000000000366995323
23900 90.52833 9.06871 9.05431 1.00159 0.00000000002007638500
24000 90.56771 9.11207 9.09540 1.00183 0.00000000002172484415
24100 90.61537 9.14730 9.12572 1.00237 -0.00000000000023803182
24200 90.66440 9.17103 9.14722 1.00260 -0.00000000000713029635
24300 90.68554 9.25243 9.22661 1.00280 0.00000000000077093887
24400 90.72690 9.33932 9.31108 1.00303 -0.00000000000569144731
24500 90.76068 9.45050 9.42626 1.00257 -0.00000000000426148006
24600 90.80729 9.47214 9.44718 1.00264 -0.00000000000998667815
24700 90.81159 9.47372 9.44771 1.00275 -0.00000000001613287282
24800 90.78290 9.45667 9.43006 1.00282 -0.00000000001530686689
24900 90.80177 9.44963 9.41899 1.00325 -0.00000000002037481295
25000 90.79825 9.42700 9.39768 1.00312 -0.00000000002071764982
25100 90.77785 9.40064 9.37710 1.00251 -0.00000000001751665479
25200 90.80638 9.38780 9.36254 1.00270 -0.00000000000998490179
25300 90.81803 9.37733 9.35035 1.00289 -0.00000000001307576269
25400 90.76422 9.35742 9.33500 1.00240 -0.00000000001252686843
25500 90.72017 9.33409 9.31327 1.00224 -0.00000000000452615723
25600 90.75456 9.33200 9.30583 1.00281 0.00000000000248157050
25700 90.79070 9.34570 9.31923 1.00284 -0.00000000001056754684
25800 90.82088 9.34748 9.31642 1.00333 -0.00000000000265742983
25900 90.84733 9.44183 9.40913 1.00347 0.00000000000207656115
26000 90.88835 9.52451 9.49347 1.00327 -0.00000000001320188403
26100 90.91907 9.54794 9.51549 1.00341 -0.00000000002364508589
26200 90.90061 9.52522 9.50237 1.00240 -0.00000000004170530588
26300 90.91550 9.52852 9.50503 1.00247 -0.00000000004956568489
26400 90.88603 9.50241 9.48050 1.00231 -0.00000000005850786522
26500 90.85707 9.48791 9.46505 1.00242 -0.00000000005347366994
26600 90.89124 9.49937 9.47372 1.00271 -0.00000000004689226785
26700 90.92680 9.51051 9.48387 1.00281 -0.00000000005747935461
26800 90.96056 9.54966 9.52053 1.00306 -0.00000000006359357485
26900 90.99794 9.62881 9.60275 1.00271 -0.00000000006968292610
27000 91.02805 9.67690 9.65259 1.00252 -0.00000000006759570681
27100 91.05894 9.70085 9.68121 1.00203 -0.00000000007211653497
27200 91.06697 9.67921 9.65932 1.00206 -0.00000000007866418628
27300 91.02852 9.65348 9.63689 1.00172 -0.00000000009997691564
27400 91.05621 9.65542 9.63642 1.00197 -0.00000000009274714330
27500 91.05996 9.63657 9.61873 1.00185 -0.00000000010382628091
27600 91.03538 9.61684 9.60431 1.00130 -0.00000000009828760028
27700 91.06005 9.60796 9.59687 1.00116 -0.00000000009924328026
27800 91.05618 9.59689 9.58930 1.00079 -0.00000000009788259092
27900 91.01489 9.57427 9.57427 1.00000 -0.00000000009455369820
28000 90.94724 9.54566 9.55112 0.99943 -0.00000000009773870602
28100 90.91493 9.53619 9.54265 0.99932 -0.00000000009913492249
28200 90.91754 9.53284 9.53724 0.99954 -0.00000000010162892750
28300 90.86103 9.50932 9.51975 0.99890 -0.00000000009912248800
28400 90.72939 9.48035 9.50042 0.99789 -0.00000000010649081617
28500 90.69077 9.45402 9.47663 0.99761 -0.00000000011278800116
28600 90.63370 9.43120 9.45600 0.99738 -0.00000000010002842998
28700 90.64525 9.41755 9.44223 0.99739 -0.00000000008097700288
28800 90.65883 9.40511 9.42638 0.99774 -0.00000000009207035134
28900 90.68948 9.43057 9.45117 0.99782 -0.00000000008225775616
29000 90.66219 9.41110 9.43485 0.99748 -0.00000000007825207149
29100 90.68789 9.41001 9.43367 0.99749 -0.00000000007164224769
29200 90.63740 9.38686 9.40909 0.99764 -0.00000000007337597197
29300 90.61381 9.36693 9.38808 0.99775 -0.00000000005694467120
29400 90.61372 9.35106 9.37338 0.99762 -0.00000000005701572547
29500 90.56205 9.33038 9.35702 0.99715 -0.00000000006422240517
29600 90.50151 9.30639 9.33540 0.99689 -0.00000000006711076139
29700 90.49477 9.29033 9.31668 0.99717 -0.00000000006767209015
29800 90.52462 9.30321 9.32448 0.99772 -0.00000000006538414254
29900 90.55331 9.36390 9.38587 0.99766 -0.00000000005973888051
30000 90.52409 9.34522 9.37209 0.99713 -0.00000000005750422361
30100 90.51852 9.32909 9.35520 0.99721 -0.00000000005641531686
30200 90.54836 9.33327 9.35650 0.99752 -0.00000000005950973048
30300 90.49276 9.30946 9.33349 0.99743 -0.00000000006174083467
30400 90.46264 9.28619 9.31469 0.99694 -0.00000000004782485519
30500 90.46320 9.26934 9.29830 0.99689 -0.00000000005986677820
30600 90.45526 9.24877 9.28062 0.99657 -0.00000000005656808355
30700 90.43516 9.23021 9.25826 0.99697 -0.00000000004958167210
30800 90.45449 9.21825 9.24346 0.99727 -0.00000000004399502984
30900 90.42803 9.19806 9.22553 0.99702 -0.00000000004678746279
31000 90.44176 9.21023 9.23107 0.99774 -0.00000000005345590637
31100 90.46464 9.26141 9.27931 0.99807 -0.00000000006354738957
31200 90.45583 9.25777 9.28396 0.99718 -0.00000000006929568031
31300 90.48377 9.29259 9.31611 0.99748 -0.00000000006211386960
31400 90.51649 9.33014 9.35248 0.99761 -0.00000000006166267497
31500 90.54520 9.38279 9.40249 0.99790 -0.00000000005214317866
31600 90.55641 9.38800 9.41183 0.99747 -0.00000000004688516242
31700 90.58539 9.42411 9.44616 0.99767 -0.00000000003150546490
31800 90.61361 9.47125 9.49962 0.99701 -0.00000000002887823314
31900 90.60687 9.45615 9.48440 0.99702 -0.00000000000667554900
32000 90.56481 9.43408 9.46484 0.99675 -0.00000000002474465077
32100 90.46379 9.40793 9.44353 0.99623 -0.00000000002851763270
32200 90.43397 9.39618 9.42781 0.99665 -0.00000000003025668605
32300 90.46176 9.42514 9.45265 0.99709 -0.00000000002384759057
32400 90.49190 9.42424 9.45341 0.99691 -0.00000000003622169231
32500 90.42132 9.40081 9.43739 0.99612 -0.00000000004053468672
32600 90.34688 9.37544 9.41646 0.99564 -0.00000000004027711498
32700 90.31154 9.35626 9.39851 0.99550 -0.00000000004597922043
32800 90.32547 9.35703 9.39771 0.99567 -0.00000000003531042125
32900 90.32693 9.34290 9.38254 0.99578 -0.00000000001469224742
33000 90.30150 9.32987 9.36990 0.99573 -0.00000000000532374145
33100 90.33560 9.36664 9.40215 0.99622 -0.00000000002937738941
33200 90.36092 9.36589 9.40270 0.99608 -0.00000000001857713983
33300 90.35004 9.35154 9.39215 0.99568 -0.00000000000896704933
33400 90.35253 9.33896 9.37939 0.99569 0.00000000000518163290
33500 90.29511 9.31928 9.36428 0.99519 0.00000000002905764518
33600 90.25080 9.29921 9.34398 0.99521 0.00000000002455990966
33700 90.21146 9.27880 9.32640 0.99490 0.00000000002985167669
33800 90.17464 9.25744 9.30728 0.99464 0.00000000002722089221
33900 90.14718 9.23816 9.28940 0.99448 0.00000000002666666887
34000 90.13032 9.21917 9.27016 0.99450 0.00000000002961897394
34100 90.09541 9.20030 9.25294 0.99431 0.00000000004189892877
34200 90.06223 9.18170 9.23543 0.99418 0.00000000003003819415
34300 90.03685 9.16384 9.21840 0.99408 0.00000000003407585325
34400 90.00734 9.14543 9.20026 0.99404 0.00000000004161471168
34500 90.03464 9.14903 9.20694 0.99371 0.00000000004248335017
34600 90.00581 9.13334 9.19152 0.99367 0.00000000005418598903
34700 89.94313 9.11847 9.17692 0.99363 0.00000000003093170164
34800 89.95627 9.13078 9.18940 0.99362 0.00000000002401101540
34900 89.96079 9.12846 9.18345 0.99401 0.00000000003934275128
35000 89.93777 9.11463 9.17255 0.99369 0.00000000003311839691
35100 89.86082 9.09500 9.15709 0.99322 0.00000000003597655507
35200 89.88785 9.13356 9.19127 0.99372 0.00000000003743849675
35300 89.91806 9.18861 9.24518 0.99388 0.00000000005620037768
35400 89.94578 9.20444 9.26173 0.99381 0.00000000006437161915
35500 89.95777 9.19737 9.25446 0.99383 0.00000000007051959017
35600 89.96480 9.18841 9.24581 0.99379 0.00000000007557332538
35700 89.98064 9.18633 9.24486 0.99367 0.00000000006177636180
35800 89.97326 9.18182 9.23677 0.99405 0.00000000003312372598
35900 89.98812 9.19185 9.24774 0.99396 0.00000000003701927653
36000 89.96128 9.17341 9.22723 0.99417 0.00000000005727152086
36100 89.94293 9.15555 9.21220 0.99385 0.00000000005517009072
36200 89.94386 9.14549 9.19910 0.99417 0.00000000007211298225
36300 89.88787 9.13196 9.18357 0.99438 0.00000000005228351085
36400 89.89918 9.14219 9.19092 0.99470 0.00000000005761968680
36500 89.82136 9.12181 9.17409 0.99430 0.00000000004910027940
36600 89.82472 9.10844 9.16327 0.99402 0.00000000004256506259
36700 89.73716 9.08725 9.14506 0.99368 0.00000000005653078006
36800 89.74096 9.07490 9.13122 0.99383 0.00000000006757971960
36900 89.76018 9.06409 9.11895 0.99398 0.00000000010257572569
37000 89.73390 9.04617 9.10448 0.99359 0.00000000008869882606
37100 89.72318 9.02980 9.08982 0.99340 0.00000000009176837068
37200 89.68468 9.01191 9.07264 0.99331 0.00000000009693579273
37300 89.69639 8.99530 9.05600 0.99330 0.00000000010282263929
37400 89.70538 8.98697 9.04988 0.99305 0.00000000010183143218
37500 89.68223 8.97287 9.03722 0.99288 0.00000000010378542470
37600 89.63550 8.95501 9.02002 0.99279 0.00000000009691092373
37700 89.59677 8.93622 9.00550 0.99231 0.00000000009713829741
37800 89.61882 8.92294 8.98977 0.99257 0.00000000012066969646
37900 89.60512 8.91553 8.98404 0.99237 0.00000000011646683618
38000 89.63353 8.92791 8.99538 0.99250 0.00000000013684520184
38100 89.65599 8.97620 9.04098 0.99283 0.00000000012748913036
38200 89.68409 9.05707 9.12130 0.99296 0.00000000011809753175
38300 89.71231 9.09555 9.16326 0.99261 0.00000000010176393062
38400 89.73958 9.14240 9.20738 0.99294 0.00000000012034817587
38500 89.76582 9.16122 9.22810 0.99275 0.00000000009939782331
38600 89.75196 9.15823 9.22780 0.99246 0.00000000011482725881
38700 89.77937 9.15833 9.22532 0.99274 0.00000000009317346894
38800 89.81261 9.16492 9.22842 0.99312 0.00000000010092371383
38900 89.82971 9.15645 9.22165 0.99293 0.00000000010073364365
39000 89.79857 9.13903 9.20345 0.99300 0.00000000009262812739
39100 89.79894 9.12618 9.19225 0.99281 0.00000000009509903975
39200 89.77396 9.11213 9.17722 0.99291 0.00000000009686829117
39300 89.79431 9.12882 9.19267 0.99305 0.00000000010995293565
39400 89.80404 9.12647 9.19273 0.99279 0.00000000009414513613
39500 89.78910 9.11019 9.17219 0.99324 0.00000000010522072103
39600 89.81458 9.10096 9.16064 0.99348 0.00000000009609024687
39700 89.81635 9.10131 9.15992 0.99360 0.00000000011199752237
39800 89.80763 9.08725 9.14908 0.99324 0.00000000008675016261
39900 89.81317 9.07754 9.13800 0.99338 0.00000000008255618411
40000 89.79619 9.06253 9.12435 0.99323 0.00000000007684697323
40100 89.77276 9.05009 9.11144 0.99327 0.00000000009383072097
40200 89.72410 9.03338 9.09606 0.99311 0.00000000010674483519
40300 89.71489 9.02203 9.08538 0.99303 0.00000000010581935328
40400 89.68598 9.00759 9.07339 0.99275 0.00000000010272316331
40500 89.67832 8.99658 9.06417 0.99254 0.00000000010801670669
40600 89.65073 8.98076 9.04807 0.99256 0.00000000010629364056
40700 89.63078 8.97270 9.04023 0.99253 0.00000000012073009259
40800 89.60194 8.95584 9.02485 0.99235 0.00000000010267875439
40900 89.57973 8.94243 9.01228 0.99225 0.00000000008537170970
41000 89.54017 8.92649 8.99626 0.99224 0.00000000008613021407
41100 89.53028 8.91638 8.98480 0.99238 0.00000000007905320842
41200 89.55162 8.94627 9.01123 0.99279 0.00000000008460077083
41300 89.57395 9.00858 9.07051 0.99317 0.00000000008669154283
41400 89.59893 9.07372 9.13684 0.99309 0.00000000007580247541
41500 89.62515 9.12428 9.18849 0.99301 0.00000000009609557594
41600 89.65079 9.15583 9.21877 0.99317 0.00000000007152323178
41700 89.67582 9.20114 9.25887 0.99376 0.00000000007792166912
41800 89.69850 9.22895 9.28113 0.99438 0.00000000007746514541
41900 89.72443 9.29635 9.34834 0.99444 0.00000000008182254874
42000 89.74787 9.31450 9.36668 0.99443 0.00000000008085798697
42100 89.77359 9.31600 9.36807 0.99444 0.00000000009775824594
42200 89.79711 9.32466 9.37419 0.99472 0.00000000009149658808
42300 89.81533 9.32900 9.37822 0.99475 0.00000000009871037321
42400 89.83209 9.32473 9.37026 0.99514 0.00000000013223200312
42500 89.83858 9.31468 9.36138 0.99501 0.00000000012976464348
42600 89.77809 9.29976 9.35091 0.99453 0.00000000014319212482
42700 89.80067 9.29236 9.34071 0.99482 0.00000000012987300124
42800 89.81706 9.32517 9.37489 0.99470 0.00000000013267609233
42900 89.81814 9.31739 9.36783 0.99462 0.00000000013028511603
43000 89.80822 9.30351 9.35463 0.99453 0.00000000012466649935
43100 89.82064 9.29468 9.34411 0.99471 0.00000000014521894798
43200 89.83794 9.30459 9.34700 0.99546 0.00000000014218137778
43300 89.85931 9.33230 9.37082 0.99589 0.00000000014588330544
43400 89.85209 9.34334 9.38616 0.99544 0.00000000012074785616
43500 89.80104 9.32502 9.36722 0.99549 0.00000000011747758322
43600 89.80763 9.31161 9.35151 0.99573 0.00000000013021761447
43700 89.79073 9.29752 9.33983 0.99547 0.00000000012659384652
43800 89.79110 9.29326 9.33460 0.99557 0.00000000014302159457
43900 89.80751 9.28879 9.32938 0.99565 0.00000000013628920215
44000 89.82211 9.29471 9.33630 0.99555 0.00000000014174972307
44100 89.82904 9.28870 9.32868 0.99571 0.00000000015603518477
44200 89.78347 9.27150 9.31576 0.99525 0.00000000015097612049
44300 89.79987 9.26782 9.31197 0.99526 0.00000000015236167883
44400 89.80172 9.26317 9.30698 0.99529 0.00000000016352963428
44500 89.79631 9.25205 9.29507 0.99537 0.00000000014990853003
44600 89.79068 9.23757 9.28190 0.99522 0.00000000016106582734
44700 89.81399 9.25591 9.29876 0.99539 0.00000000015715251322
44800 89.83759 9.27577 9.31736 0.99554 0.00000000015021051070
44900 89.83019 9.26543 9.31021 0.99519 0.00000000014595613607
45000 89.81741 9.25093 9.29575 0.99518 0.00000000015122658681
45100 89.79542 9.23799 9.28348 0.99510 0.00000000015162804345
45200 89.77782 9.22595 9.27190 0.99504 0.00000000016323475904
45300 89.78308 9.21809 9.26287 0.99517 0.00000000015047518787
45400 89.77929 9.20787 9.25332 0.99509 0.00000000016440537820
45500 89.80112 9.20147 9.24598 0.99519 0.00000000016768986200
45600 89.78599 9.18879 9.23252 0.99526 0.00000000014976109242
45700 89.77922 9.18098 9.22438 0.99530 0.00000000014015633099
45800 89.79271 9.17006 9.21230 0.99541 0.00000000014462742115
45900 89.80705 9.16144 9.20415 0.99536 0.00000000014202328202
46000 89.80170 9.15203 9.19541 0.99528 0.00000000014061285469
46100 89.79954 9.15148 9.19636 0.99512 0.00000000012615508638
46200 89.80307 9.13814 9.18247 0.99517 0.00000000012125411786
46300 89.82670 9.15442 9.19434 0.99566 0.00000000012689405082
46400 89.83777 9.15829 9.20073 0.99539 0.00000000013982237590
46500 89.84919 9.15672 9.20005 0.99529 0.00000000013936585219
46600 89.87073 9.19850 9.23875 0.99564 0.00000000014150813854
46700 89.89710 9.22659 9.26747 0.99559 0.00000000016695267391
46800 89.89601 9.22143 9.26359 0.99545 0.00000000018206058883
46900 89.88349 9.21186 9.25131 0.99574 0.00000000021740476086
47000 89.87392 9.20149 9.24278 0.99553 0.00000000022822099766
47100 89.86040 9.18916 9.22914 0.99567 0.00000000025712587615
47200 89.82732 9.17412 9.21413 0.99566 0.00000000028643043493
47300 89.84881 9.18737 9.22756 0.99564 0.00000000028777513705
47400 89.86147 9.18927 9.22860 0.99574 0.00000000032835778541
47500 89.85558 9.18077 9.22037 0.99571 0.00000000032096636460
47600 89.87428 9.18698 9.22205 0.99620 0.00000000030992630684
47700 89.90191 9.20641 9.23740 0.99665 0.00000000032418334683
47800 89.91585 9.25434 9.28542 0.99665 0.00000000032166802555
47900 89.93670 9.29661 9.32621 0.99683 0.00000000034344260769
48000 89.95912 9.32368 9.35291 0.99687 0.00000000033561065038
48100 89.97854 9.33101 9.35961 0.99694 0.00000000031548275103
48200 90.00125 9.33696 9.36689 0.99680 0.00000000032592062382
48300 89.98942 9.33131 9.36019 0.99692 0.00000000030464697431
48400 90.01036 9.34410 9.37004 0.99723 0.00000000030452618205
48500 90.01187 9.33255 9.35725 0.99736 0.00000000032511771053
48600 89.98630 9.31814 9.34352 0.99728 0.00000000030910030091
48700 90.00271 9.30822 9.33467 0.99717 0.00000000030785329841
48800 89.97044 9.29506 9.32218 0.99709 0.00000000029254820788
48900 89.94203 9.28117 9.31049 0.99685 0.00000000028803270880
49000 89.92923 9.27258 9.30277 0.99676 0.00000000029299052073
49100 89.92617 9.26469 9.29479 0.99676 0.00000000023985080588
49200 89.91841 9.25182 9.28333 0.99661 0.00000000023480062339
49300 89.93119 9.24965 9.27976 0.99675 0.00000000022831869728
49400 89.94310 9.24083 9.27067 0.99678 0.00000000025153745753
49500 89.90226 9.22629 9.25864 0.99651 0.00000000026541790987
49600 89.90107 9.22147 9.25506 0.99637 0.00000000025781510260
49700 89.90616 9.21640 9.24766 0.99662 0.00000000023715429620
49800 89.87127 9.20250 9.23589 0.99639 0.00000000023547919170
49900 89.89296 9.21088 9.24441 0.99637 0.00000000022010482326
50000 89.88019 9.20391 9.23883 0.99622 0.00000000022115465015
50100 89.89715 9.19917 9.23456 0.99617 0.00000000021130119876
50200 89.88289 9.18558 9.22269 0.99598 0.00000000021027268815
50300 89.86121 9.17333 9.20995 0.99602 0.00000000018973089766
50400 89.86386 9.16221 9.20165 0.99571 0.00000000018816237457
50500 89.87231 9.16092 9.19972 0.99578 0.00000000017338486202
50600 89.89541 9.15816 9.19632 0.99585 0.00000000016117418511
50700 89.88978 9.14927 9.18678 0.99592 0.00000000012509460134
50800 89.87295 9.14310 9.18087 0.99589 0.00000000010749445778
50900 89.89024 9.14985 9.18830 0.99582 0.00000000011383605170
51000 89.90706 9.15258 9.18934 0.99600 0.00000000012477485711
51100 89.92756 9.15962 9.19525 0.99613 0.00000000015646506313
51200 89.91169 9.14968 9.18827 0.99580 0.00000000015058532199
51300 89.91961 9.14468 9.18371 0.99575 0.00000000014195400411
51400 89.93962 9.16320 9.20025 0.99597 0.00000000012775025482
51500 89.94276 9.17741 9.21750 0.99565 0.00000000011408474165
51600 89.94905 9.16877 9.20660 0.99589 0.00000000013252687836
51700 89.96689 9.16403 9.20087 0.99600 0.00000000015719336943
51800 89.98565 9.16588 9.20176 0.99610 0.00000000013810286248
51900 89.99269 9.16573 9.20190 0.99607 0.00000000013031176138
52000 90.00877 9.16122 9.19695 0.99612 0.00000000016031798111
52100 90.02783 9.17539 9.21199 0.99603 0.00000000014251710923
52200 90.03142 9.16649 9.20280 0.99605 0.00000000014800960457
52300 90.00447 9.15337 9.19204 0.99579 0.00000000013714718250
52400 90.02357 9.15077 9.18829 0.99592 0.00000000019425705489
52500 90.04158 9.15611 9.19376 0.99590 0.00000000017115553419
52600 90.02948 9.14531 9.18232 0.99597 0.00000000018218493381
52700 90.02562 9.14396 9.17984 0.99609 0.00000000015955414767
52800 90.04767 9.18209 9.21595 0.99633 0.00000000017940848807
52900 90.06604 9.25492 9.28458 0.99681 0.00000000018810553115
53000 90.08224 9.35566 9.38381 0.99700 0.00000000018255441603
53100 90.10195 9.45847 9.48884 0.99680 0.00000000016491341626
53200 90.11943 9.53361 9.56778 0.99643 0.00000000015496048889
53300 90.14322 9.59723 9.63011 0.99659 0.00000000013111645103
53400 90.15647 9.65834 9.69028 0.99670 0.00000000016924239787
53500 90.17632 9.72358 9.75531 0.99675 0.00000000015279333354
53600 90.19417 9.78768 9.81662 0.99705 0.00000000013928058706
53700 90.21197 9.84094 9.87422 0.99663 0.00000000010724576782
53800 90.22608 9.84414 9.87939 0.99643 0.00000000010997602828
53900 90.21054 9.82958 9.86656 0.99625 0.00000000010250644777
54000 90.19060 9.81652 9.85301 0.99630 0.00000000009603695617
54100 90.20881 9.82437 9.85772 0.99662 0.00000000010874856571
54200 90.22536 9.83185 9.86297 0.99685 0.00000000009779199672
54300 90.24568 9.84185 9.87093 0.99705 0.00000000011551470891
54400 90.23414 9.83534 9.86690 0.99680 0.00000000010347100954
54500 90.18587 9.82139 9.85683 0.99640 0.00000000011178968862
54600 90.18081 9.81547 9.85029 0.99647 0.00000000012645529068
54700 90.19892 9.82273 9.85390 0.99684 0.00000000014714096608
54800 90.21650 9.85592 9.88533 0.99703 0.00000000016684964521
54900 90.21330 9.85630 9.88818 0.99678 0.00000000016880719045
55000 90.21030 9.84995 9.88103 0.99685 0.00000000016580692375
55100 90.22722 9.85031 9.87935 0.99706 0.00000000016946977155
55200 90.21584 9.83889 9.86534 0.99732 0.00000000015654322283
55300 90.22352 9.82783 9.85634 0.99711 0.00000000018449775041
55400 90.23676 9.82724 9.85267 0.99742 0.00000000018228973886
55500 90.24745 9.82400 9.84777 0.99759 0.00000000019190338207
55600 90.25834 9.81721 9.83880 0.99781 0.00000000016668089131
55700 90.22914 9.80549 9.82861 0.99765 0.00000000017875656511
55800 90.22155 9.79492 9.81726 0.99772 0.00000000018222934273
55900 90.21883 9.78323 9.80428 0.99785 0.00000000018796697532
56000 90.22638 9.77772 9.79819 0.99791 0.00000000019528023643
56100 90.22542 9.77087 9.79234 0.99781 0.00000000019105961258
56200 90.21589 9.76708 9.79025 0.99763 0.00000000017922907602
56300 90.22123 9.75897 9.78190 0.99766 0.00000000016989964990
56400 90.20966 9.74842 9.77199 0.99759 0.00000000017882939574
56500 90.19708 9.73908 9.76396 0.99745 0.00000000018492940512
56600 90.16907 9.72519 9.75121 0.99733 0.00000000019831425391
56700 90.18587 9.73522 9.75914 0.99755 0.00000000019467805146
56800 90.17979 9.73791 9.76403 0.99732 0.00000000018507151367
56900 90.19897 9.73419 9.76009 0.99735 0.00000000017073098491
57000 90.21132 9.72948 9.75498 0.99739 0.00000000016625101296
57100 90.22815 9.73650 9.76009 0.99758 0.00000000017057644186
57200 90.22710 9.73318 9.75962 0.99729 0.00000000016036416639
57300 90.23728 9.72971 9.75525 0.99738 0.00000000014303047635
57400 90.22669 9.72031 9.74527 0.99744 0.00000000013034018309
57500 90.22919 9.72249 9.74655 0.99753 0.00000000014430945328
57600 90.24406 9.72534 9.74853 0.99762 0.00000000014759216072
57700 90.24826 9.72307 9.74486 0.99776 0.00000000011621459350
57800 90.26796 9.72546 9.74671 0.99782 0.00000000014257572900
57900 90.27978 9.73157 9.75246 0.99786 0.00000000015572787504
58000 90.30009 9.74909 9.76795 0.99807 0.00000000016535928182
58100 90.31505 9.78590 9.80108 0.99845 0.00000000018936496815
58200 90.32976 9.81182 9.82617 0.99854 0.00000000017579182554
58300 90.34625 9.82777 9.84314 0.99844 0.00000000016368417732
58400 90.31966 9.81738 9.83726 0.99798 0.00000000016708057160
58500 90.31937 9.81176 9.82957 0.99819 0.00000000017074697212
58600 90.33093 9.81721 9.83584 0.99811 0.00000000016996892782
58700 90.32870 9.80588 9.82563 0.99799 0.00000000018787638112
58800 90.32349 9.79391 9.81745 0.99760 0.00000000020772006337
58900 90.32867 9.78889 9.81138 0.99771 0.00000000019277024421
59000 90.34174 9.78769 9.81097 0.99763 0.00000000020219736996
59100 90.36326 9.79605 9.81715 0.99785 0.00000000019699797349
59200 90.33260 9.78682 9.81019 0.99762 0.00000000020600054995
59300 90.31721 9.77669 9.80066 0.99755 0.00000000017770851457
59400 90.32921 9.76722 9.78947 0.99773 0.00000000018441603800
59500 90.31782 9.75734 9.78151 0.99753 0.00000000015274359555
59600 90.32850 9.75173 9.77420 0.99770 0.00000000011630518770
59700 90.32841 9.74417 9.76790 0.99757 0.00000000013135270649
59800 90.34130 9.74343 9.76843 0.99744 0.00000000012243006609
59900 90.33287 9.73453 9.75978 0.99741 0.00000000011886314155
60000 90.32154 9.72888 9.75473 0.99735 0.00000000010073897272
60100 90.32353 9.71997 9.74592 0.99734 0.00000000010401102202
60200 90.33391 9.71209 9.73667 0.99748 0.00000000010695444530
60300 90.32373 9.70125 9.72884 0.99716 0.00000000010078160528
60400 90.32055 9.70552 9.73049 0.99743 0.00000000010840217612
60500 90.32237 9.70313 9.72805 0.99744 0.00000000012101253333
60600 90.31763 9.69588 9.72316 0.99719 0.00000000015248247109
60700 90.33918 9.70745 9.73327 0.99735 0.00000000016713208595
60800 90.34925 9.71505 9.74020 0.99742 0.00000000015215029237
60900 90.36617 9.72604 9.75101 0.99744 0.00000000013529266596
61000 90.36537 9.72252 9.74905 0.99728 0.00000000015464074465
61100 90.35694 9.71108 9.73754 0.99728 0.00000000015954348953
61200 90.34028 9.69854 9.72683 0.99709 0.00000000016355095056
61300 90.34807 9.69074 9.71848 0.99715 0.00000000012167156171
61400 90.36458 9.70776 9.73344 0.99736 0.00000000010573231179
61500 90.37639 9.71474 9.74024 0.99738 0.00000000007356426579
61600 90.36286 9.70392 9.73093 0.99722 0.00000000007468159424
61700 90.33578 9.69190 9.72089 0.99702 0.00000000006728662072
61800 90.33054 9.68697 9.71637 0.99697 0.00000000007298694982
61900 90.34645 9.68463 9.71240 0.99714 0.00000000007280043235
62000 90.35232 9.67804 9.70684 0.99703 0.00000000007286971027
62100 90.34630 9.66754 9.69580 0.99709 0.00000000007813127922
62200 90.35442 9.66203 9.68897 0.99722 0.00000000005819700277
62300 90.34522 9.65111 9.68126 0.99689 0.00000000008171596733
62400 90.34004 9.64378 9.67479 0.99679 0.00000000008669154283
62500 90.34408 9.63996 9.66827 0.99707 0.00000000008449774214
62600 90.35701 9.63844 9.66655 0.99709 0.00000000010662937200
62700 90.36407 9.63252 9.66010 0.99715 0.00000000011982770332
62800 90.37903 9.63161 9.65806 0.99726 0.00000000011377920828
62900 90.36292 9.62176 9.64891 0.99719 0.00000000010779643844
63000 90.37552 9.61859 9.64369 0.99740 0.00000000011592860005
63100 90.35251 9.60705 9.63530 0.99707 0.00000000012496670365
63200 90.34637 9.59968 9.62833 0.99703 0.00000000013235457175
63300 90.33593 9.58941 9.61980 0.99684 0.00000000013315215597
63400 90.34364 9.59687 9.62602 0.99697 0.00000000013366374674
63500 90.34704 9.58776 9.61562 0.99710 0.00000000012696865781
63600 90.34177 9.58107 9.61084 0.99690 0.00000000014513368285
63700 90.35692 9.59588 9.62383 0.99710 0.00000000012151524231
63800 90.36635 9.60285 9.63305 0.99687 0.00000000013288214973
63900 90.38499 9.62382 9.65115 0.99717 0.00000000015270451570
64000 90.39555 9.64122 9.66902 0.99713 0.00000000015380585694
64100 90.40001 9.64406 9.67304 0.99700 0.00000000014831158524
64200 90.38209 9.63309 9.66289 0.99692 0.00000000014957279859
64300 90.36669 9.62184 9.65186 0.99689 0.00000000016177281736
64400 90.37650 9.62609 9.65548 0.99696 0.00000000017985612999
64500 90.36155 9.61630 9.64756 0.99676 0.00000000016979839756
64600 90.35907 9.61236 9.64400 0.99672 0.00000000017244516926
64700 90.34856 9.60227 9.63338 0.99677 0.00000000017902834770
64800 90.36577 9.60738 9.63697 0.99693 0.00000000017064039071
64900 90.37554 9.60512 9.63466 0.99693 0.00000000015653078833
65000 90.35218 9.59328 9.62601 0.99660 0.00000000015590373437
65100 90.35685 9.58660 9.61822 0.99671 0.00000000016297718730
65200 90.36409 9.58882 9.61862 0.99690 0.00000000015766765671
65300 90.37895 9.61671 9.64729 0.99683 0.00000000015338308401
65400 90.35995 9.61230 9.64607 0.99650 0.00000000013937828669
65500 90.36449 9.60507 9.63788 0.99660 0.00000000013496048723
65600 90.37657 9.59870 9.63085 0.99666 0.00000000011488410223
65700 90.38393 9.59386 9.62639 0.99662 0.00000000013673506771
65800 90.38899 9.58731 9.62080 0.99652 0.00000000016976819950
65900 90.39137 9.58285 9.61554 0.99660 0.00000000012718004427
66000 90.39227 9.58508 9.61509 0.99688 0.00000000011179501769
66100 90.40791 9.58721 9.61791 0.99681 0.00000000010202327871
66200 90.40995 9.57792 9.60884 0.99678 0.00000000009343814611
66300 90.41506 9.56976 9.60031 0.99682 0.00000000007629807897
66400 90.38729 9.56076 9.59341 0.99660 0.00000000003126210402
66500 90.39954 9.56752 9.60014 0.99660 0.00000000002983568947
66600 90.38713 9.56000 9.59168 0.99670 0.00000000000790301158
66700 90.39501 9.55167 9.58573 0.99645 -0.00000000005097078315
66800 90.37292 9.54113 9.57640 0.99632 -0.00000000004430944500
66900 90.35669 9.53423 9.56985 0.99628 -0.00000000000905764352
67000 90.32491 9.52252 9.55905 0.99618 0.00000000002891376027
67100 90.32231 9.52746 9.56181 0.99641 0.00000000006804334873
67200 90.33277 9.53277 9.56722 0.99640 0.00000000005566924699
67300 90.31054 9.52209 9.55859 0.99618 0.00000000003529443404
67400 90.30096 9.51831 9.55460 0.99620 0.00000000001071676081
67500 90.25882 9.50586 9.54602 0.99579 0.00000000001213606993
67600 90.24804 9.49808 9.53829 0.99578 0.00000000004203926096
67700 90.23449 9.48854 9.52808 0.99585 -0.00000000000225952590
67800 90.19683 9.47661 9.51745 0.99571 -0.00000000002261657528
67900 90.17024 9.46608 9.50907 0.99548 -0.00000000007506173461
68000 90.15519 9.45872 9.49895 0.99576 -0.00000000014249934566
68100 90.16055 9.46045 9.50007 0.99583 -0.00000000016141399328
68200 90.17231 9.46628 9.50741 0.99567 -0.00000000014915890745
68300 90.17676 9.45824 9.49661 0.99596 -0.00000000017584689260
68400 90.14595 9.44678 9.48631 0.99583 -0.00000000019418422426
68500 90.14093 9.44030 9.47919 0.99590 -0.00000000021593749011
68600 90.15522 9.44109 9.48075 0.99582 -0.00000000021942092587
68700 90.16940 9.45696 9.49414 0.99608 -0.00000000017798917895
68800 90.18050 9.46455 9.50211 0.99605 -0.00000000012349410383
68900 90.14818 9.45449 9.49265 0.99598 -0.00000000010757261748
69000 90.16266 9.45980 9.49641 0.99614 -0.00000000010035172693
69100 90.17666 9.48124 9.51581 0.99637 -0.00000000005075406762
69200 90.19311 9.49308 9.52792 0.99634 -0.00000000004114042440
69300 90.20157 9.49702 9.53251 0.99628 -0.00000000005138289794
69400 90.20462 9.49291 9.52805 0.99631 -0.00000000004225242378
69500 90.17959 9.48285 9.51997 0.99610 -0.00000000002084021844
69600 90.17037 9.47267 9.51189 0.99588 -0.00000000003530331583
69700 90.13758 9.46322 9.50235 0.99588 -0.00000000001342748135
69800 90.15156 9.46911 9.50547 0.99617 0.00000000002736655347
69900 90.16557 9.47166 9.50539 0.99645 -0.00000000001186606369
70000 90.15033 9.46408 9.49814 0.99641 -0.00000000000092370556
70100 90.16423 9.46862 9.50074 0.99662 -0.00000000001175060049
70200 90.17823 9.47185 9.50299 0.99672 0.00000000002872013738
70300 90.17742 9.47131 9.50117 0.99686 0.00000000003785238789
70400 90.19368 9.47895 9.50731 0.99702 0.00000000005468869801
70500 90.20437 9.49314 9.52001 0.99718 -0.00000000001111644110
70600 90.21566 9.49040 9.51574 0.99734 -0.00000000004308198243
70700 90.21186 9.48217 9.50772 0.99731 -0.00000000002293987222
70800 90.20921 9.47460 9.50103 0.99722 -0.00000000003001865423
70900 90.21396 9.46772 9.49478 0.99715 -0.00000000004050271230
71000 90.20529 9.46114 9.48733 0.99724 0.00000000000441957582
71100 90.19574 9.45413 9.48040 0.99723 0.00000000001852029641
71200 90.19006 9.44421 9.47054 0.99722 -0.00000000000084732221
71300 90.20371 9.45841 9.48315 0.99739 0.00000000000879651907
71400 90.20434 9.46322 9.48834 0.99735 0.00000000004344968829
71500 90.20196 9.45712 9.48165 0.99741 -0.00000000002800781829
71600 90.19282 9.44749 9.47250 0.99736 0.00000000001579003595
71700 90.17803 9.43963 9.46471 0.99735 -0.00000000002428990342
71800 90.16422 9.42979 9.45560 0.99727 -0.00000000002546585165
71900 90.15662 9.42104 9.44706 0.99725 -0.00000000003754152544
72000 90.13604 9.41070 9.43758 0.99715 -0.00000000006266809294
72100 90.12646 9.40224 9.42826 0.99724 -0.00000000006289724297
72200 90.11320 9.39262 9.41780 0.99733 -0.00000000005878497689
72300 90.10154 9.38397 9.40883 0.99736 -0.00000000008497025306
72400 90.11038 9.38120 9.40589 0.99738 -0.00000000007792344547
72500 90.12111 9.38037 9.40463 0.99742 -0.00000000009469580675
72600 90.10782 9.37626 9.40242 0.99722 -0.00000000013969270185
72700 90.10763 9.36987 9.39624 0.99719 -0.00000000009324985228
72800 90.10477 9.36834 9.39376 0.99729 -0.00000000009940315238
72900 90.09412 9.35911 9.38679 0.99705 -0.00000000017644374850
73000 90.09995 9.35720 9.38406 0.99714 -0.00000000017271339914
73100 90.09754 9.34901 9.37633 0.99709 -0.00000000019351098501
73200 90.11239 9.36899 9.39376 0.99736 -0.00000000020084023333
73300 90.12327 9.38526 9.40939 0.99744 -0.00000000024292567957
73400 90.11825 9.38048 9.40534 0.99736 -0.00000000024047963620
73500 90.12559 9.37450 9.39969 0.99732 -0.00000000026992985624
73600 90.11851 9.36766 9.39217 0.99739 -0.00000000029862867734
73700 90.10380 9.35899 9.38509 0.99722 -0.00000000025113955360
73800 90.10007 9.35420 9.38013 0.99724 -0.00000000025312729690
73900 90.11573 9.35559 9.38161 0.99723 -0.00000000024066260096
74000 90.12391 9.35491 9.37899 0.99743 -0.00000000026961721744
74100 90.12274 9.34696 9.37162 0.99737 -0.00000000026293101030
74200 90.13095 9.35952 9.38266 0.99753 -0.00000000022898305474
74300 90.14371 9.39112 9.41266 0.99771 -0.00000000020347989960
74400 90.15717 9.43145 9.45139 0.99789 -0.00000000020626167441
74500 90.17068 9.47420 9.49319 0.99800 -0.00000000017735146685
74600 90.18342 9.50633 9.52561 0.99798 -0.00000000020011547974
74700 90.19605 9.53913 9.55884 0.99794 -0.00000000027563729077
74800 90.21561 9.54285 9.56331 0.99786 -0.00000000031283597934
74900 90.20516 9.54274 9.56240 0.99794 -0.00000000031732128036
75000 90.17617 9.53226 9.55532 0.99759 -0.00000000031945290857
75100 90.18559 9.52649 9.55027 0.99751 -0.00000000028975222222
75200 90.15441 9.51565 9.54039 0.99741 -0.00000000027920421530
75300 90.12459 9.50497 9.53143 0.99722 -0.00000000027696422933
75400 90.11247 9.49537 9.52265 0.99714 -0.00000000028957281017
75500 90.11034 9.49167 9.51688 0.99735 -0.00000000028547120223
75600 90.12063 9.48872 9.51439 0.99730 -0.00000000028475177771
75700 90.13325 9.49506 9.51996 0.99738 -0.00000000028969182608
75800 90.12404 9.49280 9.51867 0.99728 -0.00000000029499602761
75900 90.11517 9.48469 9.51025 0.99731 -0.00000000030925129124
76000 90.10534 9.47712 9.50213 0.99737 -0.00000000026844126921
76100 90.11929 9.48117 9.50540 0.99745 -0.00000000026462920744
76200 90.11255 9.47534 9.49990 0.99741 -0.00000000027430324678
76300 90.11050 9.47298 9.49725 0.99744 -0.00000000031757174668
76400 90.11484 9.46922 9.49432 0.99736 -0.00000000031158009506
76500 90.10852 9.46354 9.48834 0.99739 -0.00000000029864999362
76600 90.12310 9.47303 9.49522 0.99766 -0.00000000028814461928
76700 90.13410 9.49147 9.51293 0.99774 -0.00000000032379077197
76800 90.14774 9.50296 9.52566 0.99762 -0.00000000026924595886
76900 90.16211 9.50830 9.52987 0.99774 -0.00000000027714719408
77000 90.17303 9.51377 9.53494 0.99778 -0.00000000028793856188
77100 90.14440 9.50362 9.52660 0.99759 -0.00000000026690116783
77200 90.14138 9.49667 9.51825 0.99773 -0.00000000026244073581
77300 90.15375 9.49622 9.51678 0.99784 -0.00000000023816326689
77400 90.15951 9.49461 9.51588 0.99776 -0.00000000023838886420
77500 90.16019 9.49373 9.51448 0.99782 -0.00000000023255353199
77600 90.14901 9.48954 9.51050 0.99780 -0.00000000020273205337
77700 90.16108 9.49494 9.51380 0.99802 -0.00000000016085088816
77800 90.17379 9.50295 9.52216 0.99798 -0.00000000009350209496
77900 90.16755 9.49518 9.51411 0.99801 -0.00000000008116352035
78000 90.15473 9.48751 9.50835 0.99781 -0.00000000009760547925
78100 90.14467 9.47921 9.50062 0.99775 -0.00000000009144507374
78200 90.15749 9.48218 9.50320 0.99779 -0.00000000009428724468
78300 90.14769 9.47710 9.49748 0.99785 -0.00000000010143530460
78400 90.15815 9.48034 9.50009 0.99792 -0.00000000006112088613
78500 90.17362 9.48525 9.50365 0.99806 -0.00000000005847056173
78600 90.13741 9.47563 9.49641 0.99781 -0.00000000006380851403
78700 90.13310 9.47051 9.49041 0.99790 -0.00000000010594014554
78800 90.11891 9.46451 9.48558 0.99778 -0.00000000011722889326
78900 90.10514 9.45465 9.47699 0.99764 -0.00000000008701483978
79000 90.08577 9.44587 9.46684 0.99778 -0.00000000006251710261
79100 90.08705 9.44022 9.46091 0.99781 -0.00000000007705835969
79200 90.07735 9.43297 9.45398 0.99778 -0.00000000007666578483
79300 90.05929 9.42367 9.44559 0.99768 -0.00000000006255795881
79400 90.05335 9.41651 9.43779 0.99775 -0.00000000006678924080
79500 90.04428 9.40836 9.43043 0.99766 -0.00000000003517719449
79600 90.05455 9.40493 9.42601 0.99776 -0.00000000006275868714
79700 90.06649 9.40881 9.42857 0.99790 -0.00000000008798117790
79800 90.04314 9.40080 9.42158 0.99779 -0.00000000011010214962
79900 90.05075 9.39583 9.41622 0.99783 -0.00000000008139444674
80000 90.06421 9.40464 9.42301 0.99805 -0.00000000003658229275
80100 90.07842 9.41058 9.43036 0.99790 -0.00000000004916067553
80200 90.08185 9.40434 9.42431 0.99788 -0.00000000002764544149
80300 90.06534 9.39670 9.41817 0.99772 -0.00000000004171951673
80400 90.05718 9.39083 9.41190 0.99776 -0.00000000000652811138
80500 90.04589 9.38365 9.40492 0.99774 0.00000000005088907074
80600 90.04365 9.37995 9.40001 0.99787 0.00000000003937650206
80700 90.01754 9.37119 9.39191 0.99779 0.00000000002894928741
80800 90.03295 9.38125 9.40149 0.99785 0.00000000004942712906
80900 90.04563 9.38386 9.40432 0.99782 0.00000000002590994086
81000 90.04057 9.37929 9.40041 0.99775 0.00000000000876632100
81100 90.05498 9.37560 9.39738 0.99768 -0.00000000000474464912
81200 90.05683 9.37082 9.39314 0.99762 -0.00000000002181543834
81300 90.06623 9.37344 9.39424 0.99779 -0.00000000008267697638
81400 90.07972 9.37648 9.39749 0.99776 -0.00000000008972200760
81500 90.07734 9.36996 9.39255 0.99760 -0.00000000005842437645
81600 90.07436 9.36480 9.38792 0.99754 -0.00000000005143441228
81700 90.08311 9.36458 9.38802 0.99750 -0.00000000006742517655
81800 90.09359 9.36719 9.39119 0.99744 -0.00000000004484235205
81900 90.10551 9.37763 9.39955 0.99767 -0.00000000004559730371
82000 90.12221 9.37998 9.40246 0.99761 -0.00000000008881073654
82100 90.11291 9.37572 9.39815 0.99761 -0.00000000007895550880
82200 90.12465 9.38356 9.40347 0.99788 -0.00000000005265832215
82300 90.13739 9.39490 9.41538 0.99783 -0.00000000003361577683
82400 90.13489 9.38965 9.41146 0.99768 -0.00000000004565769984
82500 90.11889 9.38096 9.40330 0.99762 -0.00000000007521450129
82600 90.12333 9.37529 9.39713 0.99768 -0.00000000010274803230
82700 90.13372 9.37551 9.39642 0.99778 -0.00000000008755485226
82800 90.09767 9.36585 9.38841 0.99760 -0.00000000013728396198
82900 90.10337 9.36233 9.38463 0.99762 -0.00000000013405987431
83000 90.09236 9.35564 9.37778 0.99764 -0.00000000015330492431
83100 90.07749 9.34730 9.37030 0.99755 -0.00000000014374101909
83200 90.08839 9.34857 9.37167 0.99754 -0.00000000011192113902
83300 90.09268 9.34583 9.36855 0.99758 -0.00000000008503064919
83400 90.09325 9.34350 9.36540 0.99766 -0.00000000010559908503
83500 90.10083 9.34174 9.36338 0.99769 -0.00000000008379608119
83600 90.08998 9.33339 9.35353 0.99785 -0.00000000009318945615
83700 90.08356 9.32746 9.34924 0.99767 -0.00000000011970513469
83800 90.07468 9.32176 9.34339 0.99768 -0.00000000010133938133
83900 90.06548 9.31356 9.33436 0.99777 -0.00000000009068479301
84000 90.05362 9.30599 9.32842 0.99760 -0.00000000006564526700
84100 90.03380 9.29787 9.32070 0.99755 -0.00000000004019895528
84200 90.02705 9.29218 9.31552 0.99749 -0.00000000001508659864
84300 90.02278 9.28819 9.31150 0.99750 -0.00000000001597477706
84400 90.02348 9.28291 9.30718 0.99739 -0.00000000002101430141
84500 90.01159 9.27900 9.30311 0.99741 -0.00000000003445599361
84600 89.98292 9.26993 9.29597 0.99720 -0.00000000004890132743
84700 89.97417 9.26392 9.28992 0.99720 -0.00000000005717204488
84800 89.97736 9.25847 9.28485 0.99716 -0.00000000006414957454
84900 89.96926 9.25190 9.27813 0.99717 -0.00000000003235456347
85000 89.95947 9.24391 9.27117 0.99706 -0.00000000001389821591
85100 89.95553 9.23894 9.26747 0.99692 0.00000000000473754369
85200 89.95678 9.23692 9.26650 0.99681 0.00000000002589750636
85300 89.94889 9.22943 9.25917 0.99679 0.00000000003872457910
85400 89.95255 9.22771 9.25654 0.99689 0.00000000004879296966
85500 89.94685 9.21957 9.24769 0.99696 0.00000000004379252516
85600 89.93459 9.21439 9.24355 0.99685 0.00000000002106226304
85700 89.94613 9.22551 9.25283 0.99705 0.00000000001966071750
85800 89.95284 9.22471 9.25296 0.99695 0.00000000000632383035
85900 89.94289 9.21793 9.24699 0.99686 0.00000000002924771536
86000 89.92681 9.21060 9.24123 0.99669 0.00000000006595080038
86100 89.93128 9.20603 9.23736 0.99661 0.00000000006820322085
86200 89.93656 9.20275 9.23306 0.99672 0.00000000007824851878
86300 89.91709 9.19413 9.22427 0.99673 0.00000000003026556783
86400 89.92919 9.20375 9.23164 0.99698 0.00000000003097078149
86500 89.93996 9.21486 9.24339 0.99691 0.00000000005761435773
86600 89.95193 9.22070 9.24846 0.99700 0.00000000005502442946
86700 89.96318 9.22507 9.25261 0.99702 0.00000000007912070998
86800 89.96798 9.22163 9.24837 0.99711 0.00000000003275424376
86900 89.96127 9.21652 9.24524 0.99689 0.00000000000762945263
87000 89.96304 9.21068 9.23946 0.99689 0.00000000003756284173
87100 89.96495 9.20439 9.23226 0.99698 0.00000000002368771845
87200 89.97582 9.20899 9.23632 0.99704 0.00000000003956657224
87300 89.98688 9.21260 9.24118 0.99691 0.00000000002077626959
87400 89.96959 9.20617 9.23587 0.99678 0.00000000000779820652
87500 89.96501 9.20124 9.23364 0.99649 -0.00000000001817568318
87600 89.94790 9.19355 9.22609 0.99647 -0.00000000002098232699
87700 89.95299 9.19080 9.22288 0.99652 0.00000000001416999851
87800 89.95590 9.18721 9.22007 0.99644 -0.00000000003151257033
87900 89.96824 9.19374 9.22607 0.99650 -0.00000000004524913777
88000 89.97362 9.19903 9.23124 0.99651 -0.00000000004855493785
88100 89.96682 9.19360 9.22543 0.99655 -0.00000000006352784965
88200 89.96587 9.18797 9.21891 0.99664 -0.00000000002039435287
88300 89.97695 9.18520 9.21693 0.99656 -0.00000000005070610598
88400 89.98156 9.17794 9.20951 0.99657 -0.00000000004703615275
88500 89.99304 9.18150 9.21273 0.99661 -0.00000000005854872143
88600 90.00263 9.18748 9.21681 0.99682 -0.00000000006315126200
88700 90.01391 9.19804 9.22519 0.99706 -0.00000000006504663475
88800 90.02573 9.21713 9.24315 0.99718 -0.00000000008370548699
88900 90.03600 9.23095 9.25823 0.99705 -0.00000000008211742397
89000 90.04845 9.24516 9.27225 0.99708 -0.00000000009930545275
89100 90.05042 9.24132 9.26931 0.99698 -0.00000000007051603745
89200 90.05582 9.23747 9.26489 0.99704 -0.00000000005900702149
89300 90.04665 9.23514 9.26273 0.99702 -0.00000000008787282013
89400 90.05616 9.24585 9.27178 0.99720 -0.00000000012802381377
89500 90.05539 9.24547 9.27137 0.99721 -0.00000000014071233068
89600 90.06636 9.24879 9.27509 0.99717 -0.00000000012977707797
89700 90.07230 9.24345 9.27074 0.99706 -0.00000000009830181114
89800 90.08112 9.24750 9.27186 0.99737 -0.00000000007442935157
89900 90.09193 9.25942 9.28265 0.99750 -0.00000000011337952799
90000 90.10227 9.26912 9.29183 0.99756 -0.00000000010565592845
90100 90.11380 9.26855 9.29000 0.99769 -0.00000000014592771436
90200 90.10909 9.26338 9.28654 0.99751 -0.00000000012797762849
90300 90.10497 9.26112 9.28302 0.99764 -0.00000000013145573519
90400 90.11878 9.27900 9.30020 0.99772 -0.00000000012432010976
90500 90.12780 9.29988 9.32120 0.99771 -0.00000000012589573828
90600 90.13228 9.30822 9.32892 0.99778 -0.00000000016233592248
90700 90.12657 9.30223 9.32320 0.99775 -0.00000000016526158220
90800 90.13729 9.30670 9.32704 0.99782 -0.00000000020974511017
90900 90.14556 9.30375 9.32406 0.99782 -0.00000000021097079639
91000 90.13447 9.29640 9.31667 0.99782 -0.00000000019844570431
91100 90.14302 9.29167 9.31130 0.99789 -0.00000000016976997586
91200 90.13504 9.28629 9.30568 0.99792 -0.00000000015235634976
91300 90.13974 9.28406 9.30271 0.99800 -0.00000000016862955476
91400 90.15062 9.29086 9.30971 0.99798 -0.00000000016758683330
91500 90.14818 9.28667 9.30559 0.99797 -0.00000000020278534407
91600 90.13776 9.28007 9.29916 0.99795 -0.00000000017961099275
91700 90.13799 9.27589 9.29464 0.99798 -0.00000000017040768796
91800 90.12491 9.26961 9.28843 0.99797 -0.00000000015674039844
91900 90.13333 9.26951 9.28800 0.99801 -0.00000000015231371719
92000 90.12462 9.26266 9.28173 0.99795 -0.00000000014073187060
92100 90.11095 9.25613 9.27557 0.99790 -0.00000000016184387164
92200 90.08461 9.24768 9.26738 0.99787 -0.00000000015056933478
92300 90.07335 9.24091 9.26188 0.99774 -0.00000000016004619852
92400 90.07259 9.23548 9.25712 0.99766 -0.00000000017328716240
92500 90.08110 9.23618 9.25820 0.99762 -0.00000000019551471553
92600 90.06369 9.22852 9.25140 0.99753 -0.00000000018849988237
92700 90.05675 9.22378 9.24702 0.99749 -0.00000000015559464828
92800 90.06885 9.22275 9.24456 0.99764 -0.00000000013600853777
92900 90.06082 9.21631 9.23838 0.99761 -0.00000000015463896830
93000 90.05129 9.20922 9.23085 0.99766 -0.00000000016186518792
93100 90.06146 9.22166 9.24191 0.99781 -0.00000000010836309627
93200 90.06302 9.23068 9.25322 0.99756 -0.00000000009751133234
93300 90.06602 9.22842 9.25083 0.99758 -0.00000000010405365458
93400 90.05058 9.22125 9.24451 0.99748 -0.00000000011174527970
93500 90.03059 9.21316 9.23806 0.99730 -0.00000000014830270345
93600 90.03974 9.20973 9.23371 0.99740 -0.00000000013318057768
93700 90.01868 9.20284 9.22796 0.99728 -0.00000000014714807151
93800 90.01139 9.19694 9.22270 0.99721 -0.00000000009489298236
93900 90.01861 9.19720 9.22175 0.99734 -0.00000000012138379191
94000 90.00972 9.19033 9.21582 0.99723 -0.00000000004202327375
94100 90.00806 9.18420 9.20964 0.99724 -0.00000000002778755004
94200 90.01930 9.19360 9.21659 0.99751 -0.00000000007423928139
94300 90.00932 9.18889 9.21194 0.99750 -0.00000000007748113262
94400 90.01561 9.18949 9.21106 0.99766 -0.00000000006915179540
94500 90.00317 9.18275 9.20535 0.99754 -0.00000000008142286845
94600 90.01090 9.18510 9.20582 0.99775 -0.00000000011925394006
94700 90.01144 9.17897 9.20044 0.99767 -0.00000000013142376076
94800 90.00979 9.17399 9.19553 0.99766 -0.00000000014551027050
94900 89.99212 9.16653 9.18618 0.99786 -0.00000000008504308369
95000 89.98016 9.15949 9.18017 0.99775 -0.00000000010273382145
95100 89.97213 9.15241 9.17363 0.99769 -0.00000000008094147574
95200 89.95182 9.14478 9.16741 0.99753 -0.00000000005207212439
95300 89.94586 9.13976 9.16159 0.99762 -0.00000000002919087194
95400 89.93545 9.13331 9.15509 0.99762 0.00000000004676081744
95500 89.93708 9.12796 9.14990 0.99760 -0.00000000001332089994
95600 89.93363 9.12079 9.14297 0.99757 0.00000000001393907212
95700 89.91860 9.11340 9.13564 0.99757 0.00000000006221867466
95800 89.92112 9.11114 9.13164 0.99776 0.00000000000976818626
95900 89.93136 9.11401 9.13535 0.99766 0.00000000008931877460
96000 89.94156 9.12317 9.14431 0.99769 0.00000000010203216050
96100 89.95178 9.12469 9.14639 0.99763 0.00000000008534506435
96200 89.94173 9.11930 9.14125 0.99760 0.00000000001883115885
96300 89.94959 9.11447 9.13553 0.99769 -0.00000000001642774805
96400 89.94443 9.10991 9.13161 0.99762 -0.00000000005557332372
96500 89.95376 9.11080 9.13218 0.99766 -0.00000000010123635263
96600 89.93703 9.10471 9.12653 0.99761 -0.00000000009330314299
96700 89.94238 9.10031 9.12305 0.99751 -0.00000000009237055565
96800 89.94262 9.09555 9.11892 0.99744 -0.00000000003112710090
96900 89.93439 9.08893 9.11112 0.99756 -0.00000000006802558516
97000 89.93557 9.08618 9.10750 0.99766 -0.00000000007730882601
97100 89.94598 9.09862 9.11881 0.99779 -0.00000000002087929829
97200 89.93659 9.09180 9.11196 0.99779 -0.00000000001726618848
97300 89.91097 9.08374 9.10489 0.99768 0.00000000004059330649
97400 89.89267 9.07611 9.09853 0.99754 -0.00000000000998845451
97500 89.89728 9.07446 9.09592 0.99764 0.00000000000870059580
97600 89.90765 9.08781 9.10703 0.99789 0.00000000002875033545
97700 89.90651 9.08404 9.10473 0.99773 0.00000000003031885853
97800 89.89170 9.07733 9.09920 0.99760 0.00000000004383160501
97900 89.87043 9.07040 9.09203 0.99762 0.00000000008124345641
98000 89.87037 9.06557 9.08764 0.99757 0.00000000011642953268
98100 89.87815 9.06297 9.08399 0.99769 0.00000000011616663187
98200 89.88119 9.05805 9.07941 0.99765 0.00000000015828405253
98300 89.87762 9.05456 9.07607 0.99763 0.00000000015291590216
98400 89.88808 9.06434 9.08520 0.99770 0.00000000018127721546
98500 89.87194 9.06130 9.08343 0.99756 0.00000000019474910573
98600 89.87610 9.05792 9.07864 0.99772 0.00000000026759927607
98700 89.88521 9.06400 9.08415 0.99778 0.00000000028748914360
98800 89.89207 9.06247 9.08223 0.99782 0.00000000023179147490
98900 89.89059 9.06154 9.08119 0.99784 0.00000000023515056569
99000 89.90369 9.07186 9.09106 0.99789 0.00000000022764190533
99100 89.91115 9.07508 9.09472 0.99784 0.00000000021665336192
99200 89.91344 9.07559 9.09476 0.99789 0.00000000022547830270
99300 89.90844 9.07174 9.09197 0.99777 0.00000000012954792794
99400 89.90993 9.06713 9.08843 0.99766 0.00000000011160317115
99500 89.89394 9.06101 9.08392 0.99748 0.00000000008389200445
99600 89.89906 9.05683 9.07980 0.99747 0.00000000007806733038
99700 89.88188 9.05036 9.07493 0.99729 0.00000000008244249727
99800 89.89178 9.04940 9.07413 0.99727 -0.00000000000370548037
99900 89.88864 9.04557 9.07173 0.99712 0.00000000000505373521
100000 89.87334 9.03874 9.06549 0.99705 0.00000000002530242682
