# Arquivo Coleta1.txt 
#Coluna 1 > Ponto de coleta
#Coluna 2 > Ocupação
#Coluna 3 > E(n)
#Coluna 4 > E(w)
#Coluna 5 > lambda
#Coluna 6 > Erro de Little
100 74.93392 2.51019 1.31424 1.91000 -0.00000000000000754952
200 155.25488 2.73870 1.45676 1.88000 -0.00000000000020783375
300 225.24757 2.85950 1.53461 1.86333 0.00000000000005906386
400 313.99906 3.39926 1.77739 1.91250 -0.00000000000012834178
500 384.70506 3.16522 1.64342 1.92600 0.00000000000034239278
600 468.62450 3.29393 1.69499 1.94333 0.00000000000023270275
700 557.65929 3.53142 1.79651 1.96571 0.00000000000069766415
800 643.04277 3.54840 1.79894 1.97250 -0.00000000000015143442
900 723.65635 3.47631 1.76462 1.97000 -0.00000000000072075679
1000 811.01190 3.91218 1.98186 1.97400 -0.00000000000094146912
1100 897.22117 3.91302 1.98630 1.97000 0.00000000000076383344
1200 984.26641 4.07610 2.06559 1.97333 -0.00000000000021938007
1300 1084.14719 5.08961 2.54676 1.99846 -0.00000000000099653619
1400 1176.90052 5.28878 2.63592 2.00643 -0.00000000000142019729
1500 1267.75667 5.23125 2.61127 2.00333 -0.00000000000342570416
1600 1358.52270 5.25338 2.62014 2.00500 -0.00000000000162536651
1700 1459.74206 5.80960 2.87270 2.02235 -0.00000000000037658765
1800 1555.15638 5.99255 2.96417 2.02167 -0.00000000000021938007
1900 1642.47838 5.95224 2.94052 2.02421 -0.00000000000082511775
2000 1733.63865 6.06008 2.97793 2.03500 -0.00000000000032684966
2100 1827.78951 6.18536 3.04269 2.03286 0.00000000000233590924
2200 1920.22978 6.43653 3.16433 2.03409 -0.00000000000054534155
2300 2006.03356 6.30087 3.11054 2.02565 0.00000000000204813944
2400 2101.68155 6.38371 3.14275 2.03125 0.00000000000028332892
2500 2188.80377 6.37693 3.13455 2.03440 0.00000000000213962181
2600 2273.92704 6.26124 3.07852 2.03385 -0.00000000000060218497
2700 2357.85257 6.16139 3.03351 2.03111 -0.00000000000218491891
2800 2432.41939 6.02153 2.97098 2.02679 0.00000000000031175063
2900 2504.39951 5.89327 2.90753 2.02690 -0.00000000000165734093
3000 2580.00408 5.81004 2.87721 2.01933 -0.00000000000059774408
3100 2656.46273 5.72874 2.83510 2.02065 -0.00000000000210231832
3200 2751.40530 5.93443 2.93058 2.02500 -0.00000000000207744932
3300 2831.09019 5.87335 2.91547 2.01455 -0.00000000000684785562
3400 2912.91245 5.81861 2.88976 2.01353 -0.00000000000989874849
3500 2988.26659 5.76077 2.86565 2.01029 -0.00000000001261302174
3600 3065.46487 5.69354 2.83771 2.00639 -0.00000000001284661266
3700 3159.24389 5.71256 2.83787 2.01297 -0.00000000001556088591
3800 3253.03686 5.74564 2.85516 2.01237 -0.00000000001391864402
3900 3316.89971 5.66216 2.82384 2.00513 -0.00000000001123812154
4000 3403.88898 5.62322 2.80670 2.00350 -0.00000000001431210706
4100 3498.48898 5.69969 2.84326 2.00463 -0.00000000001075139977
4200 3580.93684 5.69088 2.83262 2.00905 -0.00000000000664268640
4300 3652.40867 5.60247 2.79215 2.00651 -0.00000000000959055058
4400 3750.82222 5.80364 2.88673 2.01045 -0.00000000000977617987
4500 3836.51242 5.75287 2.86434 2.00844 -0.00000000000584421400
4600 3913.35509 5.67854 2.82851 2.00761 -0.00000000000512834220
4700 3996.17928 5.65733 2.82086 2.00553 -0.00000000001200906041
4800 4081.56194 5.66267 2.82398 2.00521 -0.00000000000746958051
4900 4171.56250 5.65001 2.81209 2.00918 -0.00000000000764099894
5000 4262.95372 5.69318 2.82624 2.01440 -0.00000000000549515988
5100 4357.53147 5.83641 2.89437 2.01647 0.00000000000394084765
5200 4439.48901 5.79281 2.87622 2.01404 0.00000000000025490721
5300 4523.44679 5.73931 2.85029 2.01358 0.00000000000067501560
5400 4613.29538 5.74790 2.85255 2.01500 -0.00000000000054622973
5500 4691.46011 5.68879 2.82488 2.01382 -0.00000000000071231909
5600 4781.51867 5.66661 2.81521 2.01286 -0.00000000000087929664
5700 4862.29423 5.67168 2.82173 2.01000 0.00000000000167421632
5800 4928.63478 5.62965 2.80515 2.00690 -0.00000000000326583205
5900 5022.99413 5.66474 2.82209 2.00729 0.00000000000733724193
6000 5116.05061 5.80275 2.88766 2.00950 -0.00000000000148681067
6100 5209.37585 5.86984 2.91628 2.01279 -0.00000000000744648787
6200 5296.37490 5.82980 2.89390 2.01452 -0.00000000000386002341
6300 5380.70500 5.85265 2.90924 2.01175 -0.00000000001155697760
6400 5467.13041 5.81938 2.89319 2.01141 -0.00000000000997424365
6500 5544.18445 5.76713 2.87032 2.00923 -0.00000000001262900895
6600 5636.72441 5.77075 2.87037 2.01045 -0.00000000001991296017
6700 5727.77387 5.80044 2.88515 2.01045 -0.00000000001873967648
6800 5807.10752 5.75495 2.86337 2.00985 -0.00000000001928945892
6900 5890.73105 5.73456 2.85137 2.01116 -0.00000000002834799062
7000 5985.72270 5.74385 2.85642 2.01086 -0.00000000003794831116
7100 6078.73645 5.81363 2.88830 2.01282 -0.00000000003693578776
7200 6156.58127 5.78068 2.87675 2.00944 -0.00000000004569589152
7300 6257.08437 5.87322 2.91782 2.01288 -0.00000000004837108492
7400 6336.94201 5.88632 2.92694 2.01108 -0.00000000005268585568
7500 6418.48784 5.86265 2.91423 2.01173 -0.00000000005440714546
7600 6504.18520 5.86382 2.91275 2.01316 -0.00000000004880984505
7700 6596.52977 5.90802 2.93382 2.01377 -0.00000000004392486375
7800 6691.59522 5.94586 2.94930 2.01603 -0.00000000005928857405
7900 6782.17101 5.93134 2.93833 2.01861 -0.00000000006046718681
8000 6856.53755 5.91533 2.93274 2.01700 -0.00000000005383427037
8100 6931.13887 5.87025 2.91104 2.01654 -0.00000000006000533403
8200 7028.72600 5.87143 2.90911 2.01829 -0.00000000007436717908
8300 7116.00669 5.85438 2.90288 2.01675 -0.00000000007543832226
8400 7183.04986 5.80021 2.88090 2.01333 -0.00000000008111200600
8500 7269.28955 5.77732 2.86908 2.01365 -0.00000000009885958718
8600 7357.59766 5.80648 2.88080 2.01558 -0.00000000009431122550
8700 7448.12072 5.89627 2.92544 2.01552 -0.00000000009492495678
8800 7520.50471 5.85860 2.90897 2.01398 -0.00000000008578560085
8900 7596.38220 5.82975 2.89697 2.01236 -0.00000000007579625816
9000 7685.67765 5.82560 2.89239 2.01411 -0.00000000009648637445
9100 7768.70563 5.79074 2.87343 2.01527 -0.00000000009415845881
9200 7863.83270 5.88536 2.91873 2.01641 -0.00000000008649081451
9300 7937.54367 5.87444 2.91902 2.01247 -0.00000000008045653033
9400 8023.88808 5.86587 2.91696 2.01096 -0.00000000008132783336
9500 8105.86772 5.83963 2.90529 2.01000 -0.00000000007692957382
9600 8174.66969 5.79664 2.88719 2.00771 -0.00000000006163958233
9700 8259.62759 5.77507 2.87893 2.00598 -0.00000000006775024985
9800 8346.03291 5.75772 2.87081 2.00561 -0.00000000006086331439
9900 8434.22572 5.73464 2.85492 2.00869 -0.00000000005655209634
10000 8515.08813 5.72029 2.85003 2.00710 -0.00000000006521272411
10100 8595.14728 5.69599 2.83998 2.00564 -0.00000000006714806489
10200 8671.71752 5.67013 2.83007 2.00353 -0.00000000006929656848
10300 8754.67563 5.64635 2.82085 2.00165 -0.00000000006728040347
10400 8830.07908 5.61538 2.80513 2.00183 -0.00000000008025935472
10500 8912.45201 5.60829 2.80161 2.00181 -0.00000000006894929072
10600 8984.98099 5.58864 2.79156 2.00198 -0.00000000008035527799
10700 9071.10946 5.56898 2.78072 2.00271 -0.00000000008954259556
10800 9152.08475 5.55312 2.77399 2.00185 -0.00000000009217870911
10900 9231.28400 5.53420 2.76659 2.00037 -0.00000000009471445850
11000 9310.28382 5.51235 2.75768 1.99891 -0.00000000009050715732
11100 9391.90018 5.49984 2.75103 1.99919 -0.00000000007708944594
11200 9482.43323 5.51796 2.75898 2.00000 -0.00000000006157563348
11300 9578.25096 5.51862 2.75846 2.00062 -0.00000000005400391245
11400 9663.45880 5.49802 2.74865 2.00026 -0.00000000005064570985
11500 9734.76840 5.48239 2.74298 1.99870 -0.00000000007217515474
11600 9831.60111 5.59215 2.79801 1.99862 -0.00000000006075584480
11700 9918.69924 5.59110 2.79926 1.99735 -0.00000000007265033020
11800 10009.75888 5.58983 2.79824 1.99763 -0.00000000006677680631
11900 10090.82114 5.56901 2.78556 1.99924 -0.00000000008828937581
12000 10165.92349 5.54236 2.77384 1.99808 -0.00000000007909495281
12100 10241.20911 5.51959 2.76379 1.99711 -0.00000000005740297127
12200 10323.12480 5.50707 2.76043 1.99500 -0.00000000005142553050
12300 10401.35287 5.48670 2.75084 1.99455 -0.00000000006845013445
12400 10487.35594 5.47596 2.74506 1.99484 -0.00000000005100719846
12500 10554.12989 5.44288 2.73193 1.99232 -0.00000000004208189353
12600 10635.41476 5.43144 2.72686 1.99183 -0.00000000003303135543
12700 10718.30110 5.41779 2.71960 1.99213 -0.00000000003894040645
12800 10810.11139 5.42690 2.72409 1.99219 -0.00000000004064126813
12900 10901.72571 5.46000 2.73956 1.99302 -0.00000000002991651371
13000 10980.28131 5.43621 2.72818 1.99262 -0.00000000002122302334
13100 11066.34407 5.43849 2.73071 1.99160 -0.00000000001313260611
13200 11148.76991 5.45220 2.73865 1.99083 -0.00000000001282174367
13300 11217.05951 5.42392 2.72600 1.98970 0.00000000001250910486
13400 11291.96879 5.40048 2.71371 1.99007 0.00000000003026467965
13500 11366.37846 5.37670 2.70206 1.98985 0.00000000002535927024
13600 11459.15512 5.38977 2.70792 1.99037 0.00000000001331734722
13700 11545.37284 5.37900 2.70133 1.99124 0.00000000002210587269
13800 11639.57391 5.38957 2.70399 1.99319 0.00000000002820854661
13900 11727.96606 5.39283 2.70507 1.99360 0.00000000002919264830
14000 11822.11902 5.43523 2.72511 1.99450 0.00000000003877165256
14100 11899.33428 5.41595 2.71500 1.99482 0.00000000003042099905
14200 11986.79967 5.40730 2.71263 1.99338 0.00000000002844480207
14300 12065.95920 5.39452 2.70834 1.99182 0.00000000001970512642
14400 12162.15815 5.45679 2.73742 1.99340 0.00000000003809930149
14500 12249.82405 5.49287 2.75594 1.99310 0.00000000004452971325
14600 12334.63113 5.48118 2.75067 1.99267 0.00000000005353317789
14700 12420.36267 5.48675 2.75321 1.99286 0.00000000003507238944
14800 12506.73994 5.47359 2.74738 1.99230 0.00000000005533262737
14900 12579.45362 5.45227 2.73993 1.98993 0.00000000006813039022
15000 12660.76667 5.43639 2.73240 1.98960 0.00000000005560796268
15100 12751.78966 5.44619 2.73660 1.99013 0.00000000005478018039
15200 12835.06344 5.43290 2.73127 1.98914 0.00000000006027178756
15300 12913.77871 5.42264 2.72629 1.98902 0.00000000004663469610
15400 12991.19454 5.40466 2.71804 1.98844 0.00000000003772271384
15500 13065.80902 5.38646 2.70834 1.98884 0.00000000002422506640
15600 13155.22094 5.38285 2.70661 1.98878 0.00000000003510169932
15700 13239.46829 5.39840 2.71337 1.98955 0.00000000005351807886
15800 13316.79093 5.38123 2.70629 1.98842 0.00000000006252776075
15900 13396.27713 5.37699 2.70594 1.98711 0.00000000007691181025
16000 13488.42195 5.38806 2.71157 1.98706 0.00000000006861089474
16100 13575.13251 5.40374 2.71978 1.98683 0.00000000007967226878
16200 13657.06473 5.41028 2.72431 1.98593 0.00000000010425171837
16300 13738.95009 5.39895 2.71883 1.98577 0.00000000010156675501
16400 13820.19120 5.39480 2.71770 1.98506 0.00000000009499956377
16500 13916.56840 5.41328 2.72638 1.98552 0.00000000007869083163
16600 13998.27079 5.40944 2.72590 1.98446 0.00000000005857536678
16700 14088.44701 5.41997 2.73084 1.98473 0.00000000009075584728
16800 14175.02924 5.41877 2.73051 1.98452 0.00000000007444089789
16900 14256.09042 5.40242 2.72207 1.98467 0.00000000009042011584
17000 14344.12487 5.39798 2.71906 1.98524 0.00000000006782663320
17100 14421.95067 5.38270 2.71181 1.98491 0.00000000007030021010
17200 14504.13368 5.37238 2.70601 1.98535 0.00000000007478639930
17300 14594.78830 5.38779 2.71232 1.98642 0.00000000004991207447
17400 14693.05102 5.42877 2.73197 1.98713 0.00000000000204281037
17500 14781.92582 5.42038 2.72741 1.98737 -0.00000000001134381478
17600 14867.07010 5.40668 2.72058 1.98733 -0.00000000000926192456
17700 14956.17402 5.39928 2.71668 1.98746 0.00000000001191580168
17800 15042.38882 5.40309 2.71842 1.98758 0.00000000002754152462
17900 15120.45067 5.38598 2.71078 1.98687 0.00000000001635047653
18000 15214.66412 5.38811 2.71115 1.98739 -0.00000000001907807246
18100 15303.00830 5.39124 2.71195 1.98796 -0.00000000004633715633
18200 15381.41420 5.38067 2.70752 1.98731 0.00000000000856203997
18300 15465.67619 5.37629 2.70492 1.98760 0.00000000003606093202
18400 15548.73826 5.36352 2.69833 1.98772 0.00000000001791455873
18500 15641.06194 5.38378 2.70762 1.98838 0.00000000002936140220
18600 15734.46168 5.41959 2.72386 1.98968 0.00000000004263434050
18700 15809.63852 5.40256 2.71573 1.98936 0.00000000008274980701
18800 15899.17710 5.39830 2.71199 1.99053 0.00000000007249756351
18900 15972.03369 5.38031 2.70267 1.99074 0.00000000007322142892
19000 16058.35393 5.38693 2.70600 1.99074 0.00000000010769074521
19100 16139.67039 5.37545 2.70038 1.99063 0.00000000014149659222
19200 16238.29174 5.41983 2.72118 1.99172 0.00000000011607603767
19300 16321.21965 5.41325 2.71818 1.99150 0.00000000011212719642
19400 16406.31981 5.41267 2.71557 1.99320 0.00000000012686740547
19500 16502.43235 5.43983 2.72929 1.99313 0.00000000012388046144
19600 16585.91230 5.42863 2.72300 1.99362 0.00000000012368239766
19700 16668.18723 5.41496 2.71568 1.99396 0.00000000010470557754
19800 16738.22791 5.39857 2.70886 1.99293 0.00000000010654854776
19900 16831.23061 5.39266 2.70632 1.99261 0.00000000010590639477
20000 16911.29249 5.38498 2.70154 1.99330 0.00000000012072831623
20100 16992.05145 5.37000 2.69452 1.99294 0.00000000011574385894
20200 17079.17701 5.36704 2.69191 1.99376 0.00000000010460077249
20300 17155.60281 5.35222 2.68517 1.99325 0.00000000010909140258
20400 17232.93661 5.33827 2.67747 1.99377 0.00000000010083489599
20500 17315.65201 5.33441 2.67602 1.99341 0.00000000008707967680
20600 17412.11660 5.33872 2.67813 1.99345 0.00000000006013767262
20700 17488.75533 5.33807 2.67628 1.99459 0.00000000007649081368
20800 17581.71757 5.36262 2.68809 1.99495 0.00000000006290701293
20900 17673.72358 5.36543 2.68908 1.99526 0.00000000004598543768
21000 17752.20311 5.35091 2.68203 1.99510 0.00000000007898215415
21100 17841.87569 5.35693 2.68400 1.99588 0.00000000005566036521
21200 17929.25988 5.35283 2.68300 1.99509 0.00000000004742783943
21300 18023.12231 5.35387 2.68368 1.99498 0.00000000001742517242
21400 18104.58873 5.34194 2.67836 1.99449 0.00000000001136069017
21500 18193.57741 5.34058 2.67839 1.99395 0.00000000001905586799
21600 18276.44008 5.33052 2.67331 1.99398 0.00000000005385203394
21700 18355.40137 5.31804 2.66645 1.99442 0.00000000002166000712
21800 18447.40649 5.32745 2.67102 1.99454 0.00000000003296829476
21900 18541.16493 5.32602 2.66923 1.99534 0.00000000004574829404
22000 18627.01261 5.32460 2.66861 1.99527 0.00000000004902211970
22100 18701.68028 5.31406 2.66384 1.99489 0.00000000005069367148
22200 18798.10255 5.33638 2.67439 1.99536 0.00000000007408296199
22300 18885.82702 5.33382 2.67290 1.99552 0.00000000005341060927
22400 18977.04593 5.34058 2.67609 1.99567 0.00000000006918376982
22500 19057.28486 5.34053 2.67639 1.99542 0.00000000009352163488
22600 19131.37895 5.32776 2.67038 1.99513 0.00000000009933032175
22700 19210.42552 5.32096 2.66718 1.99498 0.00000000013264944698
22800 19290.91235 5.31034 2.66206 1.99482 0.00000000013289813694
22900 19386.11439 5.31606 2.66396 1.99555 0.00000000013518075548
23000 19469.21373 5.31372 2.66259 1.99570 0.00000000014992984632
23100 19543.54656 5.30274 2.65793 1.99506 0.00000000014327827813
23200 19626.96827 5.30166 2.65713 1.99526 0.00000000013683809641
23300 19709.72758 5.29719 2.65492 1.99524 0.00000000010614442658
23400 19790.10085 5.28940 2.65093 1.99530 0.00000000016176038287
23500 19873.62920 5.27776 2.64597 1.99464 0.00000000021022827923
23600 19973.49101 5.31994 2.66528 1.99602 0.00000000023274271399
23700 20061.74553 5.33969 2.67453 1.99650 0.00000000018323031981
23800 20151.85918 5.34185 2.67576 1.99639 0.00000000019252333061
23900 20228.36370 5.33375 2.67264 1.99569 0.00000000020934365352
24000 20304.34781 5.32190 2.66767 1.99496 0.00000000021486457058
24100 20394.28645 5.32033 2.66686 1.99498 0.00000000021570922826
24200 20482.34306 5.33829 2.67600 1.99488 0.00000000019829116127
24300 20569.72212 5.34503 2.67985 1.99453 0.00000000024190516257
24400 20662.37574 5.37304 2.69248 1.99557 0.00000000026251267826
24500 20757.38988 5.39000 2.69913 1.99694 0.00000000026157565003
24600 20847.58043 5.40776 2.70823 1.99679 0.00000000027218760579
24700 20936.26980 5.40815 2.70819 1.99696 0.00000000027686652970
24800 21034.13288 5.43384 2.72120 1.99685 0.00000000028169644395
24900 21112.30980 5.42141 2.71583 1.99622 0.00000000030178615162
25000 21196.69005 5.41321 2.71078 1.99692 0.00000000033442404401
25100 21272.59859 5.40156 2.70579 1.99629 0.00000000031303581949
25200 21371.55500 5.41299 2.70961 1.99770 0.00000000030939517615
25300 21461.24413 5.42362 2.71578 1.99708 0.00000000029302427151
25400 21560.34287 5.43449 2.71933 1.99846 0.00000000027784796686
25500 21660.50550 5.49961 2.75158 1.99871 0.00000000025006752224
25600 21755.73279 5.50528 2.75361 1.99930 0.00000000023603963228
25700 21835.77884 5.49422 2.74839 1.99907 0.00000000021510881965
25800 21933.37397 5.50862 2.75484 1.99961 0.00000000023040769292
25900 22033.86473 5.56801 2.78288 2.00081 0.00000000026138113896
26000 22130.92404 5.62938 2.81334 2.00096 0.00000000023272228589
26100 22214.07708 5.62034 2.80910 2.00077 0.00000000023750157396
26200 22287.97727 5.60882 2.80457 1.99989 0.00000000021932411443
26300 22377.74989 5.60876 2.80475 1.99973 0.00000000021379342741
26400 22470.70231 5.61027 2.80455 2.00042 0.00000000020400214851
26500 22551.88729 5.60603 2.80286 2.00011 0.00000000024398971732
26600 22639.86315 5.60337 2.80148 2.00015 0.00000000025350832544
26700 22730.29484 5.61815 2.80760 2.00105 0.00000000029467273066
26800 22827.81031 5.62261 2.80931 2.00142 0.00000000028315927381
26900 22917.16906 5.61620 2.80565 2.00175 0.00000000027304025707
27000 22997.45066 5.60492 2.80054 2.00137 0.00000000026296387290
27100 23083.22976 5.60364 2.79986 2.00140 0.00000000029499247489
27200 23165.14441 5.59211 2.79467 2.00099 0.00000000029699709359
27300 23247.00116 5.58147 2.78992 2.00059 0.00000000029612934327
27400 23329.15885 5.57392 2.78609 2.00062 0.00000000028280311426
27500 23405.14946 5.56371 2.78125 2.00044 0.00000000027251711998
27600 23494.77717 5.56461 2.78205 2.00018 0.00000000026679991549
27700 23572.12050 5.55731 2.77885 1.99986 0.00000000026140778431
27800 23662.95279 5.55706 2.77888 1.99975 0.00000000024889512673
27900 23755.64014 5.55728 2.77844 2.00014 0.00000000026610091908
28000 23842.24144 5.55098 2.77549 2.00000 0.00000000031080915619
28100 23939.44797 5.55356 2.77609 2.00050 0.00000000030074431834
28200 24032.63789 5.56158 2.77956 2.00089 0.00000000032524027915
28300 24123.13606 5.55648 2.77633 2.00138 0.00000000031761970831
28400 24192.20334 5.54475 2.77154 2.00060 0.00000000032943248129
28500 24274.00105 5.53538 2.76778 1.99993 0.00000000030482638635
28600 24357.78491 5.53605 2.76817 1.99990 0.00000000032178792964
28700 24453.13319 5.54063 2.77017 2.00010 0.00000000034278979655
28800 24539.27925 5.53657 2.76886 1.99958 0.00000000038447289796
28900 24628.45986 5.53441 2.76787 1.99952 0.00000000038642422595
29000 24697.37736 5.52192 2.76253 1.99886 0.00000000033748914774
29100 24768.58893 5.51325 2.75933 1.99804 0.00000000031016522684
29200 24852.19522 5.51041 2.75686 1.99880 0.00000000026714186419
29300 24935.87101 5.50340 2.75311 1.99898 0.00000000033177816050
29400 25023.64367 5.49898 2.75043 1.99932 0.00000000028459457013
29500 25096.54753 5.48717 2.74563 1.99851 0.00000000025975666063
29600 25171.78812 5.47977 2.74215 1.99834 0.00000000024017321465
29700 25255.85949 5.47112 2.73823 1.99805 0.00000000024157920109
29800 25338.57839 5.46135 2.73306 1.99826 0.00000000024307222901
29900 25420.41281 5.45311 2.72966 1.99773 0.00000000028894309168
30000 25510.20728 5.45785 2.73175 1.99793 0.00000000028150104470
30100 25590.64743 5.44840 2.72773 1.99741 0.00000000023778934377
30200 25666.24666 5.43894 2.72385 1.99679 0.00000000023558222040
30300 25746.34776 5.43377 2.72137 1.99670 0.00000000023103563507
30400 25831.07649 5.42734 2.71832 1.99658 0.00000000026432722677
30500 25932.24300 5.44982 2.72880 1.99715 0.00000000024179946934
30600 26022.03290 5.45454 2.73164 1.99680 0.00000000024312374336
30700 26101.96157 5.44571 2.72730 1.99674 0.00000000025071589249
30800 26191.17426 5.44583 2.72672 1.99721 0.00000000021758062019
30900 26265.30454 5.43584 2.72250 1.99663 0.00000000022010038236
31000 26348.10996 5.43629 2.72298 1.99645 0.00000000025226754019
31100 26416.03380 5.42510 2.71823 1.99582 0.00000000024607782478
31200 26502.09506 5.42402 2.71771 1.99580 0.00000000024431656698
31300 26588.49864 5.42017 2.71555 1.99597 0.00000000022557511414
31400 26686.75712 5.45832 2.73356 1.99678 0.00000000018711698857
31500 26758.37888 5.44865 2.72961 1.99613 0.00000000017219559112
31600 26842.23111 5.44101 2.72667 1.99547 0.00000000013134826560
31700 26934.87421 5.46125 2.73585 1.99618 0.00000000013354650719
31800 27018.89527 5.46254 2.73712 1.99572 0.00000000016232526434
31900 27107.43380 5.46145 2.73617 1.99602 0.00000000019445511867
32000 27194.29976 5.46892 2.74007 1.99591 0.00000000017435652921
32100 27280.30536 5.46401 2.73802 1.99561 0.00000000019515855598
32200 27370.31545 5.47496 2.74345 1.99565 0.00000000019075319102
32300 27455.78013 5.47131 2.74087 1.99619 0.00000000020902568565
32400 27537.45873 5.47315 2.74309 1.99525 0.00000000022003199263
32500 27624.29727 5.46551 2.73983 1.99483 0.00000000022019186474
32600 27702.13995 5.45715 2.73659 1.99414 0.00000000020142998380
32700 27783.16518 5.45057 2.73360 1.99391 0.00000000020003465551
32800 27879.43937 5.45580 2.73620 1.99393 0.00000000017682921793
32900 27960.71126 5.45112 2.73474 1.99328 0.00000000014378809254
33000 28038.01687 5.44457 2.73097 1.99364 0.00000000006069811320
33100 28117.27333 5.43633 2.72678 1.99369 -0.00000000000881072992
33200 28203.88143 5.43660 2.72701 1.99361 -0.00000000007813216740
33300 28279.76061 5.43361 2.72581 1.99339 -0.00000000012448531095
33400 28366.33386 5.43170 2.72397 1.99404 -0.00000000016672352388
33500 28444.35140 5.42472 2.72060 1.99394 -0.00000000019333690204
33600 28537.93221 5.43531 2.72577 1.99405 -0.00000000019814461183
33700 28621.72022 5.43398 2.72520 1.99398 -0.00000000019485568714
33800 28701.26020 5.43122 2.72347 1.99423 -0.00000000023288215800
33900 28800.22237 5.44869 2.73168 1.99463 -0.00000000019911805538
34000 28886.44988 5.45716 2.73485 1.99541 -0.00000000021133494954
34100 28985.77789 5.48936 2.75065 1.99566 -0.00000000021511858961
34200 29079.32952 5.50101 2.75635 1.99576 -0.00000000018158008430
34300 29150.76448 5.49208 2.75254 1.99528 -0.00000000024336266335
34400 29237.25074 5.49496 2.75481 1.99468 -0.00000000026834534594
34500 29328.73526 5.49275 2.75380 1.99461 -0.00000000022732837834
34600 29413.87105 5.48543 2.74991 1.99477 -0.00000000016535306457
34700 29511.73708 5.52591 2.76926 1.99545 -0.00000000014215917332
34800 29596.55937 5.52776 2.77037 1.99532 -0.00000000015413537113
34900 29683.14534 5.52652 2.76874 1.99605 -0.00000000013487166939
35000 29767.17824 5.52503 2.76797 1.99606 -0.00000000010207035217
35100 29859.21916 5.53915 2.77459 1.99638 -0.00000000005896438893
35200 29942.85649 5.53570 2.77301 1.99628 -0.00000000007602718455
35300 30020.14722 5.52901 2.76992 1.99609 -0.00000000013423484546
35400 30104.30754 5.52850 2.76949 1.99621 -0.00000000009079226260
35500 30189.65448 5.52206 2.76629 1.99620 -0.00000000007987210893
35600 30278.93607 5.52070 2.76594 1.99596 -0.00000000006722089552
35700 30353.82852 5.51280 2.76321 1.99507 -0.00000000009536815782
35800 30433.61166 5.50730 2.76055 1.99500 -0.00000000008215739200
35900 30533.76126 5.55696 2.78441 1.99574 -0.00000000007864286999
36000 30619.71095 5.55495 2.78420 1.99517 -0.00000000011647127707
36100 30697.40513 5.54711 2.78083 1.99476 -0.00000000003995914710
36200 30779.04535 5.54289 2.77897 1.99459 -0.00000000001748556855
36300 30860.49362 5.53657 2.77597 1.99446 0.00000000000676436684
36400 30951.29763 5.54819 2.78078 1.99519 -0.00000000001730793286
36500 31035.61545 5.54282 2.77815 1.99515 -0.00000000006437872457
36600 31125.69098 5.54225 2.77769 1.99527 -0.00000000003386091407
36700 31214.09104 5.54570 2.77879 1.99572 0.00000000000198330241
36800 31302.05113 5.55442 2.78281 1.99598 -0.00000000001662403548
36900 31386.24429 5.55519 2.78348 1.99577 -0.00000000009574563364
37000 31474.27962 5.55545 2.78329 1.99600 -0.00000000004408740040
37100 31558.49033 5.55102 2.78140 1.99577 -0.00000000001278710471
37200 31647.61856 5.56240 2.78682 1.99597 -0.00000000002740563332
37300 31724.70448 5.55322 2.78236 1.99587 -0.00000000002336264515
37400 31802.93884 5.54699 2.77974 1.99551 -0.00000000009797940237
37500 31901.54219 5.55485 2.78355 1.99560 -0.00000000004383515773
37600 31983.27135 5.54862 2.78119 1.99505 -0.00000000006073186398
37700 32076.69491 5.55656 2.78493 1.99523 -0.00000000005299582995
37800 32151.46422 5.55066 2.78251 1.99484 -0.00000000010053557986
37900 32231.16539 5.54619 2.78124 1.99414 -0.00000000008899991855
38000 32306.41489 5.53754 2.77743 1.99376 -0.00000000008568346033
38100 32388.40842 5.53854 2.77809 1.99365 -0.00000000012678036398
38200 32474.39662 5.54053 2.77951 1.99335 -0.00000000014821299743
38300 32559.71825 5.54361 2.78048 1.99376 -0.00000000013140155630
38400 32648.47357 5.57312 2.79402 1.99466 -0.00000000012579892683
38500 32748.16784 5.63988 2.82739 1.99473 -0.00000000012951240080
38600 32844.39337 5.64994 2.83220 1.99490 -0.00000000010440892595
38700 32939.03210 5.66362 2.83911 1.99486 -0.00000000007284128856
38800 33020.79660 5.65809 2.83610 1.99503 -0.00000000009202238971
38900 33093.58445 5.64979 2.83210 1.99491 -0.00000000010799006134
39000 33186.00819 5.64623 2.82954 1.99546 -0.00000000006912070916
39100 33264.79014 5.65026 2.83179 1.99529 -0.00000000005030820205
39200 33354.59653 5.65282 2.83277 1.99551 -0.00000000001576250241
39300 33438.49451 5.64969 2.83144 1.99534 -0.00000000000117506005
39400 33514.41575 5.64284 2.82824 1.99518 0.00000000001549960160
39500 33604.51431 5.63695 2.82488 1.99547 0.00000000004736655512
39600 33682.24368 5.63237 2.82335 1.99492 0.00000000001242028702
39700 33772.04403 5.64180 2.82810 1.99491 0.00000000001590105825
39800 33855.53746 5.63623 2.82529 1.99492 -0.00000000000398259203
39900 33935.55950 5.62984 2.82274 1.99446 -0.00000000001084110579
40000 34026.61079 5.62950 2.82255 1.99447 -0.00000000001027089525
40100 34109.84817 5.62405 2.81951 1.99469 -0.00000000004542854981
40200 34203.55969 5.64992 2.83215 1.99493 -0.00000000003433964224
40300 34291.65388 5.64892 2.83215 1.99457 0.00000000001434319330
40400 34387.54158 5.65003 2.83244 1.99475 -0.00000000000813571432
40500 34471.90895 5.64761 2.83167 1.99444 -0.00000000005561684446
40600 34557.63585 5.64800 2.83188 1.99443 -0.00000000008548184383
40700 34639.13592 5.64371 2.82988 1.99432 -0.00000000007408473834
40800 34713.57702 5.64349 2.83028 1.99397 -0.00000000009154632608
40900 34789.43025 5.64376 2.83088 1.99364 -0.00000000009848211135
41000 34889.20883 5.68423 2.85032 1.99424 -0.00000000007746070452
41100 34983.77334 5.70605 2.86114 1.99433 -0.00000000011573852987
41200 35071.61277 5.70440 2.86077 1.99400 -0.00000000006702371991
41300 35158.18956 5.70341 2.86060 1.99378 -0.00000000013286260980
41400 35247.91350 5.70549 2.86117 1.99411 -0.00000000013219825235
41500 35344.08934 5.71232 2.86423 1.99436 -0.00000000013074874516
41600 35423.99269 5.70972 2.86278 1.99447 -0.00000000012171863517
41700 35520.20284 5.72495 2.86991 1.99482 -0.00000000015251622187
41800 35619.44701 5.77040 2.89226 1.99512 -0.00000000017558399179
41900 35709.52050 5.77096 2.89263 1.99506 -0.00000000017602808100
42000 35807.94331 5.77391 2.89398 1.99514 -0.00000000017109247352
42100 35897.17247 5.77114 2.89275 1.99504 -0.00000000017239187855
42200 35973.91034 5.76519 2.88972 1.99507 -0.00000000017329870872
42300 36051.12377 5.75849 2.88692 1.99468 -0.00000000016327472707
42400 36137.07354 5.75506 2.88488 1.99491 -0.00000000015786216778
42500 36226.48470 5.75887 2.88701 1.99475 -0.00000000019186074951
42600 36303.20067 5.75122 2.88349 1.99453 -0.00000000023631141488
42700 36394.41105 5.75166 2.88336 1.99478 -0.00000000021538770767
42800 36464.69621 5.74251 2.87947 1.99430 -0.00000000021867929689
42900 36539.19317 5.73523 2.87654 1.99380 -0.00000000021641266557
43000 36617.60612 5.73479 2.87676 1.99349 -0.00000000017117773865
43100 36696.20501 5.73062 2.87448 1.99362 -0.00000000018686030501
43200 36774.08268 5.72757 2.87366 1.99313 -0.00000000015890400107
43300 36854.34161 5.72292 2.87094 1.99339 -0.00000000016364687383
43400 36943.79289 5.72632 2.87216 1.99373 -0.00000000023950352812
43500 37024.87222 5.71930 2.86859 1.99377 -0.00000000025311486240
43600 37111.41039 5.71707 2.86728 1.99390 -0.00000000023960478046
43700 37199.31061 5.71819 2.86684 1.99460 -0.00000000025659296909
43800 37282.68228 5.71333 2.86432 1.99466 -0.00000000023553603512
43900 37369.21488 5.71233 2.86347 1.99490 -0.00000000023958079964
44000 37461.54260 5.71098 2.86288 1.99484 -0.00000000020648283083
44100 37543.10201 5.70840 2.86189 1.99463 -0.00000000025289281780
44200 37625.93523 5.70406 2.85957 1.99473 -0.00000000028220625836
44300 37692.69475 5.69784 2.85737 1.99409 -0.00000000030570745935
44400 37788.34374 5.70561 2.86128 1.99408 -0.00000000028522784135
44500 37879.78818 5.70982 2.86279 1.99449 -0.00000000024822632838
44600 37955.14777 5.70190 2.85887 1.99446 -0.00000000023954171979
44700 38034.28589 5.69438 2.85546 1.99421 -0.00000000024553870048
44800 38110.50253 5.68678 2.85167 1.99420 -0.00000000023883828248
44900 38186.89372 5.68476 2.85057 1.99425 -0.00000000022362645069
45000 38280.34765 5.71501 2.86479 1.99491 -0.00000000017717027845
45100 38366.57341 5.71179 2.86310 1.99497 -0.00000000015567547251
45200 38466.50131 5.74984 2.88158 1.99538 -0.00000000015015544363
45300 38566.37992 5.77548 2.89388 1.99576 -0.00000000011122391896
45400 38640.41977 5.76825 2.89072 1.99544 -0.00000000009586020866
45500 38728.31200 5.76369 2.88800 1.99574 -0.00000000011332712546
45600 38808.55023 5.75815 2.88547 1.99557 -0.00000000013734791082
45700 38886.40505 5.75326 2.88354 1.99521 -0.00000000013808865162
45800 38977.44407 5.75352 2.88397 1.99500 -0.00000000013562395651
45900 39074.23168 5.76362 2.88880 1.99516 -0.00000000011100809161
46000 39168.90884 5.77705 2.89513 1.99543 -0.00000000009943601498
46100 39261.85135 5.77923 2.89665 1.99514 -0.00000000008913048077
46200 39347.73857 5.77969 2.89633 1.99552 -0.00000000010427925190
46300 39430.45474 5.77537 2.89418 1.99551 -0.00000000012737544353
46400 39529.14383 5.77769 2.89452 1.99608 -0.00000000018580514904
46500 39625.78091 5.78427 2.89687 1.99673 -0.00000000030388935812
46600 39720.32551 5.79385 2.90116 1.99708 -0.00000000042914916065
46700 39794.13665 5.78984 2.89980 1.99664 -0.00000000043508752157
46800 39882.93796 5.78808 2.89903 1.99656 -0.00000000039482106473
46900 39962.29655 5.78400 2.89713 1.99646 -0.00000000033410785250
47000 40039.37637 5.77732 2.89423 1.99615 -0.00000000025772362022
47100 40122.14934 5.77765 2.89460 1.99601 -0.00000000022641621911
47200 40204.69312 5.77275 2.89219 1.99597 -0.00000000024876900540
47300 40283.52544 5.76819 2.88993 1.99596 -0.00000000019672175000
47400 40378.74304 5.78178 2.89618 1.99635 -0.00000000014477041788
47500 40477.64691 5.78558 2.89810 1.99634 -0.00000000014597567599
47600 40560.89951 5.78013 2.89551 1.99624 -0.00000000006608846803
47700 40644.10103 5.77269 2.89174 1.99627 0.00000000002824673828
47800 40727.74557 5.77124 2.89058 1.99657 0.00000000002076383510
47900 40811.61029 5.76724 2.88805 1.99693 0.00000000002083044848
48000 40903.75597 5.76673 2.88794 1.99683 -0.00000000005531397562
48100 40998.79174 5.76922 2.88894 1.99701 0.00000000000762678809
48200 41079.54843 5.76287 2.88580 1.99697 0.00000000009921574673
48300 41163.62625 5.76048 2.88427 1.99720 0.00000000014114842628
48400 41245.00195 5.75750 2.88322 1.99690 0.00000000006219647020
48500 41342.28041 5.77039 2.88981 1.99680 0.00000000010693845809
48600 41427.48697 5.76820 2.88829 1.99710 0.00000000001511857306
48700 41502.05151 5.76205 2.88562 1.99682 -0.00000000000295674596
48800 41596.28694 5.76397 2.88609 1.99715 0.00000000003696776218
48900 41663.18786 5.75619 2.88325 1.99642 0.00000000008382450289
49000 41755.62458 5.76783 2.88848 1.99684 0.00000000005744471565
49100 41836.56724 5.76361 2.88695 1.99644 0.00000000013628476125
49200 41920.37449 5.76025 2.88549 1.99628 0.00000000022068569194
49300 42003.13216 5.75712 2.88368 1.99645 0.00000000028266544660
49400 42083.57345 5.75209 2.88115 1.99646 0.00000000030918734240
49500 42161.87592 5.74539 2.87837 1.99606 0.00000000034080915867
49600 42241.49413 5.73970 2.87530 1.99621 0.00000000031422331404
49700 42319.36029 5.73296 2.87208 1.99610 0.00000000028430591215
49800 42397.80230 5.72876 2.86991 1.99614 0.00000000033429525814
49900 42492.87215 5.72971 2.86980 1.99655 0.00000000032476776823
50000 42585.50949 5.73399 2.87182 1.99664 0.00000000035492586647
50100 42664.28748 5.72963 2.86988 1.99647 0.00000000031122660005
50200 42751.38353 5.72816 2.86905 1.99653 0.00000000025940227744
50300 42834.65674 5.72550 2.86774 1.99652 0.00000000018058976536
50400 42925.87978 5.72682 2.86807 1.99675 0.00000000020206680773
50500 43006.13421 5.72466 2.86662 1.99701 0.00000000015875478709
50600 43103.88701 5.75241 2.88008 1.99731 0.00000000009619594010
50700 43201.90546 5.76950 2.88879 1.99720 0.00000000009104272891
50800 43284.58394 5.76499 2.88650 1.99722 0.00000000012423484463
50900 43361.93148 5.75993 2.88399 1.99721 0.00000000014967316275
51000 43458.73676 5.76113 2.88450 1.99727 0.00000000010705036857
51100 43534.43370 5.75553 2.88216 1.99695 0.00000000011944489842
51200 43611.44900 5.75092 2.88027 1.99666 0.00000000007307843219
51300 43699.00661 5.74845 2.87913 1.99659 -0.00000000006227285354
51400 43774.77355 5.74349 2.87647 1.99671 -0.00000000001450839449
51500 43868.51138 5.74692 2.87830 1.99664 -0.00000000002346300931
51600 43951.39065 5.74227 2.87590 1.99669 -0.00000000008729639234
51700 44039.98064 5.75182 2.88115 1.99636 -0.00000000017882229031
51800 44108.06588 5.74515 2.87877 1.99569 -0.00000000022907808983
51900 44198.89236 5.74283 2.87785 1.99553 -0.00000000029353408593
52000 44273.70799 5.73600 2.87433 1.99560 -0.00000000026075230863
52100 44359.28711 5.73475 2.87339 1.99582 -0.00000000025710544804
52200 44444.14306 5.73310 2.87257 1.99580 -0.00000000027507240929
52300 44531.00033 5.73233 2.87188 1.99602 -0.00000000027540192349
52400 44615.21584 5.73602 2.87427 1.99565 -0.00000000021813306716
52500 44694.40467 5.73496 2.87416 1.99535 -0.00000000023821211670
52600 44775.17586 5.73166 2.87331 1.99479 -0.00000000021441337594
52700 44868.57881 5.73744 2.87581 1.99507 -0.00000000023288659889
52800 44952.94936 5.73254 2.87302 1.99530 -0.00000000024112623009
52900 45044.75746 5.73892 2.87642 1.99516 -0.00000000024688784350
53000 45133.51970 5.73831 2.87591 1.99530 -0.00000000023762769530
53100 45209.33519 5.73497 2.87442 1.99518 -0.00000000017271606367
53200 45294.33636 5.73057 2.87255 1.99494 -0.00000000015399592712
53300 45375.63700 5.72517 2.87028 1.99463 -0.00000000015589307623
53400 45462.13915 5.72500 2.87019 1.99464 -0.00000000009337863816
53500 45558.55582 5.73261 2.87372 1.99484 -0.00000000015502443773
53600 45647.98755 5.73320 2.87368 1.99507 -0.00000000017637979965
53700 45729.66480 5.72938 2.87170 1.99512 -0.00000000019252333061
53800 45825.32511 5.73592 2.87453 1.99543 -0.00000000023127988413
53900 45912.46612 5.73450 2.87400 1.99531 -0.00000000018506440824
54000 46000.08474 5.73116 2.87236 1.99528 -0.00000000014917578284
54100 46085.96330 5.72622 2.86958 1.99549 -0.00000000009432010728
54200 46166.53624 5.72356 2.86858 1.99526 -0.00000000006865974456
54300 46258.94182 5.73025 2.87137 1.99565 -0.00000000008996181577
54400 46346.23911 5.73130 2.87185 1.99568 -0.00000000010400391659
54500 46433.87389 5.72824 2.86973 1.99609 -0.00000000009024336833
54600 46498.77878 5.72099 2.86627 1.99597 -0.00000000005206679532
54700 46580.43880 5.71838 2.86542 1.99565 -0.00000000008879119662
54800 46669.60747 5.71956 2.86632 1.99544 -0.00000000021536994410
54900 46763.48309 5.72230 2.86752 1.99556 -0.00000000021796342509
55000 46841.40106 5.71741 2.86527 1.99542 -0.00000000021012347418
55100 46921.31102 5.71291 2.86295 1.99546 -0.00000000017425527687
55200 47019.95271 5.72213 2.86704 1.99583 -0.00000000017392931539
55300 47105.18742 5.71993 2.86554 1.99611 -0.00000000020050094918
55400 47187.97486 5.71644 2.86409 1.99590 -0.00000000020131807332
55500 47264.49725 5.71492 2.86368 1.99566 -0.00000000013067058546
55600 47351.89619 5.71478 2.86352 1.99572 -0.00000000012704415298
55700 47425.57287 5.70800 2.86065 1.99535 -0.00000000019477752744
55800 47514.95953 5.71008 2.86176 1.99530 -0.00000000020077983720
55900 47590.19811 5.70486 2.85956 1.99501 -0.00000000032843772146
56000 47686.86179 5.71508 2.86457 1.99509 -0.00000000031261659927
56100 47779.05730 5.71590 2.86477 1.99524 -0.00000000033149127887
56200 47866.35906 5.71165 2.86260 1.99527 -0.00000000036728753372
56300 47960.17922 5.71031 2.86125 1.99574 -0.00000000035598635151
56400 48055.01509 5.71945 2.86549 1.99598 -0.00000000040220626829
56500 48140.72809 5.71479 2.86289 1.99616 -0.00000000040458303374
56600 48218.81905 5.71075 2.86114 1.99597 -0.00000000039096192950
56700 48302.60125 5.70656 2.85926 1.99582 -0.00000000046840753498
56800 48376.71679 5.70121 2.85674 1.99570 -0.00000000050235371418
56900 48451.92881 5.69506 2.85393 1.99552 -0.00000000050093618142
57000 48547.84602 5.70427 2.85805 1.99586 -0.00000000042582204429
57100 48628.29231 5.70361 2.85766 1.99590 -0.00000000041235370674
57200 48708.10712 5.69893 2.85518 1.99600 -0.00000000046155879119
57300 48800.95049 5.70316 2.85682 1.99634 -0.00000000040683101332
57400 48897.21087 5.71925 2.86449 1.99660 -0.00000000043587444765
57500 48989.98967 5.72073 2.86542 1.99647 -0.00000000043332626376
57600 49072.23805 5.71601 2.86305 1.99648 -0.00000000046131276576
57700 49149.06257 5.71015 2.86050 1.99620 -0.00000000049180393091
57800 49226.69434 5.70552 2.85833 1.99611 -0.00000000055110049857
57900 49304.80732 5.70127 2.85643 1.99594 -0.00000000056930282710
58000 49390.54241 5.69909 2.85523 1.99602 -0.00000000056409898974
58100 49482.93987 5.70594 2.85855 1.99609 -0.00000000056050897257
58200 49568.34604 5.70705 2.85927 1.99598 -0.00000000051862958372
58300 49657.11381 5.70836 2.85948 1.99630 -0.00000000046499870621
58400 49734.99292 5.70199 2.85654 1.99611 -0.00000000052746251811
58500 49824.52167 5.70703 2.85904 1.99614 -0.00000000047997872343
58600 49910.11643 5.70682 2.85912 1.99601 -0.00000000046766501782
58700 50006.53428 5.72337 2.86715 1.99618 -0.00000000048096104877
58800 50084.68952 5.71783 2.86469 1.99597 -0.00000000049150195025
58900 50165.36743 5.71423 2.86331 1.99567 -0.00000000048165649247
59000 50235.51852 5.70767 2.86101 1.99498 -0.00000000051382009758
59100 50323.64811 5.70496 2.85962 1.99501 -0.00000000042997871930
59200 50397.52516 5.70164 2.85843 1.99468 -0.00000000041058623168
59300 50481.46402 5.69900 2.85731 1.99454 -0.00000000030529534456
59400 50556.90235 5.69305 2.85491 1.99412 -0.00000000028488855719
59500 50654.75838 5.69431 2.85548 1.99417 -0.00000000026938895559
59600 50744.56800 5.69784 2.85673 1.99453 -0.00000000027357405230
59700 50833.82096 5.71018 2.86300 1.99447 -0.00000000020195578543
59800 50923.86267 5.70957 2.86237 1.99470 -0.00000000027244251299
59900 50999.98152 5.70559 2.86039 1.99469 -0.00000000031423752489
60000 51075.12708 5.69954 2.85741 1.99465 -0.00000000024530688592
60100 51172.91132 5.71754 2.86578 1.99511 -0.00000000029054447737
60200 51261.80019 5.71553 2.86490 1.99502 -0.00000000039991387979
60300 51333.57301 5.71007 2.86285 1.99454 -0.00000000045869263943
60400 51411.43183 5.70529 2.86093 1.99421 -0.00000000039098768667
60500 51496.99264 5.70362 2.85987 1.99436 -0.00000000038882408404
60600 51582.25816 5.70542 2.86059 1.99449 -0.00000000037416558740
60700 51680.45361 5.71779 2.86669 1.99456 -0.00000000037301983724
60800 51757.98987 5.71290 2.86411 1.99465 -0.00000000036947067628
60900 51842.70072 5.71000 2.86261 1.99468 -0.00000000028705571253
61000 51924.42599 5.70753 2.86132 1.99472 -0.00000000032499691827
61100 52010.41822 5.70450 2.85929 1.99507 -0.00000000026910029760
61200 52107.32659 5.71315 2.86312 1.99542 -0.00000000024580426583
61300 52192.55162 5.71631 2.86507 1.99517 -0.00000000026609914272
61400 52259.40360 5.70946 2.86188 1.99500 -0.00000000022577673064
61500 52341.30076 5.70510 2.85999 1.99480 -0.00000000024067414728
61600 52426.27653 5.70200 2.85829 1.99490 -0.00000000016428636229
61700 52512.04362 5.70377 2.85893 1.99507 -0.00000000011557510504
61800 52595.56219 5.70103 2.85761 1.99503 -0.00000000010603340428
61900 52686.04302 5.70114 2.85724 1.99533 -0.00000000016488943544
62000 52773.75646 5.69843 2.85580 1.99539 -0.00000000020382451282
62100 52856.83066 5.69667 2.85500 1.99533 -0.00000000027579716289
62200 52957.44128 5.70801 2.86014 1.99571 -0.00000000030626257086
62300 53057.23730 5.71814 2.86505 1.99583 -0.00000000029328006690
62400 53143.33635 5.71927 2.86579 1.99571 -0.00000000024040325286
62500 53218.67872 5.71274 2.86253 1.99570 -0.00000000020258994482
62600 53311.42452 5.72388 2.86808 1.99572 -0.00000000017212453685
62700 53385.56741 5.71968 2.86601 1.99569 -0.00000000014188739073
62800 53485.73136 5.73224 2.87241 1.99562 -0.00000000014382806057
62900 53578.55921 5.73534 2.87381 1.99572 -0.00000000015267076492
63000 53660.84673 5.73349 2.87338 1.99538 -0.00000000016263612679
63100 53742.33312 5.72903 2.87104 1.99545 -0.00000000022774759856
63200 53822.99422 5.72786 2.87061 1.99535 -0.00000000026921931351
63300 53898.59974 5.72271 2.86808 1.99531 -0.00000000022021673374
63400 53972.37926 5.71749 2.86571 1.99514 -0.00000000023913404590
63500 54060.87251 5.71758 2.86558 1.99526 -0.00000000026740298864
63600 54155.33656 5.71664 2.86503 1.99531 -0.00000000028146462938
63700 54232.32035 5.71303 2.86321 1.99532 -0.00000000028086866166
63800 54318.40420 5.71173 2.86264 1.99527 -0.00000000021149926255
63900 54407.04493 5.70878 2.86109 1.99532 -0.00000000017763035487
64000 54502.87247 5.71572 2.86386 1.99581 -0.00000000019431745102
64100 54582.55349 5.71107 2.86179 1.99563 -0.00000000018335377661
64200 54674.82029 5.71173 2.86168 1.99593 -0.00000000022918378306
64300 54745.24852 5.70507 2.85918 1.99535 -0.00000000024337598603
64400 54827.66066 5.70185 2.85796 1.99508 -0.00000000029889157815
64500 54910.54119 5.69779 2.85607 1.99498 -0.00000000036186431629
64600 54998.02075 5.69390 2.85433 1.99483 -0.00000000040124881195
64700 55069.81215 5.68915 2.85225 1.99462 -0.00000000039564085341
64800 55143.14759 5.68421 2.85044 1.99415 -0.00000000034404390448
64900 55234.53763 5.69080 2.85351 1.99431 -0.00000000042909320541
65000 55323.59096 5.69003 2.85292 1.99446 -0.00000000046681503107
65100 55417.53692 5.69418 2.85448 1.99482 -0.00000000049730886076
65200 55493.43866 5.68930 2.85211 1.99477 -0.00000000052617110669
65300 55571.06876 5.68370 2.84940 1.99470 -0.00000000055848747849
65400 55655.53471 5.68281 2.84905 1.99463 -0.00000000052819615348
65500 55743.09023 5.68082 2.84813 1.99458 -0.00000000053559112700
65600 55840.34447 5.69348 2.85416 1.99480 -0.00000000048723336477
65700 55929.18908 5.69083 2.85271 1.99489 -0.00000000064282001944
65800 56012.17117 5.68741 2.85081 1.99502 -0.00000000069529360047
65900 56090.81251 5.68184 2.84825 1.99486 -0.00000000078727335762
66000 56178.61269 5.67768 2.84587 1.99506 -0.00000000096453955933
66100 56259.17039 5.67754 2.84615 1.99481 -0.00000000095094865316
66200 56332.45455 5.67435 2.84487 1.99459 -0.00000000089626528421
66300 56415.38939 5.67064 2.84308 1.99454 -0.00000000081569773158
66400 56497.01969 5.66524 2.84036 1.99455 -0.00000000091104013222
66500 56577.02909 5.66075 2.83810 1.99456 -0.00000000100261221547
66600 56666.92092 5.65881 2.83733 1.99441 -0.00000000095071150952
66700 56751.94967 5.65723 2.83636 1.99454 -0.00000000094714724952
66800 56834.01549 5.65419 2.83501 1.99442 -0.00000000103132435925
66900 56918.63512 5.65040 2.83306 1.99445 -0.00000000104935349299
67000 57003.56287 5.64942 2.83249 1.99451 -0.00000000108283604305
67100 57094.05980 5.65056 2.83297 1.99458 -0.00000000117012888268
67200 57177.94748 5.65040 2.83302 1.99448 -0.00000000125325971823
67300 57260.32465 5.64742 2.83139 1.99458 -0.00000000131624844357
67400 57343.36856 5.64879 2.83207 1.99458 -0.00000000126988375371
67500 57429.50406 5.64881 2.83202 1.99462 -0.00000000137740219230
67600 57529.11535 5.65707 2.83577 1.99490 -0.00000000133808075731
67700 57611.44410 5.65335 2.83423 1.99467 -0.00000000132443833678
67800 57687.81360 5.64833 2.83151 1.99481 -0.00000000134022482001
67900 57770.57088 5.64443 2.82992 1.99455 -0.00000000142840139716
68000 57860.81991 5.64320 2.82900 1.99476 -0.00000000143423317667
68100 57945.53049 5.64060 2.82771 1.99476 -0.00000000150834367219
68200 58031.19869 5.63881 2.82674 1.99481 -0.00000000165273128516
68300 58127.08742 5.63941 2.82699 1.99485 -0.00000000158327662092
68400 58225.83098 5.65219 2.83301 1.99512 -0.00000000162003832571
68500 58308.91824 5.64837 2.83113 1.99509 -0.00000000152221169003
68600 58397.57799 5.64643 2.82990 1.99528 -0.00000000158329882538
68700 58481.59789 5.64429 2.82894 1.99520 -0.00000000161134039445
68800 58559.94187 5.64117 2.82728 1.99526 -0.00000000165396052410
68900 58648.32854 5.64156 2.82726 1.99541 -0.00000000184845294626
69000 58734.17256 5.64217 2.82780 1.99525 -0.00000000190598914429
69100 58811.34406 5.63793 2.82631 1.99480 -0.00000000194118054964
69200 58892.73986 5.63496 2.82483 1.99480 -0.00000000191205273836
69300 58979.99908 5.63311 2.82379 1.99488 -0.00000000182493220535
69400 59048.30690 5.62878 2.82220 1.99447 -0.00000000183363457751
69500 59133.15511 5.63174 2.82371 1.99445 -0.00000000193300397910
69600 59233.66812 5.66376 2.83953 1.99461 -0.00000000204325623088
69700 59333.11255 5.69740 2.85595 1.99492 -0.00000000209015915686
69800 59423.83220 5.69746 2.85583 1.99503 -0.00000000219086704334
69900 59496.38849 5.69239 2.85322 1.99508 -0.00000000221626272889
70000 59584.37528 5.69200 2.85285 1.99520 -0.00000000222375895476
70100 59658.91873 5.68814 2.85105 1.99511 -0.00000000228926211321
70200 59739.76133 5.68473 2.84965 1.99489 -0.00000000227700702737
70300 59825.29164 5.68235 2.84839 1.99494 -0.00000000238453079504
70400 59916.63897 5.68456 2.84922 1.99513 -0.00000000238728325996
70500 60004.14575 5.69031 2.85187 1.99529 -0.00000000237799824276
70600 60090.46139 5.68991 2.85178 1.99521 -0.00000000237950281701
70700 60183.72193 5.69826 2.85579 1.99533 -0.00000000226936247572
70800 60267.68140 5.69525 2.85420 1.99540 -0.00000000237829400618
70900 60350.11882 5.69207 2.85265 1.99536 -0.00000000243901432384
71000 60441.69091 5.69209 2.85241 1.99554 -0.00000000251437803911
71100 60530.43292 5.69013 2.85130 1.99563 -0.00000000259451837792
71200 60610.77786 5.68597 2.84963 1.99534 -0.00000000247928344521
71300 60691.03369 5.68442 2.84872 1.99543 -0.00000000241418174340
71400 60773.63334 5.68040 2.84674 1.99541 -0.00000000242839259812
71500 60863.86044 5.67893 2.84633 1.99517 -0.00000000243792719345
71600 60948.70387 5.67665 2.84548 1.99497 -0.00000000238292674481
71700 61039.73051 5.67532 2.84432 1.99531 -0.00000000241503084197
71800 61129.33978 5.67428 2.84362 1.99545 -0.00000000238482478210
71900 61220.66855 5.67777 2.84492 1.99576 -0.00000000249577070122
72000 61312.29255 5.67794 2.84514 1.99567 -0.00000000234490826756
72100 61398.44992 5.67609 2.84426 1.99563 -0.00000000242876385670
72200 61485.84330 5.67434 2.84345 1.99558 -0.00000000247430786970
72300 61575.65623 5.67656 2.84434 1.99574 -0.00000000250703902083
72400 61658.93735 5.67432 2.84330 1.99568 -0.00000000260416843645
72500 61736.56741 5.67054 2.84156 1.99557 -0.00000000248851783624
72600 61812.24096 5.66701 2.84008 1.99537 -0.00000000247147724508
72700 61897.29065 5.66546 2.83951 1.99523 -0.00000000248194353958
72800 61971.77793 5.66292 2.83828 1.99519 -0.00000000249964049459
72900 62046.50966 5.65854 2.83655 1.99487 -0.00000000248778864176
73000 62132.15306 5.65684 2.83586 1.99475 -0.00000000236939801113
73100 62223.18182 5.65711 2.83569 1.99497 -0.00000000226243024315
73200 62298.27882 5.65312 2.83403 1.99473 -0.00000000216784368234
73300 62387.19774 5.65535 2.83470 1.99505 -0.00000000211033146513
73400 62476.39346 5.66339 2.83881 1.99499 -0.00000000224928431436
73500 62570.23422 5.66951 2.84133 1.99537 -0.00000000230269314727
73600 62665.81479 5.67617 2.84487 1.99523 -0.00000000243473241568
73700 62748.62427 5.67236 2.84297 1.99522 -0.00000000242260078664
73800 62832.01358 5.66959 2.84136 1.99538 -0.00000000252161758141
73900 62918.08025 5.66863 2.84074 1.99548 -0.00000000251404763674
74000 63000.61808 5.66708 2.83964 1.99570 -0.00000000251884735292
74100 63093.97587 5.66600 2.83892 1.99583 -0.00000000248260434432
74200 63185.17228 5.66677 2.83886 1.99615 -0.00000000244819187145
74300 63266.54437 5.66358 2.83708 1.99627 -0.00000000257554777505
74400 63342.22105 5.66019 2.83551 1.99618 -0.00000000264692712193
74500 63425.14878 5.66204 2.83685 1.99589 -0.00000000269758615445
74600 63511.68455 5.66091 2.83568 1.99631 -0.00000000260920440809
74700 63611.86134 5.68070 2.84540 1.99645 -0.00000000260611443537
74800 63696.86646 5.68315 2.84662 1.99646 -0.00000000255332821553
74900 63775.46245 5.68207 2.84607 1.99646 -0.00000000246823628203
75000 63853.24289 5.67718 2.84382 1.99632 -0.00000000245707276747
75100 63935.87432 5.67413 2.84215 1.99642 -0.00000000241155362346
75200 64022.34338 5.67207 2.84129 1.99630 -0.00000000237823805094
75300 64107.52211 5.66935 2.83998 1.99627 -0.00000000237211494891
75400 64195.44412 5.66686 2.83848 1.99645 -0.00000000250075782304
75500 64288.18250 5.67483 2.84223 1.99661 -0.00000000253473331213
75600 64374.70797 5.67295 2.84125 1.99664 -0.00000000254240717368
75700 64454.47231 5.66846 2.83940 1.99635 -0.00000000253564813590
75800 64546.38502 5.67068 2.84010 1.99665 -0.00000000252596965566
75900 64630.04379 5.66804 2.83884 1.99660 -0.00000000250280951519
76000 64719.26048 5.66828 2.83870 1.99679 -0.00000000246131826032
76100 64794.95725 5.66608 2.83778 1.99666 -0.00000000247845655110
76200 64884.71416 5.66845 2.83866 1.99688 -0.00000000250791298839
76300 64953.74432 5.66566 2.83756 1.99667 -0.00000000256554066880
76400 65036.49050 5.66634 2.83787 1.99669 -0.00000000266081467970
76500 65136.63437 5.69235 2.85107 1.99656 -0.00000000259576804496
76600 65233.94359 5.69188 2.85065 1.99670 -0.00000000264342681078
76700 65320.85859 5.69023 2.84976 1.99674 -0.00000000263594923666
76800 65405.12304 5.68777 2.84844 1.99680 -0.00000000265451660653
76900 65501.34685 5.69743 2.85326 1.99681 -0.00000000267486566230
77000 65587.22700 5.69653 2.85312 1.99660 -0.00000000276964939872
77100 65665.99213 5.69334 2.85138 1.99669 -0.00000000275798761606
77200 65763.88644 5.69622 2.85262 1.99684 -0.00000000266074806632
77300 65841.43152 5.69322 2.85143 1.99662 -0.00000000273740585754
77400 65915.16749 5.68901 2.84940 1.99656 -0.00000000265186450576
77500 66008.13842 5.68769 2.84868 1.99661 -0.00000000267090882744
77600 66082.84371 5.68387 2.84711 1.99637 -0.00000000274779132781
77700 66163.11657 5.68021 2.84525 1.99638 -0.00000000270465871921
77800 66249.40297 5.67683 2.84353 1.99640 -0.00000000273445355248
77900 66328.15777 5.67277 2.84147 1.99642 -0.00000000259183163820
78000 66411.96327 5.67069 2.84043 1.99642 -0.00000000242790143545
78100 66492.69719 5.66750 2.83891 1.99636 -0.00000000250716691852
78200 66583.43285 5.66789 2.83903 1.99642 -0.00000000253688980933
78300 66662.88451 5.66673 2.83853 1.99636 -0.00000000243661713029
78400 66749.75132 5.66354 2.83665 1.99656 -0.00000000235908803603
78500 66823.98945 5.66013 2.83494 1.99656 -0.00000000218698481547
78600 66908.29078 5.65740 2.83397 1.99628 -0.00000000210985806604
78700 66985.96744 5.65411 2.83265 1.99605 -0.00000000218252527162
78800 67065.58018 5.65113 2.83128 1.99596 -0.00000000224903029533
78900 67148.92333 5.64881 2.83015 1.99594 -0.00000000221539941947
79000 67235.48421 5.64562 2.82852 1.99596 -0.00000000223752039119
79100 67326.12313 5.64501 2.82822 1.99595 -0.00000000231562236053
79200 67409.82675 5.64267 2.82683 1.99611 -0.00000000223256257925
79300 67504.04249 5.64198 2.82610 1.99638 -0.00000000232877450657
79400 67584.06128 5.63837 2.82436 1.99634 -0.00000000229241692296
79500 67671.08930 5.63659 2.82312 1.99658 -0.00000000235616059996
79600 67755.83427 5.63494 2.82222 1.99663 -0.00000000249176324019
79700 67832.55646 5.63094 2.82056 1.99639 -0.00000000248727083374
79800 67911.85041 5.62717 2.81890 1.99623 -0.00000000244269848793
79900 67998.87801 5.62607 2.81840 1.99620 -0.00000000246318254682
80000 68097.10844 5.62981 2.81991 1.99645 -0.00000000232870256411
80100 68193.45131 5.64232 2.82594 1.99662 -0.00000000225488960837
80200 68290.87863 5.65632 2.83300 1.99658 -0.00000000234025598900
80300 68385.05528 5.65999 2.83455 1.99679 -0.00000000225978169510
80400 68472.47913 5.66467 2.83652 1.99705 -0.00000000221003126910
80500 68571.16655 5.68453 2.84628 1.99718 -0.00000000223768914509
80600 68656.02877 5.68118 2.84491 1.99696 -0.00000000231789876182
80700 68733.35830 5.68259 2.84547 1.99706 -0.00000000234970354285
80800 68826.09177 5.69356 2.85114 1.99694 -0.00000000233193464538
80900 68906.74835 5.69021 2.84951 1.99691 -0.00000000249986165102
81000 68992.73384 5.68771 2.84843 1.99679 -0.00000000240829933773
81100 69066.66976 5.68358 2.84658 1.99663 -0.00000000234233077379
81200 69166.64558 5.68978 2.84933 1.99688 -0.00000000223767848695
81300 69245.59422 5.68699 2.84817 1.99672 -0.00000000226729390818
81400 69327.35955 5.68321 2.84615 1.99681 -0.00000000222607887679
81500 69410.17240 5.68182 2.84552 1.99676 -0.00000000220568363574
81600 69497.61884 5.67973 2.84428 1.99690 -0.00000000226286456240
81700 69576.60767 5.67636 2.84251 1.99695 -0.00000000234745911598
81800 69671.99216 5.67879 2.84374 1.99694 -0.00000000239509212463
81900 69750.22593 5.67774 2.84343 1.99679 -0.00000000234676011956
82000 69835.52097 5.67579 2.84224 1.99694 -0.00000000229308128041
82100 69927.60787 5.67697 2.84255 1.99714 -0.00000000232157137958
82200 70012.44522 5.67848 2.84289 1.99743 -0.00000000247757547811
82300 70095.69959 5.67690 2.84211 1.99742 -0.00000000246355824629
82400 70182.88554 5.67855 2.84312 1.99729 -0.00000000246359377343
82500 70273.33927 5.67670 2.84207 1.99738 -0.00000000256423859923
82600 70342.51541 5.67255 2.84044 1.99707 -0.00000000240576625288
82700 70434.17316 5.67248 2.84007 1.99730 -0.00000000241436381998
82800 70533.47168 5.67821 2.84298 1.99727 -0.00000000252424303682
82900 70614.86247 5.67561 2.84209 1.99698 -0.00000000247675568943
83000 70708.36895 5.68115 2.84479 1.99704 -0.00000000235808794713
83100 70804.52125 5.68915 2.84893 1.99694 -0.00000000228558949544
83200 70883.17141 5.68623 2.84775 1.99674 -0.00000000223053575610
83300 70980.83064 5.69424 2.85165 1.99682 -0.00000000225258034448
83400 71065.67276 5.69133 2.85018 1.99683 -0.00000000226112817359
83500 71157.72167 5.69360 2.85105 1.99702 -0.00000000223847163028
83600 71232.27723 5.68964 2.84946 1.99675 -0.00000000227357332960
83700 71325.62500 5.69383 2.85128 1.99694 -0.00000000227738272685
83800 71417.50017 5.69503 2.85191 1.99692 -0.00000000227690222232
83900 71507.50332 5.69332 2.85114 1.99685 -0.00000000236166197709
84000 71598.21021 5.69373 2.85104 1.99707 -0.00000000227072760595
84100 71691.96473 5.69711 2.85281 1.99702 -0.00000000229732055601
84200 71790.30880 5.71231 2.86010 1.99724 -0.00000000240281572417
84300 71866.37971 5.70912 2.85849 1.99725 -0.00000000233966712671
84400 71947.76461 5.70615 2.85694 1.99730 -0.00000000230035901438
84500 72038.03673 5.70410 2.85568 1.99746 -0.00000000227724417101
84600 72109.85487 5.69999 2.85391 1.99726 -0.00000000231498908931
84700 72193.68701 5.69672 2.85238 1.99718 -0.00000000238070629877
84800 72277.35830 5.69539 2.85170 1.99719 -0.00000000232928787369
84900 72365.64950 5.69400 2.85117 1.99708 -0.00000000227170193767
85000 72453.77197 5.69294 2.85070 1.99704 -0.00000000222630536229
85100 72549.43247 5.69519 2.85162 1.99718 -0.00000000217262119406
85200 72628.89229 5.69250 2.85052 1.99701 -0.00000000209872297319
85300 72719.88115 5.69176 2.84999 1.99712 -0.00000000208024086845
85400 72818.85051 5.69526 2.85137 1.99738 -0.00000000199344452056
85500 72902.22944 5.69350 2.85043 1.99742 -0.00000000199812788537
85600 72987.73291 5.69098 2.84932 1.99731 -0.00000000195062810349
85700 73067.56878 5.69161 2.84938 1.99749 -0.00000000185798221253
85800 73159.88585 5.69581 2.85170 1.99734 -0.00000000183930293218
85900 73240.39376 5.69425 2.85099 1.99729 -0.00000000196010940812
86000 73318.69653 5.69068 2.84931 1.99721 -0.00000000177910575161
86100 73406.23508 5.68872 2.84802 1.99743 -0.00000000174891567895
86200 73504.09761 5.69127 2.84924 1.99747 -0.00000000176564984855
86300 73589.84412 5.68831 2.84770 1.99751 -0.00000000167286984265
86400 73652.19830 5.68380 2.84600 1.99712 -0.00000000161593582959
86500 73733.75097 5.68075 2.84427 1.99726 -0.00000000154453694279
86600 73811.86034 5.67680 2.84241 1.99718 -0.00000000157536650391
86700 73896.08187 5.67581 2.84212 1.99704 -0.00000000164806124303
86800 73978.49679 5.67267 2.84054 1.99704 -0.00000000165463287516
86900 74067.58620 5.67618 2.84232 1.99702 -0.00000000159682045364
87000 74144.07519 5.67368 2.84131 1.99685 -0.00000000156964574671
87100 74235.27444 5.67294 2.84089 1.99689 -0.00000000153010315529
87200 74316.85858 5.67054 2.83985 1.99678 -0.00000000149111034631
87300 74400.33193 5.66779 2.83879 1.99655 -0.00000000157902846354
87400 74469.89084 5.66456 2.83718 1.99654 -0.00000000152960666355
87500 74570.30800 5.67533 2.84210 1.99688 -0.00000000146855239080
87600 74664.70648 5.68215 2.84541 1.99695 -0.00000000140360878476
87700 74764.87395 5.69251 2.85006 1.99733 -0.00000000154831703014
87800 74852.88942 5.69226 2.84962 1.99755 -0.00000000159165658431
87900 74951.10381 5.69840 2.85232 1.99782 -0.00000000153610457687
88000 75047.85771 5.70083 2.85327 1.99800 -0.00000000155316381978
88100 75146.11082 5.71315 2.85896 1.99833 -0.00000000159021418256
88200 75242.86860 5.71811 2.86144 1.99833 -0.00000000168262914713
88300 75324.58449 5.71594 2.86046 1.99826 -0.00000000151773793533
88400 75406.23694 5.71262 2.85927 1.99793 -0.00000000151965551254
88500 75486.54822 5.71283 2.85932 1.99797 -0.00000000157041846194
88600 75561.17722 5.71134 2.85880 1.99781 -0.00000000152399159958
88700 75638.41013 5.70819 2.85732 1.99775 -0.00000000142525902191
88800 75730.66853 5.71369 2.85970 1.99801 -0.00000000141176048629
88900 75811.65927 5.71050 2.85818 1.99795 -0.00000000146541623280
89000 75894.25334 5.70763 2.85690 1.99784 -0.00000000145023815179
89100 75973.68385 5.70657 2.85673 1.99759 -0.00000000134683908470
89200 76054.26928 5.70312 2.85521 1.99744 -0.00000000129671029470
89300 76143.73038 5.70523 2.85584 1.99774 -0.00000000130397026510
89400 76227.77373 5.70373 2.85506 1.99776 -0.00000000126604060569
89500 76306.92826 5.70166 2.85412 1.99770 -0.00000000118277920791
89600 76388.57582 5.70022 2.85323 1.99781 -0.00000000113542864000
89700 76488.26573 5.70850 2.85721 1.99793 -0.00000000112079057146
89800 76569.96469 5.70676 2.85645 1.99785 -0.00000000121420118404
89900 76640.87341 5.70282 2.85481 1.99762 -0.00000000122825394300
90000 76710.44767 5.69891 2.85310 1.99744 -0.00000000119967413781
90100 76803.86904 5.69827 2.85270 1.99750 -0.00000000118035625718
90200 76890.66822 5.69636 2.85197 1.99734 -0.00000000122567467287
90300 76980.66360 5.69409 2.85079 1.99738 -0.00000000123697763144
90400 77061.28857 5.69085 2.84930 1.99728 -0.00000000115708598258
90500 77149.94122 5.68928 2.84808 1.99758 -0.00000000127546329054
90600 77229.48484 5.68666 2.84677 1.99758 -0.00000000118263798754
90700 77324.41263 5.68956 2.84783 1.99786 -0.00000000117801057797
90800 77409.72233 5.68931 2.84798 1.99767 -0.00000000125773436110
90900 77493.31259 5.68778 2.84704 1.99779 -0.00000000135506539323
91000 77589.48631 5.68963 2.84769 1.99798 -0.00000000132617472559
91100 77681.21108 5.69150 2.84857 1.99802 -0.00000000134973543453
91200 77768.46744 5.69045 2.84802 1.99804 -0.00000000141715528201
91300 77860.80485 5.69047 2.84781 1.99819 -0.00000000146123912970
91400 77941.16010 5.68830 2.84689 1.99807 -0.00000000150945478339
91500 78018.74379 5.68523 2.84551 1.99797 -0.00000000142542866399
91600 78108.84328 5.68412 2.84495 1.99797 -0.00000000147050016608
91700 78179.38466 5.68005 2.84322 1.99775 -0.00000000144223566423
91800 78261.70683 5.67683 2.84151 1.99782 -0.00000000147357415159
91900 78342.77476 5.67553 2.84069 1.99794 -0.00000000133982247519
92000 78432.89728 5.67477 2.84001 1.99815 -0.00000000138135192174
92100 78504.59522 5.67116 2.83854 1.99792 -0.00000000129379174041
92200 78583.57532 5.66858 2.83725 1.99792 -0.00000000107779385417
92300 78664.19059 5.66762 2.83656 1.99806 -0.00000000104189545880
92400 78751.49879 5.66905 2.83711 1.99818 -0.00000000101141761633
92500 78844.47350 5.67034 2.83773 1.99819 -0.00000000104460351480
92600 78921.68539 5.66669 2.83604 1.99810 -0.00000000093060492645
92700 79004.28219 5.66852 2.83706 1.99803 -0.00000000087789953085
92800 79083.57536 5.66515 2.83542 1.99800 -0.00000000095560892532
92900 79167.82310 5.67215 2.83859 1.99822 -0.00000000073153660907
93000 79268.26634 5.70434 2.85465 1.99826 -0.00000000076832407103
93100 79363.98648 5.71510 2.85995 1.99832 -0.00000000080686213266
93200 79452.45936 5.71399 2.85951 1.99824 -0.00000000085437257269
93300 79534.47745 5.71121 2.85825 1.99815 -0.00000000099316288527
93400 79614.98295 5.70823 2.85698 1.99800 -0.00000000100559383043
93500 79697.50780 5.70650 2.85624 1.99790 -0.00000000094921404070
93600 79789.96022 5.70734 2.85654 1.99799 -0.00000000077461237424
93700 79869.32732 5.70448 2.85506 1.99803 -0.00000000071136341262
93800 79942.43036 5.70165 2.85384 1.99789 -0.00000000082344975283
93900 80024.13939 5.69819 2.85219 1.99783 -0.00000000092502183691
94000 80117.50741 5.69942 2.85240 1.99812 -0.00000000090455287705
94100 80212.70669 5.70506 2.85479 1.99842 -0.00000000097631502882
94200 80292.06439 5.70151 2.85329 1.99823 -0.00000000094606633638
94300 80378.60718 5.70112 2.85299 1.99829 -0.00000000106984199277
94400 80460.76107 5.69918 2.85219 1.99818 -0.00000000103743857949
94500 80554.27354 5.70388 2.85435 1.99831 -0.00000000101731778557
94600 80632.83081 5.70094 2.85294 1.99827 -0.00000000096849728237
94700 80713.18798 5.69790 2.85172 1.99806 -0.00000000094799990080
94800 80801.00837 5.69606 2.85091 1.99797 -0.00000000100106589684
94900 80888.36778 5.69447 2.85013 1.99797 -0.00000000072618799862
95000 80964.24830 5.69181 2.84904 1.99780 -0.00000000086580609349
95100 81055.85303 5.69203 2.84919 1.99777 -0.00000000093374374899
95200 81134.25321 5.68865 2.84755 1.99773 -0.00000000074674133543
95300 81227.30218 5.68915 2.84780 1.99773 -0.00000000072173111931
95400 81300.07444 5.68563 2.84633 1.99753 -0.00000000082077455943
95500 81375.22995 5.68267 2.84472 1.99762 -0.00000000070338845859
95600 81459.88937 5.68209 2.84448 1.99758 -0.00000000083888807012
95700 81547.94793 5.68022 2.84345 1.99765 -0.00000000089192209174
95800 81642.68226 5.68520 2.84588 1.99769 -0.00000000100540109571
95900 81722.94612 5.68201 2.84425 1.99772 -0.00000000099127550612
96000 81808.84795 5.67949 2.84324 1.99754 -0.00000000095808072587
96100 81900.88945 5.68385 2.84524 1.99767 -0.00000000096808872030
96200 81991.94169 5.68629 2.84622 1.99784 -0.00000000082680973179
96300 82086.23462 5.69178 2.84863 1.99808 -0.00000000062313709748
96400 82185.58750 5.70944 2.85708 1.99835 -0.00000000036842262574
96500 82273.71215 5.71223 2.85820 1.99854 -0.00000000030210767221
96600 82365.25978 5.71741 2.86051 1.99874 -0.00000000035737812709
96700 82441.78601 5.71453 2.85919 1.99866 -0.00000000045386450154
96800 82518.96568 5.71201 2.85819 1.99847 -0.00000000039055692014
96900 82610.06950 5.71230 2.85824 1.99853 -0.00000000040854875039
97000 82695.24487 5.71454 2.85972 1.99829 -0.00000000040480507835
97100 82785.43169 5.71473 2.85999 1.99817 -0.00000000028810998032
97200 82869.24307 5.71552 2.86075 1.99791 -0.00000000012054801601
97300 82958.45388 5.71461 2.86019 1.99799 -0.00000000029050006844
97400 83030.44398 5.71120 2.85861 1.99790 -0.00000000046553250144
97500 83118.05480 5.71326 2.85958 1.99794 -0.00000000072856121136
97600 83211.93266 5.71718 2.86135 1.99807 -0.00000000059702909283
97700 83293.91566 5.71564 2.86081 1.99791 -0.00000000064187322124
97800 83370.19176 5.71327 2.85988 1.99773 -0.00000000058634874733
97900 83456.61081 5.71111 2.85896 1.99762 -0.00000000048555737209
98000 83541.21868 5.70987 2.85801 1.99785 -0.00000000051330228956
98100 83616.36370 5.70827 2.85742 1.99770 -0.00000000052253579241
98200 83711.12918 5.70990 2.85817 1.99775 -0.00000000053036774972
98300 83789.77321 5.70718 2.85689 1.99769 -0.00000000065324545773
98400 83866.04029 5.70494 2.85614 1.99743 -0.00000000069950889525
98500 83950.22862 5.70622 2.85671 1.99748 -0.00000000073452177674
98600 84036.31118 5.70905 2.85806 1.99753 -0.00000000078448270102
98700 84125.35397 5.71398 2.86057 1.99750 -0.00000000068371086570
98800 84218.56312 5.71288 2.86002 1.99750 -0.00000000067775651758
98900 84302.54929 5.71395 2.86033 1.99765 -0.00000000081032602850
99000 84389.70295 5.71263 2.85964 1.99768 -0.00000000082879747509
99100 84474.15845 5.70964 2.85812 1.99769 -0.00000000074088024604
99200 84567.61981 5.71034 2.85841 1.99773 -0.00000000072901951143
99300 84643.39427 5.70774 2.85709 1.99774 -0.00000000081129769569
99400 84717.44101 5.70507 2.85588 1.99766 -0.00000000083467099898
99500 84795.63024 5.70196 2.85448 1.99755 -0.00000000066899552564
99600 84882.94516 5.70462 2.85562 1.99768 -0.00000000072184835886
99700 84976.80151 5.71123 2.85903 1.99761 -0.00000000055302784574
99800 85058.52988 5.70883 2.85787 1.99759 -0.00000000046736481352
99900 85147.13954 5.70833 2.85750 1.99767 -0.00000000038556535742
100000 85208.81828 5.70416 2.85599 1.99726 -0.00000000045447379193
