#Arquivo Dados/Coleta99.txt 
#Parametros(Chegada/saida/tempo): 1.000/0.990/100000
#Coleta|Ocupação|E(n)|E(w)|lambda|Little

100 92.09053 1.77182 3.34307 0.53000 0.00000000000000599520
200 87.36383 4.42594 6.14714 0.72000 0.00000000000001332268
300 90.20023 5.63900 7.62027 0.74000 0.00000000000003641532
400 92.21871 6.38073 7.57357 0.84250 -0.00000000000000266454
500 93.89161 6.79066 8.16185 0.83200 -0.00000000000010125234
600 94.13385 6.48762 7.60268 0.85333 -0.00000000000001598721
700 94.82406 9.36677 10.39103 0.90143 0.00000000000026467717
800 95.55491 11.61132 12.60387 0.92125 0.00000000000027178260
900 95.97186 13.19540 14.23964 0.92667 0.00000000000051691984
1000 96.39382 14.36573 15.33162 0.93700 0.00000000000094857455
1100 96.72759 15.60042 16.62835 0.93818 0.00000000000100541797
1200 96.97914 15.81649 16.73702 0.94500 0.00000000000153121960
1300 97.24578 15.86191 16.87437 0.94000 0.00000000000154365409
1400 97.43226 15.59689 16.46731 0.94714 0.00000000000088817842
1500 97.78281 15.73448 16.56261 0.95000 0.00000000000139444012
1600 97.73320 16.16162 16.93425 0.95437 0.00000000000138911105
1700 97.89726 16.54332 17.33887 0.95412 0.00000000000123279165
1800 97.99724 16.24549 17.15067 0.94722 0.00000000000076738615
1900 97.93122 15.81171 16.76465 0.94316 0.00000000000023980817
2000 97.67327 15.22179 16.10772 0.94500 0.00000000000047961635
2100 97.75869 15.26941 16.08112 0.94952 -0.00000000000015454305
2200 97.94548 16.46677 17.22629 0.95591 0.00000000000046540549
2300 98.02237 17.76182 18.37705 0.96652 0.00000000000094502184
2400 98.00190 18.91450 19.63443 0.96333 0.00000000000020605739
2500 98.21803 19.74910 20.45267 0.96560 0.00000000000158806301
2600 98.27479 20.43724 21.08605 0.96923 0.00000000000224886776
2700 98.21445 21.18710 21.83403 0.97037 0.00000000000066435746
2800 98.26610 22.22478 22.81136 0.97429 -0.00000000000028066438
2900 98.33038 23.17214 23.70342 0.97759 0.00000000000018829382
3000 98.39457 24.35605 24.87003 0.97933 -0.00000000000025579538
3100 98.44315 25.61050 26.13316 0.98000 -0.00000000000117239551
3200 98.48266 27.05796 27.58378 0.98094 0.00000000000044408921
3300 98.53957 28.61196 29.14181 0.98182 -0.00000000000095212727
3400 98.57465 29.71881 30.35264 0.97912 -0.00000000000179767312
3500 98.62409 30.32020 30.98414 0.97857 -0.00000000000193978167
3600 98.66175 30.99454 31.75308 0.97611 -0.00000000000053290705
3700 98.70598 31.59541 32.36518 0.97622 -0.00000000000045119464
3800 98.73742 32.28785 32.99108 0.97868 -0.00000000000078870244
3900 98.77705 32.91775 33.68649 0.97718 -0.00000000000096633812
4000 98.79276 33.32863 34.27990 0.97225 -0.00000000000188293825
4100 98.86840 33.54800 34.63783 0.96854 -0.00000000000222399876
4200 98.85576 33.91704 34.96602 0.97000 -0.00000000000120792265
4300 98.87736 34.23009 35.09523 0.97535 -0.00000000000143529633
4400 98.92233 34.48395 35.32698 0.97614 -0.00000000000451194637
4500 98.92508 34.94981 35.71166 0.97867 -0.00000000000383693077
4600 98.94479 35.14408 35.95702 0.97739 -0.00000000000375877107
4700 98.98555 35.19358 35.95085 0.97894 -0.00000000000121502808
4800 98.98876 35.33387 36.04731 0.98021 -0.00000000000060396133
4900 99.01616 35.50437 36.28184 0.97857 -0.00000000000075317530
5000 99.05243 35.74163 36.55311 0.97780 0.00000000000396482847
5100 99.05177 35.77481 36.59276 0.97765 -0.00000000000055422333
5200 99.06664 35.54954 36.30354 0.97923 -0.00000000000105160325
5300 99.10531 35.27259 35.97859 0.98038 -0.00000000000068212103
5400 99.02102 34.81577 35.52630 0.98000 -0.00000000000257927013
5500 99.03547 34.31538 35.02869 0.97964 -0.00000000000123634436
5600 98.94626 33.83583 34.45102 0.98214 -0.00000000000120081722
5700 98.90784 33.34583 33.98985 0.98105 -0.00000000000083133500
5800 98.72911 32.86295 33.48061 0.98155 0.00000000000017763568
5900 98.73099 32.55508 33.07646 0.98424 -0.00000000000014921397
6000 98.76244 32.43911 32.89970 0.98600 0.00000000000115818466
6100 98.78045 32.20685 32.69459 0.98508 0.00000000000209610107
6200 98.79793 32.15033 32.64527 0.98484 0.00000000000363087338
6300 98.81356 31.99426 32.54179 0.98317 0.00000000000558131319
6400 98.82234 31.75210 32.30738 0.98281 0.00000000000615685281
6500 98.84366 31.81153 32.27329 0.98569 0.00000000000231992203
6600 98.87149 32.02956 32.49233 0.98576 -0.00000000000029132252
6700 98.89091 32.17305 32.64568 0.98552 0.00000000000158451030
6800 98.92404 32.39878 32.90690 0.98456 0.00000000000172661885
6900 98.91156 32.47747 32.97933 0.98478 0.00000000000281374923
7000 98.93631 32.61946 33.02997 0.98757 0.00000000000345323770
7100 98.95650 32.45570 32.92406 0.98577 0.00000000000460431693
7200 98.98739 32.19684 32.68715 0.98500 0.00000000000284217094
7300 98.83974 31.84524 32.38650 0.98329 0.00000000000196820338
7400 98.63678 31.45073 31.93405 0.98486 0.00000000000351718654
7500 98.57202 31.07237 31.54768 0.98493 0.00000000000163069558
7600 98.37738 30.75297 31.27142 0.98342 0.00000000000409983159
7700 98.35925 30.50258 30.99774 0.98403 0.00000000000413535872
7800 98.37964 30.19033 30.65806 0.98474 0.00000000000317612603
7900 98.41028 29.90184 30.35135 0.98519 0.00000000000240163445
8000 98.29772 29.59397 30.09429 0.98337 0.00000000000168043357
8100 98.10372 29.28478 29.81482 0.98222 0.00000000000545696821
8200 97.72457 28.94824 29.49864 0.98134 0.00000000000925126642
8300 97.54652 28.63859 29.19793 0.98084 0.00000000000850164383
8400 97.58005 28.52703 29.02811 0.98274 0.00000000000759214913
8500 97.63169 28.39169 28.87406 0.98329 0.00000000000733990646
8600 97.63601 28.30482 28.73925 0.98488 0.00000000000710542736
8700 97.65889 28.58521 28.94789 0.98747 0.00000000000251532128
8800 97.68757 28.98037 29.33708 0.98784 0.00000000000457589522
8900 97.71659 29.45200 29.81039 0.98798 0.00000000001003996886
9000 97.73905 29.92893 30.31631 0.98722 0.00000000001012523398
9100 97.76584 30.26600 30.65338 0.98736 0.00000000001361755153
9200 97.80429 30.56978 31.00451 0.98598 0.00000000000992272930
9300 97.82326 30.83493 31.22440 0.98753 0.00000000000346744855
9400 97.84436 31.08592 31.47094 0.98777 0.00000000000514077669
9500 97.85764 31.22466 31.59717 0.98821 0.00000000000794742050
9600 97.88312 31.24420 31.61969 0.98813 0.00000000000416022772
9700 97.89955 31.34476 31.65808 0.99010 0.00000000000338573614
9800 97.93116 31.50008 31.76588 0.99163 0.00000000000713740178
9900 97.97071 31.70292 31.97096 0.99162 0.00000000001331201815
10000 97.98199 31.85845 32.13157 0.99150 0.00000000001211830636
10100 97.98336 32.02083 32.27004 0.99228 0.00000000001077182787
10200 98.00570 32.09621 32.36913 0.99157 0.00000000001303845920
10300 98.02833 32.06290 32.33920 0.99146 0.00000000000852651283
10400 98.05126 31.98296 32.25589 0.99154 0.00000000001281108553
10500 98.06236 31.95077 32.16212 0.99343 0.00000000001583444487
10600 98.08208 31.89628 32.15412 0.99198 0.00000000001310951347
10700 98.10180 31.72242 31.98849 0.99168 0.00000000001534417038
10800 98.11578 31.52403 31.77707 0.99204 0.00000000001898570190
10900 98.11719 31.30721 31.55035 0.99229 0.00000000001879030265
11000 98.10021 31.17629 31.37309 0.99373 0.00000000002231104190
11100 98.13243 31.05845 31.23290 0.99441 0.00000000001709565822
11200 98.14036 31.05670 31.20436 0.99527 0.00000000001601208055
11300 98.15305 30.96822 31.12523 0.99496 0.00000000001411137873
11400 98.19144 30.93444 31.08989 0.99500 0.00000000001589484100
11500 98.19059 30.88860 31.04246 0.99504 0.00000000001774580483
11600 98.20488 31.03686 31.11196 0.99759 0.00000000001707078923
11700 98.23969 31.28233 31.37350 0.99709 0.00000000001472955091
11800 98.23749 31.48566 31.55519 0.99780 0.00000000000686739554
11900 98.24443 31.64662 31.71859 0.99773 0.00000000000680699941
12000 98.26148 31.74407 31.82629 0.99742 0.00000000001211475364
12100 98.27471 31.90748 31.94180 0.99893 0.00000000000446576109
12200 98.30199 32.07392 32.13451 0.99811 0.00000000000805755462
12300 98.30540 32.04817 32.14225 0.99707 0.00000000000770228326
12400 98.31909 31.96996 32.08121 0.99653 0.00000000000205346851
12500 98.33496 31.86956 31.96418 0.99704 0.00000000000073896445
12600 98.35840 31.88676 31.96286 0.99762 -0.00000000000382982535
12700 98.35882 31.81056 31.89595 0.99732 -0.00000000000258637556
12800 98.24021 31.59513 31.69915 0.99672 -0.00000000000767386155
12900 98.20068 31.41302 31.51808 0.99667 -0.00000000000699884595
13000 98.10143 31.19363 31.32859 0.99569 -0.00000000000569144731
13100 97.96952 30.97592 31.12322 0.99527 -0.00000000000292033064
13200 97.82193 30.77307 30.92771 0.99500 -0.00000000000238387088
13300 97.73548 30.59493 30.74519 0.99511 0.00000000000181898940
13400 97.75868 30.46841 30.66061 0.99373 0.00000000000717648163
13500 97.78509 30.36170 30.54270 0.99407 0.00000000000359889896
13600 97.80481 30.25728 30.45884 0.99338 0.00000000000967759206
13700 97.81067 30.13057 30.29198 0.99467 0.00000000001360689339
13800 97.82738 30.00067 30.16021 0.99471 0.00000000001487521217
13900 97.83897 29.90141 30.04624 0.99518 0.00000000001585576115
14000 97.85972 29.85329 29.97104 0.99607 0.00000000001127276050
14100 97.86709 29.82063 29.96301 0.99525 0.00000000001497824087
14200 97.88238 29.84550 29.98063 0.99549 0.00000000001596944799
14300 97.89423 29.87621 30.00631 0.99566 0.00000000001793765136
14400 97.92271 29.81661 29.93510 0.99604 0.00000000002150102318
14500 97.92630 29.76782 29.89358 0.99579 0.00000000002055600135
14600 97.93680 29.64518 29.79620 0.99493 0.00000000002285105438
14700 97.93932 29.48847 29.62754 0.99531 0.00000000002241051789
14800 97.94523 29.37328 29.49884 0.99574 0.00000000002164668444
14900 97.95401 29.24748 29.39148 0.99510 0.00000000002362909868
15000 97.76036 29.06266 29.24201 0.99387 0.00000000002623679052
15100 97.76832 28.92322 29.09859 0.99397 0.00000000002438227398
15200 97.77063 28.79797 28.94077 0.99507 0.00000000002568611990
15300 97.78809 28.77216 28.90441 0.99542 0.00000000003258904258
15400 97.80676 28.83183 28.94460 0.99610 0.00000000004228084549
15500 97.81438 28.95717 29.06029 0.99645 0.00000000004175859658
15600 97.83153 29.04410 29.14311 0.99660 0.00000000004208899895
15700 97.84050 29.07219 29.17999 0.99631 0.00000000003435118856
15800 97.87326 29.14633 29.24257 0.99671 0.00000000002318145675
15900 97.87807 29.21376 29.31331 0.99660 0.00000000002289723966
16000 97.88215 29.37120 29.49101 0.99594 0.00000000001104183411
16100 97.90301 29.48011 29.63103 0.99491 0.00000000001380939807
16200 97.91337 29.55677 29.70530 0.99500 0.00000000001409361516
16300 97.91983 29.69667 29.84682 0.99497 0.00000000000395061761
16400 97.94533 29.95923 30.11347 0.99488 0.00000000000338218342
16500 97.95557 30.23769 30.39982 0.99467 -0.00000000000067146289
16600 97.97552 30.52060 30.65727 0.99554 -0.00000000000382271992
16700 97.97470 30.88446 31.03312 0.99521 0.00000000000199307237
16800 97.98277 31.23308 31.38627 0.99512 0.00000000000571986902
16900 97.99426 31.40817 31.55943 0.99521 -0.00000000001004352157
17000 98.01079 31.61689 31.74011 0.99612 -0.00000000000263966626
17100 98.02661 31.83547 31.96633 0.99591 0.00000000000164135372
17200 98.03579 32.07763 32.21999 0.99558 0.00000000000804334377
17300 98.04741 32.39053 32.53345 0.99561 0.00000000001392663762
17400 98.05779 32.71458 32.87138 0.99523 0.00000000001554667506
17500 98.06285 32.89975 33.07172 0.99480 0.00000000001394795390
17600 98.07814 33.09681 33.23845 0.99574 0.00000000000328981287
17700 98.08758 33.29525 33.45972 0.99508 -0.00000000000338218342
17800 98.09721 33.38061 33.54267 0.99517 -0.00000000000066791017
17900 98.11299 33.54392 33.69262 0.99559 -0.00000000000304112291
18000 98.12604 33.68609 33.83837 0.99550 -0.00000000000218136620
18100 98.12837 33.74638 33.89431 0.99564 -0.00000000000510169684
18200 98.14451 33.69694 33.85692 0.99527 -0.00000000000956390522
18300 98.14817 33.62632 33.79066 0.99514 -0.00000000001375610736
18400 98.15987 33.56310 33.71518 0.99549 -0.00000000001524114168
18500 98.16741 33.53816 33.70212 0.99514 -0.00000000001376321279
18600 98.20042 33.54139 33.70084 0.99527 -0.00000000001516298198
18700 98.18698 33.56891 33.69685 0.99620 -0.00000000000812860890
18800 98.19654 33.60970 33.73351 0.99633 -0.00000000000666489086
18900 98.20736 33.58005 33.72816 0.99561 -0.00000000000165556457
19000 98.22077 33.47527 33.65061 0.99479 -0.00000000000266453526
19100 98.15014 33.32101 33.49286 0.99487 -0.00000000000871835937
19200 98.16207 33.27295 33.41042 0.99589 -0.00000000000721200877
19300 98.18204 33.42867 33.53291 0.99689 -0.00000000000077449158
19400 98.18531 33.65003 33.76316 0.99665 0.00000000000175504056
19500 98.19083 33.84514 33.93563 0.99733 0.00000000001049471621
19600 98.19581 34.09733 34.20378 0.99689 0.00000000000500222086
19700 98.20968 34.21416 34.35892 0.99579 0.00000000000780175924
19800 98.21725 34.34009 34.46891 0.99626 0.00000000000673594514
19900 98.22350 34.38424 34.50736 0.99643 0.00000000001810462891
20000 98.23198 34.49014 34.58352 0.99730 0.00000000001898570190
20100 98.24028 34.65004 34.76419 0.99672 0.00000000002268762955
20200 98.25782 34.78506 34.89735 0.99678 0.00000000003111466640
20300 98.25780 34.87720 35.00653 0.99631 0.00000000002852829084
20400 98.26701 34.96739 35.08261 0.99672 0.00000000002467004379
20500 98.28194 35.13261 35.23229 0.99717 0.00000000002044231451
20600 98.29112 35.32600 35.43955 0.99680 0.00000000002044231451
20700 98.30641 35.51427 35.60888 0.99734 0.00000000002076205874
20800 98.30531 35.73499 35.82973 0.99736 0.00000000002054889592
20900 98.31020 36.00135 36.09635 0.99737 0.00000000002858513426
21000 98.31663 36.35975 36.41871 0.99838 0.00000000003181810371
21100 98.32452 36.74999 36.82154 0.99806 0.00000000004182254543
21200 98.33522 37.08323 37.16211 0.99788 0.00000000003623057410
21300 98.34694 37.36281 37.42782 0.99826 0.00000000004310152235
21400 98.35226 37.72918 37.78922 0.99841 0.00000000004799716180
21500 98.35532 38.14283 38.19435 0.99865 0.00000000004396127906
21600 98.36288 38.60334 38.65883 0.99856 0.00000000004302336265
21700 98.37187 39.11922 39.15711 0.99903 0.00000000003257127901
21800 98.37923 39.66163 39.68711 0.99936 0.00000000003223732392
21900 98.38731 40.30076 40.30996 0.99977 0.00000000003231548362
22000 98.39266 40.92660 40.95452 0.99932 0.00000000003139888349
22100 98.40364 41.57520 41.58649 0.99973 0.00000000003004885230
22200 98.40713 42.26919 42.27871 0.99977 0.00000000002386002507
22300 98.41740 42.86578 42.88694 0.99951 0.00000000002860645054
22400 98.42217 43.41678 43.44588 0.99933 0.00000000002769695584
22500 98.42824 43.90392 43.95666 0.99880 0.00000000002730615734
22600 98.43516 44.36167 44.44624 0.99810 0.00000000002021494083
22700 98.44382 44.74466 44.86126 0.99740 0.00000000001162447916
22800 98.45045 45.03825 45.17099 0.99706 0.00000000001745803502
22900 98.46238 45.27454 45.42729 0.99664 0.00000000002061284476
23000 98.46406 45.48169 45.64243 0.99648 0.00000000001679723027
23100 98.48810 45.72360 45.86856 0.99684 0.00000000001224265134
23200 98.47859 46.00873 46.14398 0.99707 0.00000000002479083605
23300 98.48686 46.27875 46.39623 0.99747 0.00000000003363709311
23400 98.49974 46.48591 46.63139 0.99688 0.00000000004789768582
23500 98.50237 46.59396 46.75511 0.99655 0.00000000003252864644
23600 98.51966 46.73121 46.86625 0.99712 0.00000000003183231456
23700 98.50756 46.84936 46.99013 0.99700 0.00000000003295497208
23800 98.51732 46.88824 47.02457 0.99710 0.00000000002871303195
23900 98.52199 46.86585 47.01535 0.99682 0.00000000004320099833
24000 98.53116 46.86596 47.01877 0.99675 0.00000000005650235835
24100 98.54856 46.85361 46.99401 0.99701 0.00000000006399147878
24200 98.54238 46.85030 46.98426 0.99715 0.00000000007813838465
24300 98.54946 46.82256 46.96171 0.99704 0.00000000007070610764
24400 98.56131 46.80109 46.94539 0.99693 0.00000000005534417369
24500 98.55779 46.74413 46.89919 0.99669 0.00000000005646683121
24600 98.56684 46.66635 46.84153 0.99626 0.00000000006357936400
24700 98.56827 46.59003 46.76232 0.99632 0.00000000007052136652
24800 98.58120 46.53285 46.67778 0.99690 0.00000000007317169093
24900 98.58142 46.54684 46.67619 0.99723 0.00000000006894396165
25000 98.58849 46.61158 46.71622 0.99776 0.00000000007486988807
25100 98.59400 46.67638 46.77515 0.99789 0.00000000007459988183
25200 98.59687 46.70904 46.84102 0.99718 0.00000000007170086747
25300 98.60828 46.67460 46.81523 0.99700 0.00000000005501021860
25400 98.60774 46.66284 46.81952 0.99665 0.00000000006458122925
25500 98.62207 46.65010 46.79692 0.99686 0.00000000005881872767
25600 98.61996 46.67261 46.79691 0.99734 0.00000000005741185305
25700 98.62409 46.73497 46.83702 0.99782 0.00000000006566835964
25800 98.63181 46.82870 46.93421 0.99775 0.00000000008973444210
25900 98.63741 46.93523 47.02419 0.99811 0.00000000008165557119
26000 98.65126 47.11629 47.19798 0.99827 0.00000000007774048072
26100 98.64585 47.26907 47.37980 0.99766 0.00000000010913225879
26200 98.65057 47.37906 47.48963 0.99767 0.00000000010908252079
26300 98.66379 47.47109 47.58508 0.99760 0.00000000010907541537
26400 98.66184 47.57419 47.70610 0.99723 0.00000000010917489135
26500 98.66889 47.70985 47.84888 0.99709 0.00000000010487610780
26600 98.67650 47.85897 47.97801 0.99752 0.00000000008488143521
26700 98.67802 48.04488 48.16393 0.99753 0.00000000008757439218
26800 98.69749 48.24380 48.34301 0.99795 0.00000000006157563348
26900 98.68604 48.41450 48.53538 0.99751 0.00000000006505018746
27000 98.69436 48.52514 48.66392 0.99715 0.00000000007364775456
27100 98.69757 48.66738 48.83136 0.99664 0.00000000007906919564
27200 98.70758 48.82538 48.97843 0.99687 0.00000000006652811635
27300 98.70559 49.04426 49.21553 0.99652 0.00000000006485834092
27400 98.71743 49.22383 49.40414 0.99635 0.00000000005711342510
27500 98.71754 49.40167 49.57111 0.99658 0.00000000005657341262
27600 98.72181 49.61060 49.78195 0.99656 0.00000000006048139767
27700 98.72647 49.83088 50.00600 0.99650 0.00000000006359357485
27800 98.72862 50.06658 50.25821 0.99619 0.00000000005906031220
27900 98.73636 50.24517 50.47857 0.99538 0.00000000005739764219
28000 98.73918 50.39780 50.65469 0.99493 0.00000000005143618864
28100 98.74549 50.51616 50.78727 0.99466 0.00000000005773870271
28200 98.75246 50.66747 50.94750 0.99450 0.00000000005699263284
28300 98.75719 50.86074 51.10815 0.99516 0.00000000005091038702
28400 98.75629 51.11108 51.36247 0.99511 0.00000000005132250180
28500 98.76772 51.34284 51.60540 0.99491 0.00000000003367972568
28600 98.76668 51.57389 51.83853 0.99490 0.00000000004317257662
28700 98.77614 51.81631 52.09950 0.99456 0.00000000005734079878
28800 98.77392 52.08453 52.34261 0.99507 0.00000000005874056797
28900 98.77645 52.34439 52.61933 0.99478 0.00000000005573497219
29000 98.79129 52.61855 52.88663 0.99493 0.00000000004811795407
29100 98.78899 52.82084 53.11471 0.99447 0.00000000004403943876
29200 98.79573 52.96245 53.27994 0.99404 0.00000000004272493470
29300 98.79773 53.11730 53.39796 0.99474 0.00000000004592948244
29400 98.79902 53.33616 53.60418 0.99500 0.00000000004702371825
29500 98.80376 53.49310 53.75916 0.99505 0.00000000003825562089
29600 98.80684 53.67433 53.94771 0.99493 0.00000000003347366828
29700 98.81504 53.81948 54.09817 0.99485 0.00000000002909672503
29800 98.81738 54.00349 54.26206 0.99523 0.00000000002724931392
29900 98.81840 54.17311 54.42613 0.99535 0.00000000002325606374
30000 98.82295 54.34206 54.60050 0.99527 0.00000000002531663768
30100 98.82956 54.48957 54.76064 0.99505 0.00000000003278444183
30200 98.82948 54.65827 54.92745 0.99510 0.00000000003248601388
30300 98.83322 54.85320 55.10235 0.99548 0.00000000003737454790
30400 98.83689 55.08674 55.31053 0.99595 0.00000000003456079867
30500 98.84062 55.30949 55.55539 0.99557 0.00000000004097699957
30600 98.85301 55.49554 55.75061 0.99542 0.00000000003453237696
30700 98.85621 55.70216 55.96284 0.99534 0.00000000004961719924
30800 98.85481 55.94614 56.17961 0.99584 0.00000000005459810382
30900 98.85652 56.21937 56.43855 0.99612 0.00000000005145750492
31000 98.86004 56.48227 56.69442 0.99626 0.00000000004477129778
31100 98.86529 56.72935 56.96012 0.99595 0.00000000005104539014
31200 98.86826 56.91439 57.12311 0.99635 0.00000000008002132290
31300 98.87135 57.14241 57.37337 0.99597 0.00000000008017053688
31400 98.87912 57.34045 57.58620 0.99573 0.00000000007887734910
31500 98.87948 57.51058 57.77469 0.99543 0.00000000008699174714
31600 98.88178 57.64541 57.91482 0.99535 0.00000000008590461675
31700 98.88573 57.74361 58.02550 0.99514 0.00000000010295053698
31800 98.89093 57.83066 58.12677 0.99491 0.00000000010509637605
31900 98.90181 57.92677 58.23712 0.99467 0.00000000009773515330
32000 98.89624 58.04195 58.34828 0.99475 0.00000000010270184703
32100 98.90279 58.12875 58.46937 0.99417 0.00000000010997069921
32200 98.90190 58.17845 58.50002 0.99450 0.00000000010950174101
32300 98.90615 58.23085 58.54077 0.99471 0.00000000009913492249
32400 98.91167 58.27079 58.56906 0.99491 0.00000000008714806654
32500 98.91410 58.28014 58.60291 0.99449 0.00000000008186873401
32600 98.91740 58.24835 58.59887 0.99402 0.00000000009512746146
32700 98.92085 58.15410 58.53358 0.99352 0.00000000008768807902
32800 98.92434 58.03911 58.39518 0.99390 0.00000000009815437352
32900 98.93007 57.97258 58.31467 0.99413 0.00000000009534062428
33000 98.93043 57.91447 58.25695 0.99412 0.00000000008463274526
33100 98.93348 57.82251 58.18285 0.99381 0.00000000009249845334
33200 98.91000 57.66394 58.02749 0.99373 0.00000000008199663171
33300 98.88300 57.51007 57.86455 0.99387 0.00000000005325517805
33400 98.88693 57.43548 57.80237 0.99365 0.00000000005950084869
33500 98.89220 57.37203 57.75130 0.99343 0.00000000005282174698
33600 98.89362 57.29018 57.66086 0.99357 0.00000000004041567081
33700 98.90042 57.20925 57.58174 0.99353 0.00000000005282174698
33800 98.90269 57.10104 57.48199 0.99337 0.00000000004944666898
33900 98.90400 57.02519 57.38064 0.99381 0.00000000006625811011
34000 98.90810 56.97440 57.32848 0.99382 0.00000000007276668157
34100 98.91731 56.86583 57.24861 0.99331 0.00000000007452172213
34200 98.90979 56.71808 57.09370 0.99342 0.00000000010136602668
34300 98.91864 56.59174 56.95706 0.99359 0.00000000009873701856
34400 98.88641 56.43867 56.82023 0.99328 0.00000000008351719316
34500 98.88826 56.30867 56.69320 0.99322 0.00000000009360690001
34600 98.88953 56.20005 56.57120 0.99344 0.00000000011334577721
34700 98.89651 56.10582 56.46708 0.99360 0.00000000008667910834
34800 98.87851 55.99212 56.37443 0.99322 0.00000000009171685633
34900 98.84657 55.85221 56.22111 0.99344 0.00000000010204814771
35000 98.78800 55.70442 56.09871 0.99297 0.00000000010068390566
35100 98.77996 55.55708 55.95242 0.99293 0.00000000009784173471
35200 98.77104 55.41736 55.81536 0.99287 0.00000000009322320693
35300 98.74343 55.27621 55.67683 0.99280 0.00000000008722622624
35400 98.74976 55.16688 55.55134 0.99308 0.00000000009265477274
35500 98.75194 55.04161 55.45086 0.99262 0.00000000007574385563
35600 98.72651 54.89834 55.29754 0.99278 0.00000000007648992550
35700 98.67880 54.75551 55.17902 0.99232 0.00000000007776179700
35800 98.67757 54.62384 55.04823 0.99229 0.00000000009836043091
35900 98.64385 54.51288 54.91981 0.99259 0.00000000008861178458
36000 98.64770 54.43695 54.83910 0.99267 0.00000000009448086757
36100 98.66937 54.36264 54.73868 0.99313 0.00000000008208900226
36200 98.65801 54.32812 54.70441 0.99312 0.00000000009177369975
36300 98.65982 54.32611 54.66192 0.99386 0.00000000008130740525
36400 98.67067 54.31435 54.64915 0.99387 0.00000000007161560234
36500 98.66973 54.25642 54.57490 0.99416 0.00000000004978772949
36600 98.67063 54.22503 54.56194 0.99383 0.00000000002104627583
36700 98.67776 54.15715 54.50169 0.99368 0.00000000001163158458
36800 98.67691 54.08087 54.40464 0.99405 0.00000000000962074864
36900 98.68049 54.04976 54.35616 0.99436 0.00000000002123101694
37000 98.68711 54.01150 54.33605 0.99403 0.00000000002322053660
37100 98.69205 53.95235 54.28303 0.99391 0.00000000001988809117
37200 98.69313 53.90536 54.23778 0.99387 0.00000000001259081728
37300 98.69717 53.81498 54.16787 0.99349 0.00000000001712407993
37400 98.69971 53.70124 54.06845 0.99321 0.00000000001741540245
37500 98.70324 53.59602 53.95717 0.99331 0.00000000002900435447
37600 98.64066 53.46063 53.84009 0.99295 0.00000000002298605750
37700 98.62527 53.34679 53.72443 0.99297 0.00000000001388400506
37800 98.62923 53.25407 53.63148 0.99296 0.00000000001958255780
37900 98.63202 53.16365 53.54937 0.99280 0.00000000000760280727
38000 98.61916 53.04465 53.44833 0.99245 0.00000000000661515287
38100 98.56765 52.91947 53.33947 0.99213 0.00000000000270006240
38200 98.50695 52.78600 53.22209 0.99181 0.00000000000274269496
38300 98.50722 52.67763 53.11727 0.99172 0.00000000000357402996
38400 98.49925 52.56182 53.00630 0.99161 0.00000000002379607622
38500 98.49274 52.44825 52.90863 0.99130 0.00000000003186073627
38600 98.46185 52.33046 52.78308 0.99142 0.00000000002681588285
38700 98.47061 52.22847 52.69002 0.99124 0.00000000002552980050
38800 98.46981 52.15133 52.59185 0.99162 0.00000000001495692459
38900 98.47402 52.06691 52.51511 0.99147 -0.00000000000997602001
39000 98.47837 51.97800 52.41615 0.99164 -0.00000000000954969437
39100 98.48403 51.91724 52.34835 0.99176 0.00000000000155608859
39200 98.48478 51.84235 52.27845 0.99166 0.00000000000824940116
39300 98.49156 51.75862 52.19691 0.99160 0.00000000000266453526
39400 98.49444 51.66870 52.11178 0.99150 0.00000000001299582664
39500 98.49662 51.58418 52.01611 0.99170 0.00000000001141842176
39600 98.49976 51.49378 51.90667 0.99205 0.00000000000723332505
39700 98.49742 51.39278 51.80908 0.99196 0.00000000002091837814
39800 98.49629 51.29464 51.71302 0.99191 0.00000000001951860895
39900 98.45757 51.17272 51.59688 0.99178 0.00000000000735411732
40000 98.43728 51.05499 51.48359 0.99167 -0.00000000000306954462
40100 98.44819 50.95878 51.38938 0.99162 -0.00000000000009947598
40200 98.44693 50.89861 51.29673 0.99224 0.00000000001139710548
40300 98.45079 50.87407 51.26588 0.99236 0.00000000000330402372
40400 98.45179 50.85010 51.25098 0.99218 -0.00000000001470823463
40500 98.46344 50.83625 51.23219 0.99227 -0.00000000002361133511
40600 98.46255 50.84601 51.24614 0.99219 -0.00000000001946176553
40700 98.46841 50.87151 51.25689 0.99248 -0.00000000001190159082
40800 98.46731 50.89222 51.27680 0.99250 -0.00000000001785593895
40900 98.47077 50.90505 51.28373 0.99262 -0.00000000003589661901
41000 98.47822 50.93268 51.30432 0.99276 -0.00000000004924061159
41100 98.47959 50.94886 51.32097 0.99275 -0.00000000006628653182
41200 98.48195 50.90814 51.28406 0.99267 -0.00000000007420908332
41300 98.49263 50.84119 51.21070 0.99278 -0.00000000007413802905
41400 98.48985 50.79879 51.17581 0.99263 -0.00000000007185008144
41500 98.49536 50.75258 51.12710 0.99267 -0.00000000007690914572
41600 98.49802 50.68118 51.07529 0.99228 -0.00000000006403411135
41700 98.50092 50.59864 50.96899 0.99273 -0.00000000006339462288
41800 98.48341 50.50558 50.84250 0.99337 -0.00000000007511857802
41900 98.48785 50.46636 50.79855 0.99346 -0.00000000007529621371
42000 98.49202 50.43970 50.77579 0.99338 -0.00000000007529621371
42100 98.49462 50.38581 50.73408 0.99314 -0.00000000005712763596
42200 98.50123 50.32537 50.65426 0.99351 -0.00000000004978772949
42300 98.50232 50.28186 50.59765 0.99376 -0.00000000004896349992
42400 98.50859 50.23563 50.56118 0.99356 -0.00000000004801847808
42500 98.50918 50.16836 50.48313 0.99376 -0.00000000002957989409
42600 98.51357 50.09613 50.41567 0.99366 -0.00000000003354472256
42700 98.48501 49.99498 50.33091 0.99333 -0.00000000000353139740
42800 98.46307 49.88989 50.23733 0.99308 0.00000000000424194013
42900 98.46635 49.79350 50.14887 0.99291 -0.00000000001493560831
43000 98.44736 49.68801 50.04179 0.99293 -0.00000000000829913915
43100 98.44783 49.59135 49.94012 0.99302 -0.00000000001000444172
43200 98.45302 49.50578 49.83572 0.99338 -0.00000000000268585154
43300 98.45462 49.44209 49.75117 0.99379 0.00000000000862598881
43400 98.45849 49.39483 49.69944 0.99387 0.00000000000704147851
43500 98.46383 49.32371 49.62948 0.99384 0.00000000000699174052
43600 98.47005 49.28671 49.56638 0.99436 0.00000000000257927013
43700 98.47795 49.26162 49.53138 0.99455 0.00000000000406430445
43800 98.47595 49.24987 49.53032 0.99434 0.00000000000810729262
43900 98.47647 49.26668 49.52389 0.99481 0.00000000000078159701
44000 98.47947 49.32992 49.58234 0.99491 0.00000000000832045544
44100 98.48343 49.40740 49.67096 0.99469 0.00000000000836308800
44200 98.48711 49.50080 49.74276 0.99514 0.00000000000697752967
44300 98.49194 49.58476 49.84014 0.99488 0.00000000001041655651
44400 98.49289 49.70190 49.95279 0.99498 0.00000000002636824092
44500 98.50124 49.83154 50.07913 0.99506 0.00000000000306243919
44600 98.50021 49.92693 50.19252 0.99471 -0.00000000000227373675
44700 98.51182 50.02899 50.28322 0.99494 -0.00000000000022737368
44800 98.50730 50.12411 50.38730 0.99478 -0.00000000001949018724
44900 98.51420 50.21626 50.47030 0.99497 -0.00000000003015543371
45000 98.51484 50.33901 50.59649 0.99491 -0.00000000002660272003
45100 98.52272 50.46662 50.71288 0.99514 -0.00000000002818012490
45200 98.52016 50.62345 50.86540 0.99524 -0.00000000002914646302
45300 98.52337 50.72146 50.99048 0.99472 -0.00000000003230127277
45400 98.52729 50.78774 51.06217 0.99463 -0.00000000002290789780
45500 98.53038 50.82197 51.09259 0.99470 -0.00000000000613908924
45600 98.53280 50.86577 51.14054 0.99463 -0.00000000001630695579
45700 98.53571 50.90370 51.17244 0.99475 -0.00000000001622169066
45800 98.53935 50.93369 51.18627 0.99507 -0.00000000000877520279
45900 98.54261 50.99798 51.25144 0.99505 -0.00000000003365840939
46000 98.56164 51.04332 51.30542 0.99489 -0.00000000001431743613
46100 98.54967 51.10514 51.37371 0.99477 -0.00000000001105604497
46200 98.55638 51.13719 51.41541 0.99459 -0.00000000001851674369
46300 98.55501 51.15961 51.44071 0.99454 -0.00000000001329425459
46400 98.55858 51.16752 51.43913 0.99472 -0.00000000002192024340
46500 98.56537 51.20014 51.47690 0.99462 -0.00000000002325606374
46600 98.56729 51.25792 51.52772 0.99476 -0.00000000003922195901
46700 98.56724 51.31343 51.59294 0.99458 -0.00000000003723954478
46800 98.57315 51.36526 51.64556 0.99457 -0.00000000002371791652
46900 98.57340 51.41022 51.67133 0.99495 0.00000000001438849040
47000 98.57626 51.46628 51.72380 0.99502 0.00000000006890132909
47100 98.58242 51.53308 51.78817 0.99507 0.00000000008350298231
47200 98.58712 51.57258 51.83505 0.99494 0.00000000006498623861
47300 98.58595 51.61123 51.86672 0.99507 0.00000000009015366231
47400 98.59338 51.64393 51.90234 0.99502 0.00000000006930633845
47500 98.59213 51.66871 51.93000 0.99497 0.00000000004781952612
47600 98.59577 51.71616 51.96178 0.99527 0.00000000003619504696
47700 98.59726 51.75102 51.97986 0.99560 0.00000000003681321914
47800 98.60601 51.79600 52.02238 0.99565 0.00000000004482814120
47900 98.60484 51.87464 52.08778 0.99591 0.00000000001901412361
48000 98.61688 52.00651 52.19244 0.99644 0.00000000002226130391
48100 98.60896 52.20893 52.39082 0.99653 0.00000000002100364327
48200 98.61232 52.45182 52.62103 0.99678 -0.00000000000061817218
48300 98.61703 52.72101 52.89624 0.99669 -0.00000000000864730509
48400 98.62195 52.98967 53.15550 0.99688 -0.00000000000230215846
48500 98.62091 53.28994 53.44310 0.99713 -0.00000000000526512167
48600 98.62539 53.52580 53.68819 0.99698 0.00000000001539746108
48700 98.62640 53.74070 53.90119 0.99702 0.00000000005559286365
48800 98.62988 53.94277 54.11020 0.99691 0.00000000004190781056
48900 98.63219 54.15514 54.31397 0.99708 0.00000000001728750476
49000 98.63535 54.41273 54.57199 0.99708 0.00000000001854516540
49100 98.63899 54.70610 54.86028 0.99719 0.00000000000255795385
49200 98.64019 54.97887 55.13351 0.99720 -0.00000000001718092335
49300 98.64290 55.24317 55.40275 0.99712 -0.00000000001042366193
49400 98.64847 55.48060 55.65410 0.99688 0.00000000000595434813
49500 98.65500 55.66348 55.84965 0.99667 0.00000000001541167194
49600 98.65256 55.83125 56.01533 0.99671 -0.00000000004256861530
49700 98.65728 56.00647 56.19983 0.99656 -0.00000000004865086112
49800 98.65723 56.16894 56.35566 0.99669 -0.00000000009250555877
49900 98.66051 56.34597 56.53176 0.99671 -0.00000000010163603292
50000 98.66655 56.55080 56.74259 0.99662 -0.00000000010317791066
50100 98.66445 56.75654 56.93724 0.99683 -0.00000000009460876527
50200 98.66783 56.98981 57.17089 0.99683 -0.00000000008157030607
50300 98.67040 57.22570 57.40030 0.99696 -0.00000000010746248336
50400 98.67287 57.46352 57.66144 0.99657 -0.00000000012799716842
50500 98.67832 57.68347 57.89671 0.99632 -0.00000000012234835367
50600 98.68124 57.86490 58.08415 0.99623 -0.00000000013137224641
50700 98.69043 58.05249 58.26048 0.99643 -0.00000000011425527191
50800 98.68506 58.25486 58.46200 0.99646 -0.00000000011970513469
50900 98.68623 58.46459 58.66744 0.99654 -0.00000000012181544662
51000 98.68901 58.68995 58.89088 0.99659 -0.00000000012615686273
51100 98.69318 58.92651 59.12436 0.99665 -0.00000000011880985085
51200 98.69515 59.18763 59.38015 0.99676 -0.00000000012301626384
51300 98.69616 59.48023 59.66633 0.99688 -0.00000000011436895875
51400 98.69886 59.81327 60.00355 0.99683 -0.00000000010805223383
51500 98.70301 60.15661 60.35937 0.99664 -0.00000000010981437981
51600 98.70331 60.45516 60.66443 0.99655 -0.00000000011363709973
51700 98.71232 60.75697 60.94440 0.99692 -0.00000000012128964499
51800 98.71231 61.04939 61.25041 0.99672 -0.00000000011122835986
51900 98.71222 61.32561 61.53071 0.99667 -0.00000000008704148513
52000 98.71394 61.63569 61.84621 0.99660 -0.00000000005430678129
52100 98.71674 61.96927 62.16855 0.99679 -0.00000000007025846571
52200 98.71811 62.27521 62.50031 0.99640 -0.00000000007458567097
52300 98.72221 62.54664 62.77589 0.99635 -0.00000000007366907084
52400 98.72513 62.83184 63.06170 0.99635 -0.00000000006952660669
52500 98.72671 63.09905 63.33066 0.99634 -0.00000000004290967581
52600 98.72944 63.35209 63.60117 0.99608 -0.00000000001693223339
52700 98.73359 63.57740 63.81474 0.99628 0.00000000000748912043
52800 98.73293 63.80314 64.04330 0.99625 0.00000000000637356834
52900 98.73512 64.02055 64.26839 0.99614 0.00000000000186162197
53000 98.73834 64.23870 64.47959 0.99626 -0.00000000000750333129
53100 98.74129 64.44196 64.67704 0.99637 -0.00000000001811883976
53200 98.74810 64.66623 64.91515 0.99617 0.00000000001165290087
53300 98.74644 64.90346 65.17123 0.99589 -0.00000000000468958206
53400 98.74739 65.13678 65.40379 0.99592 -0.00000000000211741735
53500 98.74982 65.37599 65.64224 0.99594 0.00000000001092814728
53600 98.75673 65.62576 65.88882 0.99601 0.00000000001422506557
53700 98.75416 65.89589 66.13604 0.99637 0.00000000001942623840
53800 98.75617 66.21427 66.45638 0.99636 0.00000000002451372438
53900 98.75910 66.56139 66.80058 0.99642 0.00000000005030642569
54000 98.76209 66.92144 67.17521 0.99622 0.00000000001963940122
54100 98.76333 67.25309 67.50515 0.99627 -0.00000000000228794761
54200 98.76761 67.57882 67.82283 0.99640 -0.00000000001280398010
54300 98.76870 67.91737 68.15333 0.99654 0.00000000000045474735
54400 98.77451 68.25588 68.48122 0.99671 -0.00000000001986677489
54500 98.77222 68.59053 68.82035 0.99666 -0.00000000001922728643
54600 98.77457 68.90882 69.15581 0.99643 -0.00000000002532374310
54700 98.77706 69.20222 69.44598 0.99649 -0.00000000002219735507
54800 98.78028 69.52427 69.75466 0.99670 -0.00000000004537525911
54900 98.78426 69.82734 70.07369 0.99648 -0.00000000001605826583
55000 98.78598 70.09291 70.35258 0.99631 -0.00000000003441869012
55100 98.78585 70.33615 70.58596 0.99646 -0.00000000002748379302
55200 98.78845 70.56918 70.81550 0.99652 -0.00000000001128341864
55300 98.79364 70.78473 71.02877 0.99656 -0.00000000000474642547
55400 98.79404 70.99922 71.23969 0.99662 -0.00000000000284217094
55500 98.79422 71.23210 71.47421 0.99661 -0.00000000001840305686
55600 98.79873 71.49327 71.70218 0.99709 -0.00000000003723243935
55700 98.79936 71.78488 71.97094 0.99741 -0.00000000001693933882
55800 98.80146 72.10337 72.27564 0.99762 -0.00000000000758859642
55900 98.80483 72.46611 72.60899 0.99803 0.00000000000922284471
56000 98.80509 72.85413 73.00144 0.99798 -0.00000000001016076112
56100 98.80901 73.22679 73.36541 0.99811 -0.00000000000015631940
56200 98.81076 73.59212 73.73776 0.99802 -0.00000000000619593266
56300 98.81212 73.96142 74.10753 0.99803 -0.00000000000261479727
56400 98.81397 74.33299 74.48354 0.99798 0.00000000002664535259
56500 98.81848 74.70575 74.86608 0.99786 0.00000000004294520295
56600 98.82117 75.09113 75.24134 0.99800 0.00000000003397815362
56700 98.82490 75.49612 75.63886 0.99811 0.00000000001357136625
56800 98.82295 75.91318 76.04304 0.99829 0.00000000000430588898
56900 98.82590 76.32628 76.47681 0.99803 0.00000000000730437932
57000 98.82750 76.71415 76.87194 0.99795 0.00000000001544719908
57100 98.82932 77.12727 77.27071 0.99814 0.00000000000389377419
57200 98.83387 77.55385 77.69104 0.99823 0.00000000003163336260
57300 98.83366 78.03860 78.17093 0.99831 0.00000000003377920166
57400 98.83562 78.54168 78.66777 0.99840 0.00000000004682476629
57500 98.84228 79.02967 79.14529 0.99854 0.00000000003140598892
57600 98.84000 79.54875 79.66077 0.99859 0.00000000003934985671
57700 98.84219 80.06891 80.17869 0.99863 0.00000000005533706826
57800 98.84317 80.54894 80.67037 0.99849 0.00000000005074696219
57900 98.84617 81.00778 81.14231 0.99834 0.00000000005763922672
58000 98.84829 81.43036 81.58227 0.99814 0.00000000005535127912
58100 98.84867 81.83017 81.97691 0.99821 0.00000000007102585187
58200 98.85355 82.23957 82.36269 0.99851 0.00000000006902212135
58300 98.85242 82.65521 82.77163 0.99859 0.00000000009626432984
58400 98.85572 83.08149 83.21971 0.99834 0.00000000009012524060
58500 98.86031 83.47665 83.62388 0.99824 0.00000000010494716207
58600 98.85876 83.87806 84.01714 0.99834 0.00000000007277378700
58700 98.85998 84.32140 84.45232 0.99845 0.00000000006718892109
58800 98.86421 84.77731 84.89570 0.99861 0.00000000008726885881
58900 98.86759 85.24640 85.38267 0.99840 0.00000000009382006283
59000 98.86728 85.70053 85.87082 0.99802 0.00000000009012524060
59100 98.86901 86.10207 86.29334 0.99778 0.00000000008563461051
59200 98.86963 86.48084 86.69465 0.99753 0.00000000007379696854
59300 98.87285 86.84534 87.04203 0.99774 0.00000000005688605142
59400 98.87805 87.21584 87.42336 0.99763 0.00000000005498179689
59500 98.87830 87.57611 87.76639 0.99783 0.00000000003765876500
59600 98.87760 87.92735 88.13289 0.99767 0.00000000002182787284
59700 98.87914 88.26738 88.48378 0.99755 0.00000000001857358711
59800 98.88216 88.59905 88.81738 0.99754 0.00000000002040678737
59900 98.88397 88.93033 89.16105 0.99741 0.00000000001179500941
60000 98.88496 89.25886 89.49603 0.99735 0.00000000003616662525
60100 98.88724 89.59236 89.82852 0.99737 0.00000000002989963832
60200 98.88988 89.89858 90.14566 0.99726 0.00000000005270806014
60300 98.89339 90.20791 90.45693 0.99725 0.00000000003413447303
60400 98.89235 90.49558 90.76306 0.99705 0.00000000003994671260
60500 98.89517 90.77561 91.02989 0.99721 0.00000000003966249551
60600 98.89823 91.09424 91.32330 0.99749 0.00000000005115907697
60700 98.89847 91.44513 91.67016 0.99755 0.00000000006811262665
60800 98.90051 91.80368 92.04287 0.99740 0.00000000005317701834
60900 98.90354 92.15508 92.41457 0.99719 0.00000000005211120424
61000 98.90513 92.48632 92.75546 0.99710 0.00000000004457945124
61100 98.90481 92.80890 93.07242 0.99717 0.00000000004386890851
61200 98.90849 93.13229 93.39324 0.99721 0.00000000003602451670
61300 98.91002 93.46340 93.73098 0.99715 0.00000000004621369953
61400 98.91076 93.76587 94.05692 0.99691 0.00000000004051514679
61500 98.91216 94.03693 94.34220 0.99676 0.00000000004320099833
61600 98.91806 94.28773 94.59640 0.99674 0.00000000004374101081
61700 98.91729 94.53623 94.84984 0.99669 0.00000000006610889614
61800 98.92103 94.74153 95.08463 0.99639 0.00000000005938716185
61900 98.92036 94.94443 95.28617 0.99641 0.00000000005245226475
62000 98.92064 95.14346 95.48536 0.99642 0.00000000004928324415
62100 98.92336 95.30407 95.66454 0.99623 0.00000000006571099220
62200 98.92593 95.46402 95.81834 0.99630 0.00000000006774314443
62300 98.92837 95.61571 95.97465 0.99626 0.00000000007949552128
62400 98.92883 95.76993 96.12423 0.99631 0.00000000007649703093
62500 98.92971 95.90733 96.29714 0.99595 0.00000000008569145393
62600 98.93243 96.01838 96.39565 0.99609 0.00000000004618527782
62700 98.93269 96.15246 96.52501 0.99614 0.00000000002694378054
62800 98.93518 96.26423 96.63507 0.99616 0.00000000003203126653
62900 98.93658 96.38411 96.76873 0.99603 0.00000000003589661901
63000 98.93816 96.47075 96.85973 0.99598 0.00000000000896704933
63100 98.94451 96.51984 96.89760 0.99610 -0.00000000001844568942
63200 98.94575 96.56580 96.97704 0.99576 -0.00000000002165734259
63300 98.94398 96.58988 97.01134 0.99566 -0.00000000000814281975
63400 98.94776 96.59603 97.04144 0.99541 -0.00000000002148681233
63500 98.94951 96.58514 97.02980 0.99542 -0.00000000003285549610
63600 98.94781 96.58816 97.01374 0.99561 -0.00000000000997602001
63700 98.95170 96.59956 97.02145 0.99565 -0.00000000003221600764
63800 98.95161 96.66047 97.08502 0.99563 -0.00000000003086597644
63900 98.95644 96.72988 97.14797 0.99570 -0.00000000002133049293
64000 98.95442 96.82248 97.24031 0.99570 -0.00000000000962074864
64100 98.95662 96.90823 97.32882 0.99568 0.00000000000345323770
64200 98.95858 96.99263 97.40684 0.99575 0.00000000001166711172
64300 98.96138 97.09155 97.50554 0.99575 0.00000000002405897703
64400 98.96127 97.21203 97.60457 0.99598 0.00000000002927436071
64500 98.96409 97.33868 97.72656 0.99603 0.00000000002454214609
64600 98.96449 97.46108 97.87318 0.99579 0.00000000003170441687
64700 98.96861 97.59208 97.97671 0.99607 0.00000000006072298220
64800 98.96822 97.74220 98.12683 0.99608 0.00000000006821210263
64900 98.97011 97.88564 98.25960 0.99619 0.00000000008775202787
65000 98.97586 98.01454 98.40209 0.99606 0.00000000011482370610
65100 98.97474 98.12411 98.52973 0.99588 0.00000000011911538422
65200 98.97594 98.24493 98.64587 0.99594 0.00000000014223644484
65300 98.97591 98.37160 98.78459 0.99582 0.00000000016956391846
65400 98.97696 98.46248 98.90103 0.99557 0.00000000019809931473
65500 98.97901 98.54134 98.98716 0.99550 0.00000000020251889055
65600 98.98021 98.64910 99.07955 0.99566 0.00000000016513013179
65700 98.98217 98.74051 99.17373 0.99563 0.00000000018637535959
65800 98.98672 98.83382 99.26528 0.99565 0.00000000022129142963
65900 98.98480 98.91232 99.36618 0.99543 0.00000000028089175430
66000 98.98635 98.99468 99.42855 0.99564 0.00000000029967850423
66100 98.98832 99.08836 99.53408 0.99552 0.00000000025879387522
66200 98.99033 99.13522 99.60617 0.99527 0.00000000028818192277
66300 98.99201 99.18181 99.65075 0.99529 0.00000000026371083095
66400 98.99250 99.20105 99.69050 0.99509 0.00000000026405189146
66500 98.99439 99.18932 99.68700 0.99501 0.00000000030455282740
66600 98.99559 99.15744 99.67076 0.99485 0.00000000028565239063
66700 98.99800 99.12516 99.61352 0.99510 0.00000000026496138616
66800 98.99988 99.11053 99.61307 0.99496 0.00000000020847323867
66900 98.99989 99.08435 99.59498 0.99487 0.00000000019613821678
67000 99.00288 99.04849 99.55518 0.99491 0.00000000013582734937
67100 99.00343 98.99663 99.51869 0.99475 0.00000000009475797924
67200 99.00639 98.92711 99.43613 0.99488 0.00000000008832046205
67300 99.00789 98.86902 99.36659 0.99499 0.00000000013082512851
67400 99.00895 98.82369 99.31733 0.99503 0.00000000011911538422
67500 99.00872 98.80272 99.27187 0.99527 0.00000000004001776688
67600 99.01024 98.80019 99.29372 0.99503 0.00000000004891376193
67700 99.01242 98.77396 99.26958 0.99501 0.00000000005196909569
67800 99.01347 98.71977 99.21291 0.99503 0.00000000006154721177
67900 99.01757 98.66635 99.14528 0.99517 0.00000000006455991297
68000 99.01588 98.62341 99.09411 0.99525 0.00000000004564526535
68100 99.01788 98.58338 99.03127 0.99548 0.00000000005080380561
68200 99.01992 98.55759 98.99888 0.99554 0.00000000008316192179
68300 99.02248 98.52752 98.98112 0.99542 0.00000000010035705600
68400 99.02409 98.51241 98.92750 0.99580 0.00000000006852474144
68500 99.02313 98.52747 98.92316 0.99600 0.00000000010108180959
68600 99.02671 98.55604 98.96141 0.99590 0.00000000020317258986
68700 99.02599 98.58030 98.97505 0.99601 0.00000000025012525384
68800 99.02826 98.61268 99.00554 0.99603 0.00000000028354918413
68900 99.02878 98.66484 99.04290 0.99618 0.00000000029689317671
69000 99.03478 98.71365 99.10432 0.99606 0.00000000030873081869
69100 99.03206 98.75204 99.13221 0.99616 0.00000000032612490486
69200 99.03309 98.76675 99.14787 0.99616 0.00000000027144153592
69300 99.03521 98.78466 99.16529 0.99616 0.00000000023284485451
69400 99.03668 98.79579 99.19888 0.99594 0.00000000023062796117
69500 99.03848 98.80033 99.19282 0.99604 0.00000000022592416826
69600 99.03883 98.82180 99.20808 0.99611 0.00000000020226309516
69700 99.04104 98.82934 99.22796 0.99598 0.00000000020801849132
69800 99.04162 98.82207 99.22294 0.99596 0.00000000025943336368
69900 99.04294 98.80326 99.17499 0.99625 0.00000000025477220333
70000 99.04406 98.78395 99.15934 0.99621 0.00000000027229418720
70100 99.04604 98.71378 99.10539 0.99605 0.00000000029065461149
70200 99.04676 98.61814 99.00740 0.99607 0.00000000029861269013
70300 99.05256 98.51722 98.90411 0.99609 0.00000000028657609619
70400 99.05017 98.43159 98.79788 0.99629 0.00000000030824764963
70500 99.05127 98.32555 98.69092 0.99630 0.00000000027360158583
70600 99.04449 98.19613 98.57031 0.99620 0.00000000023857182896
70700 99.01755 98.06076 98.44647 0.99608 0.00000000020433787995
70800 99.00837 97.93093 98.30722 0.99617 0.00000000021105961423
70900 99.00520 97.82566 98.18989 0.99629 0.00000000021059065602
71000 99.00809 97.72339 98.09644 0.99620 0.00000000025173108043
71100 99.00161 97.59675 97.97293 0.99616 0.00000000022599522254
71200 98.98794 97.46512 97.84854 0.99608 0.00000000025330848530
71300 98.97448 97.33439 97.71676 0.99609 0.00000000023368329494
71400 98.97682 97.20838 97.59521 0.99604 0.00000000025480062504
71500 98.97810 97.09196 97.46410 0.99618 0.00000000025835333872
71600 98.95960 96.96163 97.34776 0.99603 0.00000000026929569685
71700 98.95246 96.83752 97.22397 0.99603 0.00000000027982594020
71800 98.93439 96.70848 97.08981 0.99607 0.00000000029083935260
71900 98.93483 96.60087 96.97177 0.99618 0.00000000028420288345
72000 98.93476 96.51120 96.85963 0.99640 0.00000000027399948976
72100 98.93641 96.43919 96.78418 0.99644 0.00000000020182255867
72200 98.94016 96.38428 96.70843 0.99665 0.00000000022568258373
72300 98.93937 96.33436 96.64179 0.99682 0.00000000022059509774
72400 98.94160 96.29235 96.57781 0.99704 0.00000000025339375043
72500 98.94626 96.26223 96.56591 0.99686 0.00000000029722002637
72600 98.94374 96.24213 96.53199 0.99700 0.00000000028339286473
72700 98.94567 96.24489 96.53569 0.99699 0.00000000023965185392
72800 98.94664 96.25672 96.54982 0.99696 0.00000000021830715013
72900 98.95237 96.24509 96.53775 0.99697 0.00000000018020784864
73000 98.95051 96.22797 96.52946 0.99688 0.00000000017263346308
73100 98.95115 96.18510 96.50591 0.99668 0.00000000019450396849
73200 98.95249 96.13280 96.43449 0.99687 0.00000000019494450498
73300 98.95372 96.11920 96.42439 0.99683 0.00000000017899992599
73400 98.95563 96.08893 96.39492 0.99683 0.00000000015140244614
73500 98.95954 96.04501 96.35702 0.99676 0.00000000014847501006
73600 98.95833 95.99609 96.30227 0.99682 0.00000000016925127966
73700 98.95993 95.95471 96.24854 0.99695 0.00000000012859402432
73800 98.96330 95.92566 96.22424 0.99690 0.00000000016447643247
73900 98.96366 95.90241 96.19137 0.99700 0.00000000017124079932
74000 98.96361 95.89369 96.17050 0.99712 0.00000000017453771761
74100 98.96811 95.87511 96.15801 0.99706 0.00000000017651302642
74200 98.96719 95.85184 96.13948 0.99701 0.00000000015322143554
74300 98.96906 95.83792 96.11475 0.99712 0.00000000012229861568
74400 98.97260 95.84519 96.10871 0.99726 0.00000000015634782358
74500 98.97075 95.88089 96.12216 0.99749 0.00000000011752376849
74600 98.97211 95.92571 96.16807 0.99748 0.00000000009916334420
74700 98.97390 95.99338 96.21621 0.99768 0.00000000008382983196
74800 98.98000 96.06293 96.29595 0.99758 0.00000000007015898973
74900 98.97787 96.14396 96.37686 0.99758 0.00000000006643574579
75000 98.97932 96.24722 96.45041 0.99789 0.00000000001800515292
75100 98.97893 96.34419 96.58598 0.99750 -0.00000000002278000011
75200 98.98112 96.42531 96.67214 0.99745 -0.00000000001689670626
75300 98.98306 96.50822 96.75107 0.99749 -0.00000000000666489086
75400 98.98414 96.58272 96.83701 0.99737 -0.00000000001080024958
75500 98.98413 96.64857 96.88983 0.99751 0.00000000004025935141
75600 98.98711 96.71492 96.94574 0.99762 0.00000000002290789780
75700 98.98763 96.78326 97.02165 0.99754 0.00000000001897149104
75800 98.98978 96.84756 97.09863 0.99741 0.00000000003898037448
75900 98.99351 96.90752 97.14173 0.99759 0.00000000008205347513
76000 98.99153 96.97083 97.20874 0.99755 0.00000000011804957012
76100 98.99289 97.04390 97.26501 0.99773 0.00000000010219025626
76200 98.99456 97.11774 97.34129 0.99770 0.00000000010199130429
76300 98.99626 97.19748 97.41069 0.99781 0.00000000009765699360
76400 98.99646 97.29837 97.50128 0.99792 0.00000000011716849713
76500 98.99764 97.40740 97.61539 0.99787 0.00000000012347811662
76600 99.00019 97.50296 97.71984 0.99778 0.00000000012316547782
76700 99.00035 97.56714 97.76854 0.99794 0.00000000015553780486
76800 99.00130 97.63753 97.84903 0.99784 0.00000000014431122963
76900 99.00617 97.71256 97.92905 0.99779 0.00000000014078693766
77000 99.00699 97.79073 98.00455 0.99782 0.00000000017351453607
77100 99.00546 97.86657 98.08028 0.99782 0.00000000022120616450
77200 99.00680 97.93863 98.14713 0.99788 0.00000000020327206585
77300 99.01174 98.00096 98.20805 0.99789 0.00000000020844481696
77400 99.00979 98.05015 98.26471 0.99782 0.00000000021694290808
77500 99.01541 98.08702 98.30393 0.99779 0.00000000022473045647
77600 99.01229 98.11207 98.34780 0.99760 0.00000000023685231554
77700 99.01372 98.11590 98.34753 0.99764 0.00000000022720314519
77800 99.01600 98.13333 98.34823 0.99781 0.00000000021569235287
77900 99.01899 98.15812 98.37280 0.99782 0.00000000021424284569
78000 99.01694 98.17644 98.38204 0.99791 0.00000000019056756173
78100 99.01878 98.20495 98.43307 0.99768 0.00000000015946000076
78200 99.01973 98.22101 98.45897 0.99758 0.00000000021907453629
78300 99.02457 98.21247 98.45137 0.99757 0.00000000019251444883
78400 99.02407 98.18689 98.43423 0.99749 0.00000000019075230284
78500 99.02357 98.12467 98.38536 0.99735 0.00000000017750778625
78600 99.02713 98.03600 98.30114 0.99730 0.00000000020422419311
78700 99.02772 97.93746 98.19699 0.99736 0.00000000022565416202
78800 99.02707 97.83325 98.09467 0.99734 0.00000000021510970782
78900 99.02810 97.72630 97.98337 0.99738 0.00000000019653612071
79000 99.02971 97.63091 97.87870 0.99747 0.00000000018313528471
79100 99.03057 97.52364 97.76837 0.99750 0.00000000016260059965
79200 99.02422 97.40853 97.65390 0.99749 0.00000000014142642613
79300 99.02105 97.29322 97.54046 0.99747 0.00000000012352074918
79400 99.02430 97.18819 97.42623 0.99756 0.00000000015565149170
79500 99.02350 97.09489 97.32382 0.99765 0.00000000014675549664
79600 99.02541 97.00160 97.23002 0.99765 0.00000000014472334442
79700 99.02716 96.90021 97.12078 0.99773 0.00000000013334044979
79800 99.02754 96.81759 97.02428 0.99787 0.00000000014561862827
79900 99.02850 96.74204 96.94345 0.99792 0.00000000013126566500
80000 99.03096 96.68316 96.87691 0.99800 0.00000000012062173482
80100 99.03171 96.64173 96.83031 0.99805 0.00000000011094414276
80200 99.03228 96.62461 96.80929 0.99809 0.00000000013352519090
80300 99.03413 96.58628 96.78999 0.99790 0.00000000013511680663
80400 99.03682 96.54126 96.73859 0.99796 0.00000000020537527234
80500 99.03715 96.49716 96.68212 0.99809 0.00000000022390622689
80600 99.03725 96.47354 96.64501 0.99823 0.00000000025829649530
80700 99.03836 96.43684 96.60683 0.99824 0.00000000026049917778
80800 99.03966 96.39200 96.57128 0.99814 0.00000000026336977044
80900 99.04164 96.35490 96.53509 0.99813 0.00000000029449154226
81000 99.04152 96.28886 96.48421 0.99798 0.00000000028852298328
81100 99.04714 96.21331 96.42852 0.99777 0.00000000029810109936
81200 99.04742 96.12839 96.34909 0.99771 0.00000000030709657040
81300 99.01773 96.02018 96.26647 0.99744 0.00000000032393643323
81400 99.00986 95.90682 96.15725 0.99740 0.00000000030964031339
81500 99.00736 95.79658 96.06060 0.99725 0.00000000033551827983
81600 99.01010 95.70147 95.95547 0.99735 0.00000000035920777464
81700 99.01212 95.60722 95.88302 0.99712 0.00000000036217784327
81800 99.01249 95.51242 95.79700 0.99703 0.00000000036588687635
81900 99.01592 95.42692 95.69684 0.99718 0.00000000033672620248
82000 99.01412 95.34960 95.61078 0.99727 0.00000000035831249079
82100 99.01475 95.27602 95.53435 0.99730 0.00000000032623859170
82200 99.01618 95.21232 95.46200 0.99738 0.00000000033450930914
82300 99.01713 95.15116 95.39806 0.99741 0.00000000035338132420
82400 99.01944 95.06348 95.33305 0.99717 0.00000000038036773731
82500 99.02064 94.96992 95.24931 0.99707 0.00000000039327119339
82600 99.02089 94.88241 95.14735 0.99722 0.00000000034485481137
82700 99.02191 94.80854 95.05566 0.99740 0.00000000042820147428
82800 99.02461 94.74019 94.99029 0.99737 0.00000000043691272822
82900 99.02589 94.66875 94.91835 0.99737 0.00000000042513192966
83000 99.02543 94.58860 94.82853 0.99747 0.00000000046568970902
83100 99.02651 94.51207 94.75723 0.99741 0.00000000047127457492
83200 99.02791 94.44617 94.67375 0.99760 0.00000000046316017688
83300 99.02899 94.40565 94.64539 0.99747 0.00000000045314152430
83400 99.03038 94.34151 94.58194 0.99746 0.00000000043269210437
83500 99.03125 94.26950 94.52080 0.99734 0.00000000041852388222
83600 99.03391 94.19190 94.41891 0.99760 0.00000000040310510485
83700 99.03335 94.11177 94.34510 0.99753 0.00000000040590464323
83800 99.03455 94.01884 94.25956 0.99745 0.00000000040276404434
83900 99.02147 93.91104 94.15007 0.99746 0.00000000039595704493
84000 99.02431 93.81425 94.04937 0.99750 0.00000000037644554141
84100 99.02071 93.72067 93.95976 0.99746 0.00000000035474556626
84200 99.02172 93.61939 93.85458 0.99749 0.00000000038207303987
84300 99.02170 93.53187 93.75207 0.99765 0.00000000042012970880
84400 99.02423 93.43930 93.68016 0.99743 0.00000000043242209813
84500 99.02535 93.33673 93.57037 0.99750 0.00000000039926817408
84600 99.02867 93.24789 93.47107 0.99761 0.00000000037989877910
84700 99.02835 93.18135 93.40079 0.99765 0.00000000034830804907
84800 99.02933 93.10433 93.32774 0.99761 0.00000000034559377582
84900 99.02861 93.02909 93.25316 0.99760 0.00000000033419667034
85000 99.03058 92.93328 93.17554 0.99740 0.00000000032706282127
85100 99.03164 92.83696 93.08526 0.99733 0.00000000035454661429
85200 99.03242 92.74365 92.99031 0.99735 0.00000000038052405671
85300 99.03388 92.65127 92.89412 0.99739 0.00000000035213076899
85400 99.03482 92.56503 92.80302 0.99744 0.00000000034161473650
85500 99.03638 92.47709 92.70805 0.99751 0.00000000032399327665
85600 99.03726 92.38646 92.62669 0.99741 0.00000000033671199162
85700 99.03771 92.30067 92.52307 0.99760 0.00000000037566394440
85800 99.04146 92.22218 92.45170 0.99752 0.00000000035751668293
85900 99.04055 92.14447 92.38862 0.99736 0.00000000034816594052
86000 99.04302 92.06272 92.30422 0.99738 0.00000000032939340144
86100 99.04405 91.99219 92.22677 0.99746 0.00000000036961012029
86200 99.04338 91.93026 92.15798 0.99753 0.00000000034465585941
86300 99.04584 91.86909 92.08890 0.99761 0.00000000033300295854
86400 99.04728 91.81686 92.02562 0.99773 0.00000000030009061902
86500 99.04671 91.76744 91.98331 0.99765 0.00000000027498003874
86600 99.04783 91.71730 91.92429 0.99775 0.00000000028560975807
86700 99.04884 91.68236 91.87310 0.99792 0.00000000027540636438
86800 99.05168 91.66198 91.85034 0.99795 0.00000000029808688851
86900 99.05103 91.64094 91.84810 0.99774 0.00000000030493652048
87000 99.05220 91.61422 91.81897 0.99777 0.00000000030397018236
87100 99.05394 91.59526 91.79339 0.99784 0.00000000027802116165
87200 99.05497 91.59005 91.79955 0.99772 0.00000000029751845432
87300 99.05547 91.59215 91.79930 0.99774 0.00000000026147972676
87400 99.05752 91.60267 91.81487 0.99769 0.00000000024321877845
87500 99.05763 91.60119 91.83840 0.99742 0.00000000025825386274
87600 99.05882 91.59599 91.82555 0.99750 0.00000000024219559691
87700 99.06113 91.58058 91.81404 0.99746 0.00000000026533086839
87800 99.06168 91.56928 91.81817 0.99729 0.00000000026498980787
87900 99.06201 91.56517 91.80644 0.99737 0.00000000028470026336
88000 99.06357 91.56619 91.79045 0.99756 0.00000000035498715079
88100 99.06398 91.56092 91.78491 0.99756 0.00000000035078073779
88200 99.06568 91.53122 91.77053 0.99739 0.00000000031180036331
88300 99.06640 91.50221 91.74638 0.99734 0.00000000028651925277
88400 99.06709 91.47139 91.71000 0.99740 0.00000000028745716918
88500 99.06819 91.44540 91.68991 0.99733 0.00000000030746605262
88600 99.07111 91.42905 91.64627 0.99763 0.00000000030736657664
88700 99.07056 91.41822 91.62999 0.99769 0.00000000025677593385
88800 99.07257 91.40119 91.62096 0.99760 0.00000000028251179174
88900 99.07246 91.38477 91.60735 0.99757 0.00000000025393376291
89000 99.07448 91.36081 91.58308 0.99757 0.00000000025303847906
89100 99.07458 91.34768 91.57172 0.99755 0.00000000024323298931
89200 99.07636 91.35408 91.56452 0.99770 0.00000000021510970782
89300 99.07712 91.38319 91.58214 0.99783 0.00000000022339463612
89400 99.07842 91.41449 91.61535 0.99781 0.00000000029352520414
89500 99.07950 91.43973 91.64144 0.99780 0.00000000031268143630
89600 99.07962 91.44117 91.65598 0.99766 0.00000000029628210996
89700 99.08072 91.45710 91.67069 0.99767 0.00000000031509728160
89800 99.08364 91.48002 91.68115 0.99781 0.00000000030240698834
89900 99.08337 91.48160 91.68251 0.99781 0.00000000028491342619
90000 99.08385 91.49533 91.68481 0.99793 0.00000000030819080621
90100 99.08617 91.51557 91.69775 0.99801 0.00000000029513103073
90200 99.08602 91.53499 91.71395 0.99805 0.00000000031788260912
90300 99.08790 91.57726 91.74897 0.99813 0.00000000037968561628
90400 99.08770 91.61646 91.79721 0.99803 0.00000000036028779959
90500 99.08969 91.63444 91.82113 0.99797 0.00000000036284575344
90600 99.09126 91.63061 91.82521 0.99788 0.00000000040937209178
90700 99.09081 91.59105 91.80361 0.99768 0.00000000041909231641
90800 99.09205 91.51952 91.74282 0.99757 0.00000000041360692649
90900 99.09275 91.43363 91.65849 0.99755 0.00000000038922109979
91000 99.09386 91.34827 91.57267 0.99755 0.00000000040157033254
91100 99.09545 91.28210 91.49301 0.99769 0.00000000036821745653
91200 99.09661 91.20929 91.40975 0.99781 0.00000000036342839849
91300 99.09852 91.13775 91.33382 0.99785 0.00000000039251801809
91400 99.09966 91.08896 91.28471 0.99786 0.00000000037555025756
91500 99.10029 91.04960 91.23406 0.99798 0.00000000039568703869
91600 99.10048 91.02442 91.21062 0.99796 0.00000000040236614041
91700 99.10122 90.99378 91.17673 0.99799 0.00000000041136161144
91800 99.10361 90.94454 91.12222 0.99805 0.00000000040704151161
91900 99.10262 90.90245 91.07588 0.99810 0.00000000043483794343
92000 99.10557 90.85325 91.03631 0.99799 0.00000000042761882924
92100 99.10861 90.81317 90.98902 0.99807 0.00000000039871395074
92200 99.10974 90.76779 90.93743 0.99813 0.00000000042354031393
92300 99.10786 90.71551 90.89573 0.99802 0.00000000043856118737
92400 99.10768 90.65295 90.84270 0.99791 0.00000000047506887313
92500 99.10886 90.57787 90.77808 0.99779 0.00000000047862158681
92600 99.09836 90.48549 90.69411 0.99770 0.00000000043738168642
92700 99.09940 90.41157 90.60803 0.99783 0.00000000045076831157
92800 99.10101 90.34326 90.53448 0.99789 0.00000000048773074468
92900 99.10305 90.28619 90.46536 0.99802 0.00000000049263348956
93000 99.10242 90.23046 90.40544 0.99806 0.00000000048569859246
93100 99.10509 90.18602 90.36170 0.99806 0.00000000051348081342
93200 99.10532 90.14955 90.32788 0.99803 0.00000000039794656459
93300 99.10554 90.11023 90.29217 0.99798 0.00000000034280844829
93400 99.10664 90.06804 90.25357 0.99794 0.00000000030823343877
93500 99.10898 90.01041 90.21110 0.99778 0.00000000032119373827
93600 99.10922 89.93275 90.13498 0.99776 0.00000000028532554097
93700 99.10913 89.84917 90.05292 0.99774 0.00000000028397550977
93800 99.10986 89.77086 89.96556 0.99784 0.00000000026666668873
93900 99.09780 89.68030 89.88994 0.99767 0.00000000024269297683
94000 99.08690 89.59424 89.80059 0.99770 0.00000000027512214729
94100 99.08954 89.53222 89.73343 0.99776 0.00000000028236968319
94200 99.08906 89.45593 89.64531 0.99789 0.00000000022164670099
94300 99.07862 89.36980 89.55975 0.99788 0.00000000018408741198
94400 99.06459 89.27913 89.47438 0.99782 0.00000000017925572138
94500 99.04159 89.18745 89.38798 0.99776 0.00000000022666313271
94600 99.01869 89.09596 89.29891 0.99773 0.00000000030290436825
94700 99.00213 89.00808 89.21723 0.99766 0.00000000029237412491
94800 99.00141 88.93735 89.14422 0.99768 0.00000000027635849165
94900 99.00213 88.85807 89.04291 0.99792 0.00000000026611246540
95000 98.99819 88.76924 88.96120 0.99784 0.00000000030222224723
95100 98.99299 88.68379 88.87444 0.99785 0.00000000026125235308
95200 98.99387 88.61921 88.80110 0.99795 0.00000000023580071229
95300 98.99526 88.55805 88.72936 0.99807 0.00000000016044054973
95400 99.00043 88.49260 88.67106 0.99799 0.00000000015074874682
95500 98.99892 88.41391 88.59481 0.99796 0.00000000012632028756
95600 98.99815 88.34295 88.51424 0.99806 0.00000000011544898371
95700 99.00097 88.28006 88.42975 0.99831 0.00000000003544187166
95800 99.00049 88.21325 88.37561 0.99816 0.00000000004986588920
95900 99.00253 88.13157 88.30745 0.99801 0.00000000005822187177
96000 99.00307 88.04748 88.22116 0.99803 0.00000000012016698747
96100 99.00558 87.97015 88.14258 0.99804 0.00000000008870415513
96200 99.00554 87.90900 88.08297 0.99802 0.00000000006974687494
96300 99.00580 87.85116 88.01018 0.99819 0.00000000009536904599
96400 99.01074 87.79255 87.96227 0.99807 0.00000000017649881556
96500 99.00783 87.72721 87.89297 0.99811 0.00000000019598189738
96600 99.00624 87.65421 87.83424 0.99795 0.00000000014468071186
96700 98.99344 87.56584 87.76460 0.99774 0.00000000015202772374
96800 98.98227 87.48200 87.67310 0.99782 0.00000000012246914594
96900 98.98383 87.40701 87.58779 0.99794 0.00000000009730172223
97000 98.98342 87.34146 87.51650 0.99800 0.00000000010589928934
97100 98.98437 87.26624 87.43012 0.99813 0.00000000012151701867
97200 98.98560 87.19096 87.35182 0.99816 0.00000000003511502200
97300 98.98709 87.11594 87.27381 0.99819 0.00000000007609912700
97400 98.98518 87.04004 87.20747 0.99808 0.00000000006386358109
97500 98.98686 86.96290 87.12106 0.99818 0.00000000002165734259
97600 98.96957 86.87757 87.03899 0.99815 0.00000000001830358087
97700 98.96281 86.79629 86.97076 0.99799 0.00000000005492495347
97800 98.94220 86.70999 86.89034 0.99792 0.00000000013683632005
97900 98.93916 86.62811 86.79123 0.99812 0.00000000013575629509
98000 98.94035 86.55626 86.72174 0.99809 0.00000000020202151063
98100 98.94154 86.49086 86.65782 0.99807 0.00000000023361224066
98200 98.94281 86.43743 86.59351 0.99820 0.00000000020411050627
98300 98.94474 86.39514 86.55010 0.99821 0.00000000019005597096
98400 98.94532 86.35263 86.49503 0.99835 0.00000000018391688172
98500 98.94530 86.32624 86.47284 0.99830 0.00000000018080470454
98600 98.94641 86.29554 86.43492 0.99839 0.00000000016389378743
98700 98.94745 86.25564 86.39920 0.99834 0.00000000016022738691
98800 98.94881 86.21040 86.35899 0.99828 0.00000000024962787393
98900 98.95111 86.16320 86.31506 0.99824 0.00000000023236168545
99000 98.95116 86.10581 86.26265 0.99818 0.00000000026277291454
99100 98.95214 86.04009 86.20101 0.99813 0.00000000029099567200
99200 98.95337 85.97195 86.13345 0.99813 0.00000000033276137401
99300 98.95118 85.89179 86.06080 0.99804 0.00000000036769165490
99400 98.95176 85.84019 86.00631 0.99807 0.00000000036737901610
99500 98.95228 85.79006 85.96545 0.99796 0.00000000037464076286
99600 98.95396 85.72590 85.90703 0.99789 0.00000000034891911582
99700 98.95447 85.66546 85.85491 0.99779 0.00000000037773872918
99800 98.95582 85.61181 85.80784 0.99772 0.00000000032798652683
99900 98.95773 85.54898 85.75758 0.99757 0.00000000040910208554
100000 98.95476 85.47708 85.69646 0.99744 0.00000000043694114993
