#Arquivo Dados/Coleta95.txt 
#Parametros(Chegada/saida/tempo): 1.000/0.950/100000
#Coleta|Ocupação|E(n)|E(w)|lambda|Little

100 92.46374 2.97091 5.40166 0.55000 0.00000000000000088818
200 86.09953 3.36293 4.60676 0.73000 -0.00000000000006616929
300 83.68541 3.56016 4.87693 0.73000 -0.00000000000006261658
400 85.47765 3.68478 4.54911 0.81000 0.00000000000000399680
500 84.36215 3.85998 4.80097 0.80400 -0.00000000000004529710
600 85.41158 4.03457 4.83182 0.83500 -0.00000000000005773160
700 87.38984 5.69266 6.61938 0.86000 -0.00000000000003286260
800 88.29037 5.56193 6.28466 0.88500 -0.00000000000023625546
900 88.52772 5.63827 6.25702 0.90111 -0.00000000000018385293
1000 89.60384 7.00860 7.62633 0.91900 -0.00000000000000621725
1100 90.46534 9.16536 9.89392 0.92636 0.00000000000037836401
1200 91.25425 10.59514 11.32161 0.93583 0.00000000000103383968
1300 92.05030 11.38754 12.14422 0.93769 0.00000000000140332190
1400 92.54123 11.81266 12.55712 0.94071 0.00000000000144950718
1500 93.13967 12.09248 12.76476 0.94733 0.00000000000099298347
1600 93.50256 13.10056 13.68205 0.95750 0.00000000000163780101
1700 93.90354 14.83219 15.45019 0.96000 0.00000000000243183251
1800 94.42862 15.91212 16.72027 0.95167 0.00000000000324362759
1900 94.57995 17.09882 17.81127 0.96000 0.00000000000349942297
2000 94.79129 18.50276 19.26368 0.96050 0.00000000000358113539
2100 95.01588 19.32785 20.25374 0.95429 0.00000000000337507799
2200 95.23027 19.67019 20.48978 0.96000 0.00000000000218847163
2300 95.43879 19.64713 20.38267 0.96391 0.00000000000136068934
2400 95.60698 19.12947 19.81473 0.96542 0.00000000000101962883
2500 95.84271 18.91870 19.56027 0.96720 0.00000000000094146912
2600 95.33247 18.47882 19.10335 0.96731 0.00000000000111910481
2700 95.49690 18.03520 18.57880 0.97074 0.00000000000256150656
2800 95.48711 17.61753 18.12237 0.97214 0.00000000000171951342
2900 95.41500 17.32786 17.80681 0.97310 0.00000000000296296321
3000 95.21167 16.95718 17.40984 0.97400 0.00000000000216715534
3100 95.40189 16.82018 17.23721 0.97581 0.00000000000159161573
3200 95.51130 16.55585 17.00216 0.97375 0.00000000000099120712
3300 95.61437 16.44671 16.81355 0.97818 0.00000000000004263256
3400 95.20241 16.11803 16.50144 0.97676 0.00000000000220623519
3500 95.37914 16.03362 16.46163 0.97400 0.00000000000046185278
3600 94.98361 15.69739 16.15512 0.97167 -0.00000000000034994230
3700 95.13731 15.73185 16.13300 0.97514 0.00000000000121680443
3800 95.26075 16.22063 16.57837 0.97842 0.00000000000041211479
3900 95.36069 16.83127 17.19276 0.97897 0.00000000000010658141
4000 95.47816 17.37021 17.82016 0.97475 -0.00000000000120081722
4100 95.59284 17.86179 18.36803 0.97244 -0.00000000000009592327
4200 95.69465 18.49087 18.98354 0.97405 0.00000000000072120088
4300 95.81670 18.52136 18.95332 0.97721 0.00000000000053645977
4400 95.90667 18.42456 18.84866 0.97750 0.00000000000199662509
4500 95.75295 18.13158 18.54366 0.97778 0.00000000000224176233
4600 95.61889 17.84676 18.26365 0.97717 0.00000000000515498755
4700 95.75253 17.70382 18.07690 0.97936 0.00000000000104449782
4800 95.83279 17.89017 18.21655 0.98208 -0.00000000000022737368
4900 95.87858 18.07539 18.42892 0.98082 0.00000000000028776981
5000 95.95080 17.98382 18.36208 0.97940 0.00000000000063593575
5100 96.03572 17.83803 18.14399 0.98314 0.00000000000136779477
5200 96.08934 17.78258 18.07456 0.98385 0.00000000000110489395
5300 96.16335 17.81267 18.06836 0.98585 0.00000000000103028697
5400 96.23466 17.65138 17.90672 0.98574 0.00000000000119015908
5500 96.13974 17.42236 17.65997 0.98655 0.00000000000321520588
5600 96.17024 17.21877 17.40525 0.98929 0.00000000000218491891
5700 95.75849 16.98123 17.22909 0.98561 0.00000000000266808797
5800 95.63962 16.75664 16.97616 0.98707 0.00000000000283861823
5900 95.72301 16.70031 16.87189 0.98983 0.00000000000137845291
6000 95.76582 16.62997 16.79230 0.99033 -0.00000000000101252340
6100 95.81121 16.54971 16.71411 0.99016 0.00000000000173372428
6200 95.91517 16.45728 16.64249 0.98887 0.00000000000508393327
6300 95.98382 16.57348 16.74089 0.99000 0.00000000000585131943
6400 96.01059 16.48881 16.68433 0.98828 0.00000000000412114787
6500 96.05564 16.41876 16.59750 0.98923 0.00000000000089883656
6600 96.12883 16.37510 16.54304 0.98985 0.00000000000297006864
6700 96.21947 16.26854 16.44031 0.98955 0.00000000000150635060
6800 96.23429 16.29918 16.47360 0.98941 0.00000000000182964754
6900 96.28465 16.34200 16.46129 0.99275 0.00000000000278888024
7000 96.37357 16.53722 16.61078 0.99557 -0.00000000000126476607
7100 96.39910 16.88865 16.97472 0.99493 -0.00000000000175148784
7200 96.44167 17.19229 17.29800 0.99389 -0.00000000000042987836
7300 96.49204 17.55352 17.60900 0.99685 -0.00000000000014921397
7400 96.56500 17.59008 17.66648 0.99568 -0.00000000000365218966
7500 96.58089 17.59785 17.68272 0.99520 -0.00000000000312994075
7600 96.43737 17.43357 17.52813 0.99461 -0.00000000000512656584
7700 96.40010 17.29432 17.37556 0.99532 -0.00000000000494893015
7800 96.37911 17.13220 17.21607 0.99513 -0.00000000000418864943
7900 96.32609 17.01021 17.10766 0.99430 -0.00000000000242295073
8000 96.13719 16.84324 16.95984 0.99313 -0.00000000000382982535
8100 96.05441 16.68381 16.79578 0.99333 -0.00000000000114752652
8200 95.84850 16.51244 16.64233 0.99220 -0.00000000000500577357
8300 95.53555 16.34572 16.48275 0.99169 -0.00000000000987654403
8400 95.53229 16.25524 16.38790 0.99190 -0.00000000001536548666
8500 95.59750 16.29683 16.39909 0.99376 -0.00000000001685762641
8600 95.54498 16.22242 16.33448 0.99314 -0.00000000001594457899
8700 95.56597 16.22991 16.33694 0.99345 -0.00000000001885425149
8800 95.54905 16.12976 16.23864 0.99330 -0.00000000001652367132
8900 95.37379 15.97739 16.10405 0.99213 -0.00000000001528377425
9000 95.22932 15.87164 16.00322 0.99178 -0.00000000002050448700
9100 95.23125 15.74576 15.89422 0.99066 -0.00000000002130740029
9200 95.22577 15.63789 15.76988 0.99163 -0.00000000002210676087
9300 95.18860 15.59921 15.72604 0.99194 -0.00000000002131805843
9400 95.12487 15.47158 15.58431 0.99277 -0.00000000001796429672
9500 95.01013 15.39313 15.51726 0.99200 -0.00000000001685940276
9600 95.05341 15.31255 15.41047 0.99365 -0.00000000001838884600
9700 95.10317 15.41192 15.45814 0.99701 -0.00000000001515410020
9800 95.15924 15.76861 15.80409 0.99776 -0.00000000001412914230
9900 95.20139 16.10029 16.14105 0.99747 -0.00000000000993338745
10000 95.25694 16.19361 16.23420 0.99750 -0.00000000001145750161
10100 95.30381 16.26845 16.31692 0.99703 -0.00000000001056221777
10200 95.33055 16.19706 16.25283 0.99657 -0.00000000000912692144
10300 95.20559 16.06005 16.11638 0.99650 -0.00000000001170619157
10400 95.03552 15.92856 16.00396 0.99529 -0.00000000000753530571
10500 94.94122 15.86096 15.90792 0.99705 -0.00000000000555466784
10600 94.99882 15.87316 15.91821 0.99717 -0.00000000000833644265
10700 95.03522 15.84059 15.89407 0.99664 -0.00000000000719424520
10800 94.99792 15.75101 15.79782 0.99704 -0.00000000000818189960
10900 94.92812 15.64756 15.69074 0.99725 -0.00000000000947153467
11000 94.91133 15.54662 15.58488 0.99755 -0.00000000001202415945
11100 94.87725 15.43965 15.46613 0.99829 -0.00000000000947153467
11200 94.87115 15.36916 15.40354 0.99777 -0.00000000001234745639
11300 94.91986 15.32780 15.36315 0.99770 -0.00000000000970068470
11400 94.81333 15.21230 15.26318 0.99667 -0.00000000001258726456
11500 94.82211 15.19678 15.24051 0.99713 -0.00000000001168132258
11600 94.76187 15.12008 15.15797 0.99750 -0.00000000001069544453
11700 94.73795 15.08202 15.11561 0.99778 -0.00000000000629540864
11800 94.77030 15.02800 15.04968 0.99856 -0.00000000000571098724
11900 94.80301 15.08291 15.08798 0.99966 -0.00000000000350297569
12000 94.84379 15.24431 15.24431 1.00000 -0.00000000001042899100
12100 94.89307 15.34048 15.33668 1.00025 -0.00000000001166178265
12200 94.93095 15.34800 15.34674 1.00008 -0.00000000001042543829
12300 94.99721 15.32329 15.32329 1.00000 -0.00000000000640909548
12400 95.03152 15.34464 15.33598 1.00056 -0.00000000001071853717
12500 95.05706 15.45158 15.43059 1.00136 -0.00000000001717026521
12600 95.10224 15.49857 15.48382 1.00095 -0.00000000002666666887
12700 95.11385 15.46541 15.45689 1.00055 -0.00000000002243005781
12800 95.05988 15.39743 15.37581 1.00141 -0.00000000002488675932
12900 95.09797 15.38526 15.35907 1.00171 -0.00000000002019362455
13000 95.13530 15.46881 15.43201 1.00238 -0.00000000003032596396
13100 95.17086 15.50549 15.48067 1.00160 -0.00000000003108091562
13200 95.15956 15.47857 15.43881 1.00258 -0.00000000003687539163
13300 95.19330 15.53720 15.51154 1.00165 -0.00000000003223377121
13400 95.24372 15.51322 15.49934 1.00090 -0.00000000003503153323
13500 95.24983 15.44567 15.43881 1.00044 -0.00000000003166533702
13600 95.25411 15.38246 15.35424 1.00184 -0.00000000003516831271
13700 95.29432 15.38255 15.34670 1.00234 -0.00000000003034728024
13800 95.32374 15.54419 15.48471 1.00384 -0.00000000002918021380
13900 95.35492 15.75397 15.68177 1.00460 -0.00000000003204725374
14000 95.38887 15.88232 15.83933 1.00271 -0.00000000003685052263
14100 95.33915 15.81473 15.78450 1.00191 -0.00000000003948663618
14200 95.36727 15.76312 15.71885 1.00282 -0.00000000004639844065
14300 95.39960 15.73366 15.68102 1.00336 -0.00000000004856914870
14400 95.43391 15.80492 15.75241 1.00333 -0.00000000005166711503
14500 95.46112 15.89470 15.83681 1.00366 -0.00000000004586198088
14600 95.49280 15.96426 15.89784 1.00418 -0.00000000004689582056
14700 95.52397 16.01212 15.95135 1.00381 -0.00000000004353140071
14800 95.51044 15.96503 15.91557 1.00311 -0.00000000003958433581
14900 95.40480 15.88351 15.84522 1.00242 -0.00000000004176570201
15000 95.33920 15.79572 15.76839 1.00173 -0.00000000003695888040
15100 95.28339 15.73316 15.69989 1.00212 -0.00000000004550670951
15200 95.20760 15.66453 15.63162 1.00211 -0.00000000004718359037
15300 95.19242 15.58899 15.55544 1.00216 -0.00000000004912870111
15400 95.20225 15.51883 15.48966 1.00188 -0.00000000004367706197
15500 95.15035 15.45508 15.41232 1.00277 -0.00000000004064837356
15600 95.18332 15.50429 15.46069 1.00282 -0.00000000003953637417
15700 95.21538 15.67161 15.60997 1.00395 -0.00000000003542055538
15800 95.24243 15.89445 15.83432 1.00380 -0.00000000003319833297
15900 95.29427 16.25217 16.19412 1.00358 -0.00000000003725730835
16000 95.30941 16.55355 16.50610 1.00287 -0.00000000003840128215
16100 95.33370 16.77303 16.74183 1.00186 -0.00000000003511146929
16200 95.38025 16.95218 16.91980 1.00191 -0.00000000003059597020
16300 95.39317 17.16010 17.13592 1.00141 -0.00000000003448974439
16400 95.42786 17.36727 17.34189 1.00146 -0.00000000003333155973
16500 95.44454 17.47717 17.45073 1.00152 -0.00000000003437250484
16600 95.47279 17.44731 17.44626 1.00006 -0.00000000003397460091
16700 95.41773 17.39482 17.38857 1.00036 -0.00000000002458122594
16800 95.39518 17.35677 17.33819 1.00107 -0.00000000001604050226
16900 95.41773 17.29109 17.26963 1.00124 -0.00000000000817124146
17000 95.43149 17.23160 17.20832 1.00135 -0.00000000000754951657
17100 95.44905 17.16306 17.15202 1.00064 -0.00000000001798738936
17200 95.46791 17.14663 17.13467 1.00070 -0.00000000002154365575
17300 95.49514 17.14270 17.11994 1.00133 -0.00000000001583089215
17400 95.50536 17.09947 17.08474 1.00086 0.00000000000208189022
17500 95.46010 17.03146 17.01979 1.00069 0.00000000000316546789
17600 95.48494 17.01976 16.99562 1.00142 -0.00000000000151700874
17700 95.51355 16.99335 16.96268 1.00181 -0.00000000000106226139
17800 95.53606 16.98724 16.95961 1.00163 -0.00000000001221067691
17900 95.56003 17.00657 16.97148 1.00207 -0.00000000001144684347
18000 95.58589 17.00366 16.96502 1.00228 -0.00000000001044853093
18100 95.61050 17.03881 16.99374 1.00265 -0.00000000001253752657
18200 95.56633 16.97021 16.93857 1.00187 -0.00000000001501021529
18300 95.50041 16.89917 16.86691 1.00191 0.00000000000444089210
18400 95.47681 16.82846 16.80654 1.00130 0.00000000000916600129
18500 95.49542 16.78655 16.75937 1.00162 0.00000000000913757958
18600 95.49521 16.75246 16.71741 1.00210 0.00000000001768540869
18700 95.46896 16.67823 16.64618 1.00193 0.00000000001708500008
18800 95.46880 16.62575 16.59838 1.00165 0.00000000001440625397
18900 95.40601 16.56136 16.55086 1.00063 0.00000000002323119475
19000 95.30536 16.48635 16.47161 1.00089 0.00000000003075584232
19100 95.31449 16.43795 16.42247 1.00094 0.00000000002325961646
19200 95.31585 16.43896 16.42100 1.00109 0.00000000002392042120
19300 95.34883 16.44374 16.41058 1.00202 0.00000000002717115422
19400 95.35174 16.42765 16.40651 1.00129 0.00000000001649524961
19500 95.32939 16.36313 16.34720 1.00097 0.00000000000929034627
19600 95.28970 16.32533 16.32700 0.99990 0.00000000001627142865
19700 95.23506 16.26333 16.25672 1.00041 0.00000000002803091093
19800 95.16119 16.19578 16.19578 1.00000 0.00000000001397637561
19900 95.15165 16.14986 16.14174 1.00050 0.00000000001315569875
20000 95.17551 16.12865 16.12543 1.00020 0.00000000001717026521
20100 95.19662 16.09068 16.08587 1.00030 0.00000000002297184665
20200 95.22218 16.04932 16.04853 1.00005 0.00000000002629363394
20300 95.24512 16.02520 16.01180 1.00084 0.00000000001100630698
20400 95.24131 15.98456 15.97986 1.00029 0.00000000001061017940
20500 95.15426 15.91879 15.93278 0.99912 0.00000000000824407209
20600 95.03027 15.85055 15.86595 0.99903 0.00000000001103650504
20700 95.00094 15.79381 15.80755 0.99913 0.00000000001121058801
20800 94.93752 15.73207 15.75706 0.99841 0.00000000001030642238
20900 94.87761 15.67294 15.69923 0.99833 0.00000000001629807400
21000 94.83882 15.61424 15.64703 0.99790 0.00000000001892175305
21100 94.80341 15.56477 15.59581 0.99801 0.00000000001852562548
21200 94.79593 15.54493 15.57284 0.99821 0.00000000000879296636
21300 94.79941 15.52074 15.55141 0.99803 0.00000000000338573614
21400 94.79802 15.47897 15.51159 0.99790 -0.00000000000722444327
21500 94.78236 15.43799 15.47254 0.99777 -0.00000000000523314725
21600 94.81477 15.40685 15.43830 0.99796 -0.00000000001440092490
21700 94.80819 15.36479 15.39957 0.99774 -0.00000000001668531979
21800 94.82695 15.35606 15.37722 0.99862 -0.00000000002320099668
21900 94.86226 15.44621 15.46599 0.99872 -0.00000000002807354349
22000 94.87601 15.55583 15.58417 0.99818 -0.00000000001911715231
22100 94.89789 15.68645 15.70208 0.99900 -0.00000000002833999702
22200 94.92902 15.73928 15.76129 0.99860 -0.00000000002353672812
22300 94.95020 15.75713 15.76844 0.99928 -0.00000000002894218198
22400 94.96761 15.79035 15.80870 0.99884 -0.00000000003214850608
22500 94.98914 15.85092 15.87420 0.99853 -0.00000000003241140689
22600 95.01055 15.89547 15.92506 0.99814 -0.00000000002522071441
22700 95.03529 15.90617 15.93776 0.99802 -0.00000000001824318474
22800 95.05842 15.92180 15.95188 0.99811 -0.00000000002402167354
22900 95.05221 15.88579 15.92892 0.99729 -0.00000000002358646611
23000 95.00392 15.82778 15.87194 0.99722 -0.00000000002447286818
23100 95.00238 15.80520 15.84292 0.99762 -0.00000000002409805688
23200 95.02536 15.83971 15.86844 0.99819 -0.00000000002803446364
23300 95.01386 15.82832 15.86441 0.99773 -0.00000000002851407999
23400 94.93250 15.77495 15.82092 0.99709 -0.00000000003151434669
23500 94.95204 15.74720 15.77808 0.99804 -0.00000000004384759222
23600 94.97663 15.72613 15.76019 0.99784 -0.00000000003708855445
23700 94.93757 15.67729 15.71110 0.99785 -0.00000000003336353416
23800 94.94484 15.68557 15.71066 0.99840 -0.00000000001618616352
23900 94.95632 15.65590 15.68675 0.99803 -0.00000000002256328457
24000 94.89602 15.60136 15.63328 0.99796 -0.00000000002168043522
24100 94.83634 15.55428 15.58986 0.99772 -0.00000000002509104036
24200 94.81014 15.50394 15.53668 0.99789 -0.00000000001595878985
24300 94.82903 15.52999 15.56137 0.99798 -0.00000000002458122594
24400 94.85625 15.51442 15.54500 0.99803 -0.00000000001737099353
24500 94.89028 15.54211 15.57198 0.99808 -0.00000000002990852010
24600 94.89769 15.62268 15.64876 0.99833 -0.00000000001686117912
24700 94.91510 15.73515 15.76706 0.99798 -0.00000000001939071126
24800 94.94814 15.82354 15.84974 0.99835 -0.00000000001171329700
24900 94.96093 15.89225 15.91142 0.99880 -0.00000000002459188408
25000 94.97106 15.97533 15.98620 0.99932 -0.00000000001944755468
25100 94.99951 16.07096 16.08121 0.99936 -0.00000000001024602625
25200 95.01214 16.12850 16.15157 0.99857 -0.00000000001126920779
25300 95.03408 16.18376 16.20040 0.99897 -0.00000000000513011855
25400 95.05017 16.27057 16.28339 0.99921 -0.00000000000055067062
25500 95.07033 16.40115 16.40887 0.99953 0.00000000000925837185
25600 95.09514 16.58351 16.58351 1.00000 0.00000000002394173748
25700 95.11139 16.74839 16.74253 1.00035 0.00000000002689759526
25800 95.12801 16.93970 16.93641 1.00019 0.00000000001944755468
25900 95.14800 17.11417 17.10955 1.00027 0.00000000000862243610
26000 95.16825 17.36769 17.35701 1.00062 0.00000000000760280727
26100 95.19815 17.64927 17.63305 1.00092 0.00000000001332622901
26200 95.20177 17.88688 17.87733 1.00053 0.00000000000629896135
26300 95.22339 18.11343 18.11274 1.00004 0.00000000001534417038
26400 95.23905 18.26910 18.27948 0.99943 0.00000000002662403631
26500 95.25761 18.35637 18.36677 0.99943 0.00000000002886224593
26600 95.27991 18.37115 18.38636 0.99917 0.00000000002914646302
26700 95.29299 18.40058 18.40541 0.99974 0.00000000002595257342
26800 95.31009 18.47029 18.47719 0.99963 0.00000000002215472250
26900 95.32933 18.53573 18.54263 0.99963 0.00000000004445510626
27000 95.34792 18.56534 18.58600 0.99889 0.00000000004359890227
27100 95.36294 18.58330 18.60939 0.99860 0.00000000003608491284
27200 95.38397 18.55926 18.58727 0.99849 0.00000000004322586733
27300 95.38888 18.52297 18.55355 0.99835 0.00000000005155698091
27400 95.40699 18.50476 18.53452 0.99839 0.00000000005295675010
27500 95.42216 18.52033 18.54596 0.99862 0.00000000005026734584
27600 95.44730 18.57199 18.59018 0.99902 0.00000000004228439821
27700 95.46044 18.71317 18.73210 0.99899 0.00000000002802380550
27800 95.47671 18.88472 18.91193 0.99856 0.00000000002391331577
27900 95.49291 18.98465 19.02215 0.99803 0.00000000001013589213
28000 95.50482 19.08734 19.12764 0.99789 0.00000000000183320026
28100 95.51934 19.17863 19.22995 0.99733 -0.00000000000216360263
28200 95.55380 19.23911 19.28218 0.99777 0.00000000000277111667
28300 95.55727 19.27362 19.32484 0.99735 0.00000000001917044301
28400 95.53879 19.22879 19.28924 0.99687 0.00000000001568523089
28500 95.49485 19.17421 19.23563 0.99681 0.00000000000659383659
28600 95.49830 19.15084 19.22411 0.99619 0.00000000001652367132
28700 95.51166 19.11845 19.17993 0.99679 0.00000000002179945113
28800 95.52901 19.10780 19.16569 0.99698 0.00000000000882849349
28900 95.49605 19.06027 19.12379 0.99668 -0.00000000000474997819
29000 95.49701 19.01590 19.07839 0.99672 -0.00000000000212097007
29100 95.51244 19.03446 19.09219 0.99698 -0.00000000001180211484
29200 95.52734 19.11135 19.15595 0.99767 -0.00000000001947242367
29300 95.54239 19.26029 19.30179 0.99785 -0.00000000000637712105
29400 95.55916 19.40576 19.43484 0.99850 -0.00000000001220357149
29500 95.57274 19.55734 19.59720 0.99797 -0.00000000001169553343
29600 95.58906 19.72474 19.75277 0.99858 -0.00000000000718003434
29700 95.60495 19.90772 19.93322 0.99872 -0.00000000001130473493
29800 95.61732 19.99744 20.02903 0.99842 -0.00000000002898303819
29900 95.65133 20.09628 20.12724 0.99846 -0.00000000004582290103
30000 95.64582 20.16177 20.19947 0.99813 -0.00000000005092459787
30100 95.66094 20.15468 20.19561 0.99797 -0.00000000005213607324
30200 95.67454 20.12268 20.16140 0.99808 -0.00000000004630607009
30300 95.69797 20.09849 20.13171 0.99835 -0.00000000005057998465
30400 95.68950 20.06022 20.10055 0.99799 -0.00000000004799716180
30500 95.70096 20.04037 20.07855 0.99810 -0.00000000004395062092
30600 95.73030 20.07111 20.10198 0.99846 -0.00000000005239542133
30700 95.72952 20.16046 20.17755 0.99915 -0.00000000005746869647
30800 95.74217 20.17664 20.19828 0.99893 -0.00000000005003641945
30900 95.76542 20.17142 20.18841 0.99916 -0.00000000005380229595
31000 95.77089 20.14603 20.16946 0.99884 -0.00000000005633538080
31100 95.70239 20.09029 20.11551 0.99875 -0.00000000004985167834
31200 95.68835 20.04469 20.07429 0.99853 -0.00000000004608935456
31300 95.68629 20.00468 20.04439 0.99802 -0.00000000003607425469
31400 95.65247 19.95191 19.98947 0.99812 -0.00000000004749978189
31500 95.65812 19.90970 19.95151 0.99790 -0.00000000005927347502
31600 95.65112 19.86268 19.90552 0.99785 -0.00000000005713474138
31700 95.63217 19.81545 19.86873 0.99732 -0.00000000006655653806
31800 95.60257 19.76810 19.83484 0.99664 -0.00000000006297895538
31900 95.54653 19.71789 19.78674 0.99652 -0.00000000004716227409
32000 95.47941 19.66283 19.73870 0.99616 -0.00000000003644018420
32100 95.47845 19.62167 19.69468 0.99629 -0.00000000003516120728
32200 95.45565 19.57289 19.64366 0.99640 -0.00000000002048494707
32300 95.40818 19.52030 19.59004 0.99644 -0.00000000001357847168
32400 95.42167 19.49691 19.56454 0.99654 -0.00000000001159605745
32500 95.40787 19.45057 19.52869 0.99600 -0.00000000000648725518
32600 95.41960 19.42003 19.49658 0.99607 -0.00000000000057198690
32700 95.40468 19.37964 19.45819 0.99596 0.00000000000316191517
32800 95.40764 19.33673 19.41308 0.99607 -0.00000000000530064881
32900 95.42391 19.32282 19.39001 0.99653 0.00000000002535216481
33000 95.43172 19.30740 19.37963 0.99627 0.00000000001227817847
33100 95.44910 19.28554 19.35219 0.99656 -0.00000000002441069569
33200 95.42774 19.24612 19.31944 0.99620 -0.00000000000219912977
33300 95.41912 19.21064 19.28593 0.99610 0.00000000002311040248
33400 95.39731 19.17204 19.25390 0.99575 0.00000000003924682801
33500 95.39967 19.13234 19.21263 0.99582 0.00000000003764455414
33600 95.40076 19.11263 19.19432 0.99574 0.00000000002830802259
33700 95.35804 19.06514 19.15095 0.99552 0.00000000004818545563
33800 95.32390 19.01880 19.10357 0.99556 0.00000000005228883992
33900 95.31056 18.98318 19.07094 0.99540 0.00000000007967670967
34000 95.32646 18.96850 19.05256 0.99559 0.00000000005649525292
34100 95.29137 18.92267 19.01131 0.99534 0.00000000008100187188
34200 95.28863 18.88550 18.97260 0.99541 0.00000000007381117939
34300 95.28497 18.86470 18.94922 0.99554 0.00000000004462563652
34400 95.30043 18.88832 18.97049 0.99567 0.00000000003211297894
34500 95.31221 18.93222 19.01157 0.99583 0.00000000005782396784
34600 95.32733 19.01094 19.08983 0.99587 0.00000000004220979122
34700 95.33943 19.04645 19.12527 0.99588 0.00000000003244693403
34800 95.31441 19.00988 19.09328 0.99563 0.00000000001402966632
34900 95.23675 18.95936 19.04997 0.99524 0.00000000000553512791
35000 95.24159 18.92175 19.01192 0.99526 0.00000000000139266376
35100 95.19628 18.88058 18.97573 0.99499 0.00000000001853805998
35200 95.19404 18.85365 18.95001 0.99491 0.00000000001391242677
35300 95.17917 18.81243 18.90669 0.99501 -0.00000000002279776368
35400 95.16891 18.77590 18.87454 0.99477 -0.00000000002236433261
35500 95.14790 18.73765 18.83154 0.99501 -0.00000000000936850597
35600 95.16102 18.73519 18.82881 0.99503 -0.00000000000217781349
35700 95.17620 18.78344 18.87066 0.99538 0.00000000001596589527
35800 95.18750 18.86479 18.94841 0.99559 -0.00000000000495603558
35900 95.20116 18.93068 19.01064 0.99579 0.00000000000626343422
36000 95.22214 18.96574 19.04775 0.99569 -0.00000000000156674673
36100 95.22839 18.95013 19.03449 0.99557 0.00000000000703792580
36200 95.24293 18.93554 19.00800 0.99619 -0.00000000001985611675
36300 95.25526 18.90645 18.97125 0.99658 -0.00000000001766053970
36400 95.17851 18.86168 18.93398 0.99618 -0.00000000000334665629
36500 95.11995 18.81518 18.89854 0.99559 -0.00000000000271072054
36600 95.10810 18.77877 18.86122 0.99563 0.00000000000458655336
36700 95.09772 18.74104 18.82053 0.99578 0.00000000000230215846
36800 95.06932 18.70546 18.79124 0.99543 -0.00000000000106226139
36900 95.05680 18.66435 18.74819 0.99553 0.00000000000705924208
37000 95.03957 18.62692 18.71696 0.99519 0.00000000000932942612
37100 95.00820 18.58399 18.67510 0.99512 0.00000000000730793204
37200 95.01744 18.57000 18.66029 0.99516 0.00000000002053823778
37300 95.02956 18.57719 18.66627 0.99523 0.00000000001771027769
37400 95.04352 18.60658 18.69757 0.99513 0.00000000000799005306
37500 95.05690 18.63451 18.71486 0.99571 0.00000000000191491267
37600 95.07152 18.70854 18.79200 0.99556 0.00000000002558664391
37700 95.08257 18.76147 18.84595 0.99552 0.00000000005233502520
37800 95.09795 18.78700 18.87689 0.99524 0.00000000003582556474
37900 95.09574 18.77747 18.87608 0.99478 0.00000000004747136018
38000 95.10771 18.76157 18.85685 0.99495 0.00000000004773070827
38100 95.07656 18.72413 18.82194 0.99480 0.00000000005502798217
38200 95.08985 18.70919 18.80815 0.99474 0.00000000005022116056
38300 95.09231 18.67969 18.78071 0.99462 0.00000000005107736456
38400 95.10520 18.67067 18.77285 0.99456 0.00000000005935518743
38500 95.11848 18.68088 18.78186 0.99462 0.00000000006157208077
38600 95.12876 18.67821 18.78185 0.99448 0.00000000005737632591
38700 95.14180 18.68360 18.77822 0.99496 0.00000000004034106382
38800 95.15153 18.68674 18.78600 0.99472 0.00000000004855493785
38900 95.16637 18.69921 18.79002 0.99517 0.00000000003163691531
39000 95.17491 18.70824 18.80079 0.99508 0.00000000002235012175
39100 95.17506 18.68674 18.78281 0.99488 0.00000000002582467573
39200 95.17030 18.65291 18.74520 0.99508 0.00000000004501288231
39300 95.18551 18.63731 18.73024 0.99504 0.00000000004810729592
39400 95.19497 18.67389 18.75386 0.99574 0.00000000005206501896
39500 95.20765 18.74322 18.81897 0.99597 0.00000000005234213063
39600 95.22902 18.77512 18.84937 0.99606 0.00000000006043165968
39700 95.23391 18.80113 18.87959 0.99584 0.00000000005314504392
39800 95.23977 18.79549 18.87755 0.99565 0.00000000006210498782
39900 95.24918 18.76688 18.84813 0.99569 0.00000000007010214631
40000 95.23535 18.75247 18.82826 0.99598 0.00000000007908340649
40100 95.24649 18.75025 18.82348 0.99611 0.00000000005799805081
40200 95.26020 18.75533 18.82793 0.99614 0.00000000007681677516
40300 95.27056 18.74322 18.82356 0.99573 0.00000000007046097039
40400 95.27033 18.71607 18.79562 0.99577 0.00000000007705125427
40500 95.27721 18.69094 18.76368 0.99612 0.00000000007455369655
40600 95.25335 18.65253 18.72911 0.99591 0.00000000007752021247
40700 95.23631 18.61638 18.69078 0.99602 0.00000000007243627920
40800 95.23919 18.59098 18.66601 0.99598 0.00000000007427303217
40900 95.21813 18.56108 18.63489 0.99604 0.00000000005343991916
41000 95.22881 18.58930 18.65391 0.99654 0.00000000007046452311
41100 95.24049 18.62892 18.69031 0.99672 0.00000000006680878073
41200 95.25263 18.71808 18.77870 0.99677 0.00000000006245315376
41300 95.26321 18.86732 18.91541 0.99746 0.00000000004745004389
41400 95.27586 19.03032 19.08981 0.99688 0.00000000003441158469
41500 95.28699 19.14555 19.19319 0.99752 0.00000000001968913921
41600 95.30120 19.29582 19.33672 0.99788 0.00000000001281108553
41700 95.31221 19.39536 19.43451 0.99799 0.00000000001862687782
41800 95.32384 19.47390 19.51826 0.99773 0.00000000002669509058
41900 95.33958 19.52002 19.56625 0.99764 0.00000000001211830636
42000 95.34226 19.54416 19.58940 0.99769 0.00000000002015099199
42100 95.35434 19.55973 19.59510 0.99819 0.00000000002673417043
42200 95.37444 19.57282 19.61232 0.99799 0.00000000003460343123
42300 95.34609 19.54156 19.58369 0.99785 0.00000000004457234581
42400 95.36001 19.51448 19.55599 0.99788 0.00000000005317346563
42500 95.36600 19.50282 19.54513 0.99784 0.00000000005788081126
42600 95.37393 19.48303 19.52704 0.99775 0.00000000006914291362
42700 95.36597 19.46303 19.51055 0.99756 0.00000000007041833783
42800 95.35898 19.42681 19.47550 0.99750 0.00000000006584954804
42900 95.36793 19.40582 19.45343 0.99755 0.00000000005571720862
43000 95.33267 19.36944 19.41640 0.99758 0.00000000008674305718
43100 95.30576 19.33122 19.37527 0.99773 0.00000000007266010016
43200 95.27743 19.29361 19.33523 0.99785 0.00000000008472511581
43300 95.28871 19.29089 19.32704 0.99813 0.00000000006945555242
43400 95.29879 19.33419 19.36229 0.99855 0.00000000007037215255
43500 95.30948 19.35694 19.38011 0.99880 0.00000000006602363101
43600 95.31991 19.39205 19.41788 0.99867 0.00000000006066969149
43700 95.33169 19.43120 19.45524 0.99876 0.00000000006053468837
43800 95.34175 19.47040 19.49532 0.99872 0.00000000006469136338
43900 95.35484 19.50405 19.53119 0.99861 0.00000000005327294161
44000 95.36364 19.57789 19.59437 0.99916 0.00000000007766942645
44100 95.37304 19.62376 19.64871 0.99873 0.00000000008625633541
44200 95.38631 19.68123 19.70575 0.99876 0.00000000008313350008
44300 95.40212 19.71524 19.74064 0.99871 0.00000000008465406154
44400 95.40514 19.70365 19.73477 0.99842 0.00000000007698375271
44500 95.38557 19.66502 19.69688 0.99838 0.00000000007330669405
44600 95.38828 19.63464 19.66551 0.99843 0.00000000006869882441
44700 95.39713 19.62125 19.64850 0.99861 0.00000000004527578312
44800 95.40597 19.62067 19.65093 0.99846 0.00000000005872280440
44900 95.41584 19.63519 19.66014 0.99873 0.00000000005493916433
45000 95.42657 19.64421 19.66738 0.99882 0.00000000004635225537
45100 95.43661 19.63521 19.66311 0.99858 0.00000000006784617312
45200 95.44759 19.61277 19.63623 0.99881 0.00000000005809752679
45300 95.43324 19.58065 19.60965 0.99852 0.00000000007127098911
45400 95.42152 19.54975 19.57908 0.99850 0.00000000007009504088
45500 95.41246 19.51533 19.54282 0.99859 0.00000000005518785429
45600 95.42232 19.49114 19.51168 0.99895 0.00000000004001066145
45700 95.43283 19.49288 19.51381 0.99893 0.00000000004117595154
45800 95.43611 19.47274 19.49829 0.99869 0.00000000001743671874
45900 95.41144 19.43819 19.46830 0.99845 0.00000000001883648793
46000 95.38854 19.40459 19.43754 0.99830 0.00000000002072297889
46100 95.39438 19.37660 19.40944 0.99831 0.00000000002608757654
46200 95.38892 19.34368 19.37682 0.99829 0.00000000001391597948
46300 95.34007 19.30854 19.34782 0.99797 0.00000000000667554900
46400 95.34796 19.29510 19.33051 0.99817 0.00000000001417888029
46500 95.35970 19.29542 19.33576 0.99791 0.00000000001730171562
46600 95.34569 19.26489 19.30508 0.99792 0.00000000000555999691
46700 95.34686 19.24067 19.27741 0.99809 -0.00000000001219291335
46800 95.31899 19.20877 19.24619 0.99806 0.00000000000739319717
46900 95.30915 19.18751 19.22522 0.99804 -0.00000000000193622895
47000 95.32128 19.20404 19.23597 0.99834 -0.00000000000961009050
47100 95.33184 19.21045 19.24068 0.99843 -0.00000000002871303195
47200 95.33912 19.20066 19.23489 0.99822 -0.00000000001679012485
47300 95.32650 19.16714 19.20368 0.99810 0.00000000002647482233
47400 95.29753 19.13399 19.16958 0.99814 0.00000000003911537760
47500 95.30052 19.11071 19.13811 0.99857 0.00000000004130384923
47600 95.27235 19.08052 19.11023 0.99845 0.00000000001635669378
47700 95.26955 19.05730 19.08891 0.99834 0.00000000001511324399
47800 95.26741 19.03461 19.06253 0.99854 0.00000000002063416105
47900 95.27758 19.04352 19.07219 0.99850 0.00000000002248867759
48000 95.28736 19.04899 19.07323 0.99873 0.00000000002140509991
48100 95.29741 19.07247 19.10067 0.99852 0.00000000003483791033
48200 95.30934 19.06830 19.09603 0.99855 0.00000000004337152859
48300 95.30958 19.04419 19.06709 0.99880 -0.00000000000158451030
48400 95.30452 19.02021 19.04146 0.99888 0.00000000000608224582
48500 95.29278 18.99166 19.01204 0.99893 0.00000000000986233317
48600 95.27994 18.96057 18.98831 0.99854 0.00000000001316990961
48700 95.24681 18.93038 18.95724 0.99858 -0.00000000001374544922
48800 95.23439 18.90247 18.93545 0.99826 -0.00000000003026556783
48900 95.21926 18.87513 18.90761 0.99828 -0.00000000006100009387
49000 95.22886 18.85799 18.88767 0.99843 -0.00000000005890399279
49100 95.20978 18.82723 18.86334 0.99809 -0.00000000006286882126
49200 95.18288 18.79662 18.83414 0.99801 -0.00000000005368150369
49300 95.18623 18.77550 18.81099 0.99811 -0.00000000006462386182
49400 95.19645 18.75948 18.79715 0.99800 -0.00000000007348077702
49500 95.16859 18.72787 18.76768 0.99788 -0.00000000011665335364
49600 95.17875 18.70706 18.74409 0.99802 -0.00000000010133405226
49700 95.14019 18.67497 18.71602 0.99781 -0.00000000009794121070
49800 95.11659 18.64365 18.69094 0.99747 -0.00000000006385647566
49900 95.12393 18.64908 18.69178 0.99772 -0.00000000005288214311
50000 95.13601 18.67510 18.71477 0.99788 -0.00000000006272671271
50100 95.14322 18.68385 18.72608 0.99774 -0.00000000005459455110
50200 95.15790 18.68103 18.72280 0.99777 -0.00000000004876810067
50300 95.16784 18.70338 18.74624 0.99771 -0.00000000006678035902
50400 95.17643 18.72619 18.77387 0.99746 -0.00000000004480682492
50500 95.18305 18.75175 18.79642 0.99762 -0.00000000005949374327
50600 95.19079 18.78937 18.83105 0.99779 -0.00000000005825384619
50700 95.20049 18.79124 18.83396 0.99773 -0.00000000004791189667
50800 95.21274 18.80300 18.84566 0.99774 -0.00000000005661604519
50900 95.22037 18.80922 18.85219 0.99772 -0.00000000004681410815
51000 95.22838 18.82115 18.86109 0.99788 -0.00000000006903277949
51100 95.23885 18.80767 18.85083 0.99771 -0.00000000008719425182
51200 95.25157 18.80147 18.84527 0.99768 -0.00000000007614531228
51300 95.25672 18.81236 18.85978 0.99749 -0.00000000006918554618
51400 95.26919 18.79585 18.84388 0.99745 -0.00000000006955147569
51500 95.26521 18.76868 18.81508 0.99753 -0.00000000006651390549
51600 95.26103 18.74060 18.78684 0.99754 -0.00000000003894840006
51700 95.25829 18.72748 18.76850 0.99781 -0.00000000001142197448
51800 95.26618 18.77517 18.81549 0.99786 -0.00000000000197886152
51900 95.27794 18.82476 18.86511 0.99786 -0.00000000001053024334
52000 95.28500 18.86840 18.91168 0.99771 0.00000000001553246420
52100 95.29594 18.90223 18.94295 0.99785 0.00000000003851496899
52200 95.30318 18.93913 18.98095 0.99780 0.00000000006256684060
52300 95.31141 18.96946 19.01344 0.99769 0.00000000008692424558
52400 95.32066 19.00140 19.04793 0.99756 0.00000000008705924870
52500 95.33188 19.00921 19.05530 0.99758 0.00000000009084644148
52600 95.34012 19.00798 19.05035 0.99778 0.00000000008271783258
52700 95.32952 18.99502 19.04127 0.99757 0.00000000008966338783
52800 95.31634 18.97340 19.01807 0.99765 0.00000000010481571167
52900 95.32599 18.99179 19.02884 0.99805 0.00000000009144685009
53000 95.33446 19.04113 19.07820 0.99806 0.00000000008953904285
53100 95.34200 19.10670 19.14745 0.99787 0.00000000008775913329
53200 95.35085 19.17127 19.21606 0.99767 0.00000000007177192174
53300 95.35997 19.22568 19.26870 0.99777 0.00000000006423306331
53400 95.36856 19.28621 19.33291 0.99758 0.00000000003663558346
53500 95.37678 19.36123 19.40112 0.99794 0.00000000007211298225
53600 95.38597 19.42654 19.46940 0.99780 0.00000000005331202146
53700 95.39538 19.45531 19.50289 0.99756 0.00000000005394085179
53800 95.40291 19.46854 19.51897 0.99742 0.00000000003757705258
53900 95.41143 19.49210 19.53741 0.99768 0.00000000004057554293
54000 95.41970 19.54017 19.57969 0.99798 0.00000000006038192168
54100 95.42804 19.58897 19.62815 0.99800 0.00000000008899192494
54200 95.43827 19.65587 19.68711 0.99841 0.00000000009902123566
54300 95.44652 19.71627 19.74937 0.99832 0.00000000008761347203
54400 95.45348 19.76558 19.79943 0.99829 0.00000000008959233355
54500 95.46328 19.79898 19.83647 0.99811 0.00000000011587175663
54600 95.47005 19.79433 19.82993 0.99821 0.00000000010918199678
54700 95.48106 19.80913 19.84323 0.99828 0.00000000007872813512
54800 95.48829 19.81958 19.85363 0.99828 0.00000000009569234294
54900 95.47934 19.79661 19.83237 0.99820 0.00000000009062262052
55000 95.46461 19.78333 19.81576 0.99836 0.00000000008416733976
55100 95.47243 19.78358 19.81198 0.99857 0.00000000012338219335
55200 95.48161 19.76788 19.79478 0.99864 0.00000000013441692204
55300 95.47500 19.74641 19.78075 0.99826 0.00000000015905143869
55400 95.44836 19.71516 19.74546 0.99847 0.00000000018041745875
55500 95.44923 19.71241 19.73731 0.99874 0.00000000019804957674
55600 95.45747 19.71696 19.73790 0.99894 0.00000000022280133294
55700 95.46616 19.69990 19.72044 0.99896 0.00000000019780799221
55800 95.46957 19.67432 19.69514 0.99894 0.00000000017952572762
55900 95.47088 19.65301 19.66955 0.99916 0.00000000016460433017
56000 95.45718 19.63080 19.65150 0.99895 0.00000000015067058712
56100 95.44957 19.60265 19.62644 0.99879 0.00000000012854783904
56200 95.42914 19.57500 19.59837 0.99881 0.00000000011203837857
56300 95.41928 19.55145 19.57997 0.99854 0.00000000013209344729
56400 95.42754 19.54817 19.57316 0.99872 0.00000000012754952650
56500 95.44128 19.57339 19.59420 0.99894 0.00000000011356249274
56600 95.44356 19.60491 19.62225 0.99912 0.00000000010956213714
56700 95.45171 19.66457 19.68436 0.99899 0.00000000008593303846
56800 95.45849 19.69949 19.72171 0.99887 0.00000000008178346889
56900 95.46673 19.69552 19.71943 0.99879 0.00000000008770939530
57000 95.47460 19.68991 19.71308 0.99882 0.00000000006600942015
57100 95.48342 19.70776 19.73022 0.99886 0.00000000006255262974
57200 95.49085 19.71825 19.74068 0.99886 0.00000000006139799780
57300 95.49920 19.71503 19.73535 0.99897 0.00000000008126121998
57400 95.50678 19.74487 19.76278 0.99909 0.00000000009194423001
57500 95.51458 19.78412 19.79858 0.99927 0.00000000009982414895
57600 95.52328 19.80153 19.81736 0.99920 0.00000000011489831309
57700 95.53051 19.79137 19.81094 0.99901 0.00000000011449685644
57800 95.53399 19.77714 19.79357 0.99917 0.00000000011764811347
57900 95.54219 19.79200 19.80363 0.99941 0.00000000013365664131
58000 95.54944 19.80151 19.81039 0.99955 0.00000000009982770166
58100 95.56114 19.80863 19.81988 0.99943 0.00000000009095302289
58200 95.52997 19.78363 19.80132 0.99911 0.00000000007699085813
58300 95.50848 19.75464 19.77364 0.99904 0.00000000007509370903
58400 95.51359 19.73080 19.74940 0.99906 0.00000000007644729294
58500 95.50141 19.70476 19.72702 0.99887 0.00000000006971845323
58600 95.49179 19.67829 19.70216 0.99879 0.00000000006666311947
58700 95.48229 19.65771 19.68320 0.99871 0.00000000009309530924
58800 95.49004 19.64968 19.67880 0.99852 0.00000000008219203096
58900 95.48917 19.62985 19.66156 0.99839 0.00000000008772715887
59000 95.49062 19.60823 19.64352 0.99820 0.00000000010546585827
59100 95.48164 19.58487 19.61574 0.99843 0.00000000011834089264
59200 95.46357 19.56008 19.59683 0.99813 0.00000000008657963235
59300 95.44323 19.53144 19.56708 0.99818 0.00000000007195311014
59400 95.43210 19.50587 19.54206 0.99815 0.00000000008110490057
59500 95.41742 19.47752 19.51556 0.99805 0.00000000010514611404
59600 95.37465 19.44802 19.49184 0.99775 0.00000000010216538726
59700 95.36650 19.43293 19.47665 0.99776 0.00000000007929301660
59800 95.37399 19.44715 19.49181 0.99771 0.00000000007344169717
59900 95.38193 19.47227 19.51364 0.99788 0.00000000009930545275
60000 95.38907 19.47258 19.52041 0.99755 0.00000000009302780768
60100 95.39219 19.45895 19.50471 0.99765 0.00000000010042455756
60200 95.40047 19.45927 19.50301 0.99776 0.00000000011809220268
60300 95.37781 19.43350 19.48423 0.99740 0.00000000010970069297
60400 95.37378 19.41192 19.46154 0.99745 0.00000000012765255519
60500 95.35976 19.38993 19.43459 0.99770 0.00000000012835954522
60600 95.36744 19.38453 19.43553 0.99738 0.00000000011050005355
60700 95.35768 19.36858 19.42426 0.99713 0.00000000010503242720
60800 95.36195 19.34938 19.40107 0.99734 0.00000000012302692198
60900 95.37132 19.33569 19.38885 0.99726 0.00000000012169820707
61000 95.35905 19.31402 19.36608 0.99731 0.00000000010584599863
61100 95.36602 19.30137 19.35332 0.99732 0.00000000009134737411
61200 95.37349 19.29804 19.35338 0.99714 0.00000000011710099557
61300 95.36103 19.27167 19.32621 0.99718 0.00000000011918643850
61400 95.34342 19.25201 19.31177 0.99691 0.00000000012499867807
61500 95.32010 19.22513 19.28534 0.99688 0.00000000013610446103
61600 95.32071 19.20342 19.25970 0.99708 0.00000000011344170048
61700 95.32709 19.20609 19.26542 0.99692 0.00000000011624123886
61800 95.31088 19.18750 19.25105 0.99670 0.00000000012586909293
61900 95.30093 19.16183 19.22395 0.99677 0.00000000011474199368
62000 95.30501 19.15736 19.21718 0.99689 0.00000000009658407407
62100 95.31246 19.16491 19.22218 0.99702 0.00000000008769518445
62200 95.32045 19.15716 19.21648 0.99691 0.00000000008418865605
62300 95.29128 19.12904 19.19497 0.99657 0.00000000007811351566
62400 95.29467 19.11231 19.17716 0.99662 0.00000000007598899288
62500 95.29581 19.09757 19.15857 0.99682 0.00000000009582379334
62600 95.28950 19.07702 19.14154 0.99663 0.00000000009042366855
62700 95.27515 19.05709 19.12175 0.99662 0.00000000009467981954
62800 95.28135 19.04723 19.10809 0.99682 0.00000000009637091125
62900 95.29486 19.04374 19.10479 0.99680 0.00000000007650058365
63000 95.29709 19.04469 19.09865 0.99717 0.00000000008436273902
63100 95.30608 19.07463 19.13072 0.99707 0.00000000010431477904
63200 95.31052 19.10976 19.16465 0.99714 0.00000000013218581785
63300 95.31806 19.15723 19.21460 0.99701 0.00000000014558665384
63400 95.32586 19.17359 19.23700 0.99670 0.00000000012202860944
63500 95.32271 19.16019 19.21890 0.99694 0.00000000012371614844
63600 95.33043 19.15849 19.22075 0.99676 0.00000000012538947658
63700 95.33433 19.15590 19.22077 0.99662 0.00000000010813749896
63800 95.33828 19.14081 19.20492 0.99666 0.00000000009216449826
63900 95.34532 19.13600 19.20000 0.99667 0.00000000009324452321
64000 95.35107 19.11537 19.18130 0.99656 0.00000000006043876510
64100 95.35596 19.09824 19.16191 0.99668 0.00000000006745182191
64200 95.35986 19.09754 19.15722 0.99688 0.00000000005904254863
64300 95.36685 19.12778 19.18237 0.99715 0.00000000007271339086
64400 95.37791 19.17515 19.23099 0.99710 0.00000000008770939530
64500 95.38154 19.18001 19.24086 0.99684 0.00000000009430323189
64600 95.38888 19.18001 19.24047 0.99686 0.00000000010529888073
64700 95.39052 19.16246 19.22278 0.99686 0.00000000011347012219
64800 95.38001 19.13868 19.19942 0.99684 0.00000000009145750823
64900 95.37676 19.11651 19.17530 0.99693 0.00000000005055866836
65000 95.36442 19.09471 19.16104 0.99654 0.00000000005857359042
65100 95.36763 19.07625 19.14005 0.99667 0.00000000005112710255
65200 95.35520 19.05178 19.11805 0.99653 0.00000000005590194974
65300 95.36366 19.05357 19.11681 0.99669 0.00000000004452971325
65400 95.36904 19.07049 19.13427 0.99667 0.00000000003612754540
65500 95.37634 19.07364 19.14056 0.99650 0.00000000002986055847
65600 95.37538 19.05512 19.12129 0.99654 0.00000000005199751740
65700 95.36306 19.03310 19.10084 0.99645 0.00000000002314948233
65800 95.35963 19.00992 19.08154 0.99625 0.00000000000508038056
65900 95.35774 18.99243 19.06243 0.99633 0.00000000000447641924
66000 95.36174 18.97851 19.04227 0.99665 0.00000000001383426707
66100 95.36873 18.99077 19.05303 0.99673 0.00000000002571809432
66200 95.37510 18.99167 19.05904 0.99647 0.00000000000568434189
66300 95.38293 18.99642 19.06168 0.99658 -0.00000000002115285724
66400 95.39057 19.00559 19.07108 0.99657 -0.00000000003400657533
66500 95.39857 18.99928 19.06580 0.99651 -0.00000000003386446679
66600 95.38391 18.97595 19.04171 0.99655 -0.00000000001463007493
66700 95.37005 18.95330 19.02404 0.99628 -0.00000000000990851845
66800 95.35667 18.93438 19.00608 0.99623 -0.00000000000417443857
66900 95.36432 18.92195 18.99235 0.99629 0.00000000001731237376
67000 95.37120 18.91684 18.98655 0.99633 0.00000000005202593911
67100 95.37215 18.89979 18.96735 0.99644 0.00000000008391154438
67200 95.35708 18.87685 18.94224 0.99655 0.00000000011903011909
67300 95.36130 18.86772 18.93298 0.99655 0.00000000013342216221
67400 95.36729 18.89259 18.95587 0.99666 0.00000000012622081158
67500 95.37530 18.90951 18.97670 0.99646 0.00000000014676970750
67600 95.38252 18.92449 18.98966 0.99657 0.00000000015983658841
67700 95.38116 18.90868 18.97398 0.99656 0.00000000019045742761
67800 95.35385 18.88578 18.95203 0.99650 0.00000000017657697526
67900 95.35795 18.88042 18.94348 0.99667 0.00000000018354029407
68000 95.36462 18.88381 18.94231 0.99691 0.00000000019014478880
68100 95.37165 18.89888 18.95511 0.99703 0.00000000021057999788
68200 95.37834 18.91759 18.97435 0.99701 0.00000000019539925233
68300 95.38644 18.92560 18.98174 0.99704 0.00000000018926016310
68400 95.39249 18.93206 18.98312 0.99731 0.00000000017216095216
68500 95.39870 18.94713 19.00123 0.99715 0.00000000018930990109
68600 95.41184 18.95747 19.00762 0.99736 0.00000000017163515054
68700 95.41529 19.00235 19.04893 0.99755 0.00000000013503154150
68800 95.41869 19.05259 19.09755 0.99765 0.00000000016094503508
68900 95.42727 19.09947 19.14393 0.99768 0.00000000018044588046
69000 95.43249 19.13495 19.17915 0.99770 0.00000000013518075548
69100 95.43852 19.14154 19.18680 0.99764 0.00000000011785061815
69200 95.44937 19.14095 19.18504 0.99770 0.00000000012782663816
69300 95.45389 19.16357 19.20736 0.99772 0.00000000009707079585
69400 95.45863 19.17362 19.21682 0.99775 0.00000000013737277982
69500 95.46568 19.19544 19.24167 0.99760 0.00000000017268320107
69600 95.47138 19.20960 19.25414 0.99769 0.00000000023915447400
69700 95.47890 19.22662 19.26421 0.99805 0.00000000027915447731
69800 95.48446 19.22811 19.26564 0.99805 0.00000000028238744676
69900 95.46221 19.20649 19.24503 0.99800 0.00000000022748025685
70000 95.47139 19.19231 19.22802 0.99814 0.00000000021908164172
70100 95.45638 19.17122 19.20794 0.99809 0.00000000021025670094
70200 95.45947 19.17758 19.20877 0.99838 0.00000000019786838834
70300 95.46715 19.18618 19.21679 0.99841 0.00000000021203305778
70400 95.47402 19.19251 19.21981 0.99858 0.00000000021094237468
70500 95.47990 19.18742 19.21222 0.99871 0.00000000020691359737
70600 95.48545 19.17641 19.20198 0.99867 0.00000000017494983240
70700 95.46663 19.15511 19.18143 0.99863 0.00000000020602897166
70800 95.46711 19.13628 19.16633 0.99843 0.00000000019318946443
70900 95.45323 19.11646 19.14589 0.99846 0.00000000018968648874
71000 95.45898 19.11024 19.13665 0.99862 0.00000000020376234033
71100 95.46467 19.10241 19.12662 0.99873 0.00000000018086510067
71200 95.47058 19.11897 19.14236 0.99878 0.00000000014803802628
71300 95.47791 19.13581 19.15623 0.99893 0.00000000014638601442
71400 95.49042 19.13211 19.15304 0.99891 0.00000000014103562762
71500 95.48544 19.12560 19.14837 0.99881 0.00000000016942180991
71600 95.49155 19.11685 19.13529 0.99904 0.00000000019279866592
71700 95.49653 19.10414 19.12415 0.99895 0.00000000019984724986
71800 95.47138 19.08152 19.10121 0.99897 0.00000000020095214381
71900 95.47922 19.07486 19.09159 0.99912 0.00000000020410695356
72000 95.48261 19.09428 19.10755 0.99931 0.00000000024022384082
72100 95.48283 19.08025 19.09323 0.99932 0.00000000024504842600
72200 95.47531 19.06401 19.07537 0.99940 0.00000000024768098683
72300 95.47630 19.04905 19.06408 0.99921 0.00000000024965274292
72400 95.48527 19.04335 19.05519 0.99938 0.00000000024348167926
72500 95.48905 19.04805 19.06304 0.99921 0.00000000024416380029
72600 95.49439 19.05145 19.06432 0.99933 0.00000000026770052841
72700 95.49986 19.04107 19.05628 0.99920 0.00000000028417801445
72800 95.49143 19.02561 19.03921 0.99929 0.00000000026575719403
72900 95.49829 19.02828 19.04108 0.99933 0.00000000026882318593
73000 95.50479 19.05025 19.05965 0.99951 0.00000000025697488581
73100 95.51195 19.06702 19.07329 0.99967 0.00000000024436275226
73200 95.51598 19.13551 19.13970 0.99978 0.00000000022925661369
73300 95.52440 19.18725 19.19196 0.99975 0.00000000026661695074
73400 95.52955 19.22362 19.23095 0.99962 0.00000000028123992024
73500 95.53259 19.22202 19.23248 0.99946 0.00000000026598101499
73600 95.50049 19.20076 19.21564 0.99923 0.00000000023034019137
73700 95.49925 19.19003 19.20279 0.99934 0.00000000025963942107
73800 95.47930 19.16839 19.18399 0.99919 0.00000000026698288025
73900 95.47298 19.14833 19.16441 0.99916 0.00000000025663382530
74000 95.45890 19.13415 19.14968 0.99919 0.00000000029843860716
74100 95.45090 19.12365 19.14199 0.99904 0.00000000029714897209
74200 95.44367 19.10333 19.12318 0.99896 0.00000000031480595908
74300 95.44513 19.08750 19.10395 0.99914 0.00000000031523228472
74400 95.44852 19.07660 19.09199 0.99919 0.00000000030886582181
74500 95.45861 19.07524 19.08984 0.99923 0.00000000026363622396
74600 95.46143 19.08574 19.09931 0.99929 0.00000000031305447123
74700 95.46661 19.09702 19.11135 0.99925 0.00000000032973446196
74800 95.47333 19.10607 19.11527 0.99952 0.00000000032832048191
74900 95.48065 19.10823 19.12432 0.99916 0.00000000035660008280
75000 95.48585 19.11154 19.12709 0.99919 0.00000000035742786508
75100 95.49108 19.10975 19.12503 0.99920 0.00000000031793234712
75200 95.49685 19.10691 19.12217 0.99920 0.00000000029589841688
75300 95.50447 19.10255 19.11575 0.99931 0.00000000024003909971
75400 95.50997 19.10280 19.11294 0.99947 0.00000000021493917757
75500 95.51602 19.09928 19.10763 0.99956 0.00000000023817037231
75600 95.52135 19.11727 19.12511 0.99959 0.00000000024054713776
75700 95.52879 19.12173 19.13260 0.99943 0.00000000025367796752
75800 95.52724 19.10572 19.11480 0.99953 0.00000000022101431796
75900 95.50583 19.08418 19.09600 0.99938 0.00000000022142643274
76000 95.47699 19.06342 19.07798 0.99924 0.00000000022243540343
76100 95.48308 19.05016 19.06369 0.99929 0.00000000020000356926
76200 95.48943 19.04485 19.05585 0.99942 0.00000000016076384668
76300 95.49532 19.04040 19.05338 0.99932 0.00000000015911538753
76400 95.46980 19.01983 19.03253 0.99933 0.00000000022023627366
76500 95.47111 19.00802 19.01921 0.99941 0.00000000023625901235
76600 95.46481 18.98733 19.00048 0.99931 0.00000000021148593987
76700 95.44139 18.96877 18.98610 0.99909 0.00000000021217871904
76800 95.44653 18.95260 18.97038 0.99906 0.00000000021999113642
76900 95.44165 18.93408 18.95133 0.99909 0.00000000015020162891
77000 95.44540 18.92492 18.94017 0.99919 0.00000000013079315409
77100 95.45840 18.90945 18.92148 0.99936 0.00000000011080558693
77200 95.45098 18.89678 18.91050 0.99927 0.00000000012586554021
77300 95.44706 18.87835 18.89203 0.99928 0.00000000014078338495
77400 95.45104 18.87978 18.89223 0.99934 0.00000000011683454204
77500 95.43726 18.86726 18.88041 0.99930 0.00000000012932588334
77600 95.44232 18.85627 18.86746 0.99941 0.00000000014130563386
77700 95.44563 18.85183 18.86421 0.99934 0.00000000015172574308
77800 95.43234 18.83667 18.84878 0.99936 0.00000000014331646980
77900 95.43712 18.82787 18.84069 0.99932 0.00000000014801315729
78000 95.44394 18.81494 18.82822 0.99929 0.00000000012908785152
78100 95.44821 18.80997 18.82106 0.99941 0.00000000011232970110
78200 95.44112 18.79534 18.80857 0.99930 0.00000000011609202488
78300 95.44642 18.79256 18.80265 0.99946 0.00000000015397105813
78400 95.45237 18.78806 18.79741 0.99950 0.00000000015394263642
78500 95.45753 18.78576 18.79510 0.99950 0.00000000015577228396
78600 95.45153 18.76677 18.77608 0.99950 0.00000000017960744003
78700 95.45516 18.75522 18.76356 0.99956 0.00000000017251267082
78800 95.46443 18.75199 18.75747 0.99971 0.00000000015249668195
78900 95.44321 18.73203 18.73821 0.99967 0.00000000012136425198
79000 95.42644 18.71177 18.71816 0.99966 0.00000000010814105167
79100 95.43283 18.70801 18.71251 0.99976 0.00000000009731593309
79200 95.42961 18.70576 18.71285 0.99962 0.00000000007965184068
79300 95.42452 18.68801 18.69555 0.99960 0.00000000004424194344
79400 95.42431 18.67573 18.68302 0.99961 0.00000000002129851850
79500 95.43087 18.66401 18.66801 0.99979 0.00000000004541078624
79600 95.42671 18.64722 18.65190 0.99975 0.00000000001964295393
79700 95.41391 18.62767 18.63211 0.99976 0.00000000003794298209
79800 95.41288 18.61377 18.61960 0.99969 0.00000000003058531206
79900 95.39905 18.59711 18.60386 0.99964 -0.00000000001161026830
80000 95.39507 18.57999 18.58742 0.99960 -0.00000000003263522785
80100 95.39236 18.56578 18.57645 0.99943 -0.00000000001718092335
80200 95.39221 18.54960 18.55839 0.99953 0.00000000001104538683
80300 95.38941 18.53884 18.54877 0.99946 0.00000000000399325017
80400 95.37968 18.52019 18.53033 0.99945 -0.00000000002243893960
80500 95.35745 18.50909 18.51944 0.99944 -0.00000000000455813165
80600 95.34587 18.49246 18.50256 0.99945 -0.00000000003688072070
80700 95.34458 18.47667 18.48790 0.99939 -0.00000000000786926080
80800 95.34931 18.48463 18.49218 0.99959 0.00000000001308819719
80900 95.35551 18.49870 18.50808 0.99949 -0.00000000000124344979
81000 95.36071 18.50388 18.51646 0.99932 0.00000000003974420792
81100 95.36558 18.49115 18.50507 0.99925 0.00000000002186695269
81200 95.34750 18.47426 18.48952 0.99917 -0.00000000002087574558
81300 95.35457 18.47082 18.48469 0.99925 -0.00000000001045208364
81400 95.35881 18.47778 18.49163 0.99925 0.00000000004493827532
81500 95.36806 18.48496 18.50176 0.99909 0.00000000005468692166
81600 95.37028 18.48946 18.50624 0.99909 0.00000000002241051789
81700 95.37578 18.50647 18.52325 0.99909 0.00000000003803890536
81800 95.38265 18.52340 18.54062 0.99907 0.00000000003637623536
81900 95.38869 18.52103 18.53846 0.99906 0.00000000002158984103
82000 95.39304 18.52738 18.54275 0.99917 0.00000000001410072059
82100 95.39973 18.53211 18.54363 0.99938 -0.00000000000072475359
82200 95.40395 18.53336 18.54803 0.99921 -0.00000000001059063948
82300 95.41171 18.53073 18.54741 0.99910 0.00000000002651745490
82400 95.41782 18.52498 18.53871 0.99926 0.00000000003820233019
82500 95.42088 18.53202 18.54349 0.99938 0.00000000000971667191
82600 95.42623 18.53695 18.54773 0.99942 -0.00000000004435918299
82700 95.42269 18.52875 18.54152 0.99931 0.00000000001015720841
82800 95.42597 18.51976 18.53095 0.99940 0.00000000001109157211
82900 95.43109 18.51787 18.52793 0.99946 -0.00000000000239097631
83000 95.43578 18.51102 18.52173 0.99942 -0.00000000004948574883
83100 95.44160 18.50632 18.51724 0.99941 -0.00000000005339728659
83200 95.44987 18.49019 18.49909 0.99952 -0.00000000007329958862
83300 95.45169 18.48314 18.49335 0.99945 -0.00000000007419487247
83400 95.44949 18.47065 18.47751 0.99963 -0.00000000005548983495
83500 95.43505 18.45245 18.46173 0.99950 -0.00000000004487432648
83600 95.43901 18.44266 18.44951 0.99963 -0.00000000001927347171
83700 95.44423 18.44705 18.44992 0.99984 -0.00000000002966871193
83800 95.44832 18.46452 18.46805 0.99981 -0.00000000004374101081
83900 95.45400 18.46990 18.47430 0.99976 -0.00000000006599876201
84000 95.45932 18.46376 18.46816 0.99976 -0.00000000007141665037
84100 95.46611 18.45562 18.45737 0.99990 -0.00000000008467182511
84200 95.46982 18.44656 18.45028 0.99980 -0.00000000007267786373
84300 95.47585 18.45082 18.45126 0.99998 -0.00000000008608225244
84400 95.48379 18.45395 18.45591 0.99989 -0.00000000007534595170
84500 95.48675 18.44999 18.45087 0.99995 -0.00000000010168221820
84600 95.49153 18.44321 18.44474 0.99992 -0.00000000007084111076
84700 95.49101 18.42973 18.42995 0.99999 -0.00000000005292832839
84800 95.47796 18.41102 18.41623 0.99972 -0.00000000006754419246
84900 95.43450 18.39126 18.40079 0.99948 -0.00000000009599432360
85000 95.42981 18.37612 18.38758 0.99938 -0.00000000008177281074
85100 95.43409 18.36546 18.37755 0.99934 -0.00000000010344081147
85200 95.43051 18.34834 18.35933 0.99940 -0.00000000007224798537
85300 95.41993 18.33160 18.34192 0.99944 -0.00000000003197797582
85400 95.41026 18.31524 18.32704 0.99936 -0.00000000000644106990
85500 95.41364 18.31426 18.32412 0.99946 -0.00000000000903099817
85600 95.41702 18.30593 18.31770 0.99936 -0.00000000002282973810
85700 95.41223 18.29256 18.30580 0.99928 -0.00000000004755662530
85800 95.39327 18.27355 18.29018 0.99909 -0.00000000003582911745
85900 95.38600 18.25720 18.27507 0.99902 -0.00000000000816058332
86000 95.39124 18.25032 18.26604 0.99914 -0.00000000002853539627
86100 95.37091 18.23202 18.24813 0.99912 -0.00000000005549338766
86200 95.36613 18.21604 18.23084 0.99919 -0.00000000007817391179
86300 95.37160 18.20919 18.22355 0.99921 -0.00000000008616041214
86400 95.37213 18.19846 18.21406 0.99914 -0.00000000008853362488
86500 95.37840 18.20472 18.21715 0.99932 -0.00000000008542144769
86600 95.38342 18.21396 18.22427 0.99943 -0.00000000007660361234
86700 95.38760 18.22334 18.23702 0.99925 -0.00000000012559198126
86800 95.39303 18.22242 18.23565 0.99927 -0.00000000012600764876
86900 95.39969 18.21846 18.23062 0.99933 -0.00000000007485922993
87000 95.40373 18.21700 18.23041 0.99926 -0.00000000004342126658
87100 95.40957 18.21770 18.23110 0.99927 -0.00000000004015277000
87200 95.40853 18.20921 18.22677 0.99904 -0.00000000003306155349
87300 95.40638 18.19551 18.21721 0.99881 -0.00000000002915001573
87400 95.40408 18.18178 18.20198 0.99889 -0.00000000003329603260
87500 95.40416 18.16837 18.18936 0.99885 -0.00000000008376233041
87600 95.40323 18.15269 18.17510 0.99877 -0.00000000008148504094
87700 95.40712 18.14863 18.17018 0.99881 -0.00000000009852740845
87800 95.41318 18.14453 18.16481 0.99888 -0.00000000011954881529
87900 95.40944 18.12876 18.14816 0.99893 -0.00000000010761525004
88000 95.38699 18.11139 18.13241 0.99884 -0.00000000010545520013
88100 95.38654 18.10066 18.12267 0.99879 -0.00000000010762946090
88200 95.39127 18.09539 18.11757 0.99878 -0.00000000008878231483
88300 95.39625 18.09206 18.11462 0.99875 -0.00000000009125855627
88400 95.40241 18.10312 18.12014 0.99906 -0.00000000011403855638
88500 95.40666 18.10906 18.12667 0.99903 -0.00000000009197975714
88600 95.41230 18.11064 18.12639 0.99913 -0.00000000007957368098
88700 95.41677 18.09965 18.11680 0.99905 -0.00000000004141398335
88800 95.40183 18.08391 18.10470 0.99885 -0.00000000001764632884
88900 95.38889 18.06766 18.08882 0.99883 -0.00000000001890754220
89000 95.38056 18.05522 18.07818 0.99873 -0.00000000004009237387
89100 95.38371 18.05140 18.07209 0.99886 -0.00000000002525268883
89200 95.38804 18.05659 18.07767 0.99883 -0.00000000003513278557
89300 95.39511 18.04928 18.06809 0.99896 -0.00000000002313527148
89400 95.38887 18.04108 18.06006 0.99895 -0.00000000002673417043
89500 95.39343 18.03656 18.05795 0.99882 -0.00000000004054356850
89600 95.40071 18.03045 18.05040 0.99890 -0.00000000004530775755
89700 95.40088 18.03838 18.05429 0.99912 -0.00000000006871303526
89800 95.40805 18.05103 18.06612 0.99916 -0.00000000008618883385
89900 95.41155 18.05865 18.07332 0.99919 -0.00000000006265921115
90000 95.41756 18.05738 18.07023 0.99929 -0.00000000007858602658
90100 95.42130 18.06449 18.07854 0.99922 -0.00000000007962341897
90200 95.42038 18.05219 18.06702 0.99918 -0.00000000006754419246
90300 95.41152 18.03651 18.05290 0.99909 -0.00000000003688072070
90400 95.40765 18.02158 18.03794 0.99909 -0.00000000004827427347
90500 95.40728 18.01165 18.02639 0.99918 -0.00000000005480771392
90600 95.41415 18.00474 18.01648 0.99935 -0.00000000008851941402
90700 95.41894 18.01857 18.02930 0.99940 -0.00000000007092637588
90800 95.42246 18.02949 18.04101 0.99936 -0.00000000008770228987
90900 95.42821 18.04805 18.05778 0.99946 -0.00000000009713829741
91000 95.43322 18.07442 18.08018 0.99968 -0.00000000010947687201
91100 95.43770 18.10308 18.10884 0.99968 -0.00000000013202949845
91200 95.44349 18.12473 18.13030 0.99969 -0.00000000013680789834
91300 95.44801 18.14472 18.15168 0.99962 -0.00000000019235102400
91400 95.45253 18.15130 18.15905 0.99957 -0.00000000016805046243
91500 95.45764 18.14774 18.15370 0.99967 -0.00000000013718093328
91600 95.44812 18.13534 18.14366 0.99954 -0.00000000015322498825
91700 95.44774 18.12963 18.13536 0.99968 -0.00000000016275691905
91800 95.43156 18.11257 18.12047 0.99956 -0.00000000018136248059
91900 95.41447 18.09566 18.10611 0.99942 -0.00000000021556090246
92000 95.41372 18.08257 18.09123 0.99952 -0.00000000021534773964
92100 95.38155 18.06510 18.07708 0.99934 -0.00000000022943780209
92200 95.36904 18.04806 18.06255 0.99920 -0.00000000024129676035
92300 95.36176 18.03768 18.05118 0.99925 -0.00000000026935254027
92400 95.35871 18.02612 18.04311 0.99906 -0.00000000024436630497
92500 95.33855 18.00947 18.02720 0.99902 -0.00000000022894397489
92600 95.33974 17.99917 18.01688 0.99902 -0.00000000024819257760
92700 95.34104 17.98688 18.00280 0.99912 -0.00000000024344259941
92800 95.33372 17.97460 17.99185 0.99904 -0.00000000023595347898
92900 95.32717 17.95918 17.97543 0.99910 -0.00000000023001689442
93000 95.33226 17.95057 17.96854 0.99900 -0.00000000022997781457
93100 95.32866 17.94626 17.96344 0.99904 -0.00000000019850077138
93200 95.33344 17.95831 17.97451 0.99910 -0.00000000012752465750
93300 95.33798 17.97002 17.98641 0.99909 -0.00000000016368417732
93400 95.34527 17.97772 17.99583 0.99899 -0.00000000015878853787
93500 95.33640 17.96920 17.98882 0.99891 -0.00000000010767919889
93600 95.33262 17.95549 17.97566 0.99888 -0.00000000009092460118
93700 95.33772 17.95392 17.97137 0.99903 -0.00000000011494094565
93800 95.34005 17.94641 17.96537 0.99894 -0.00000000011235101738
93900 95.32966 17.93197 17.95071 0.99896 -0.00000000015577938939
94000 95.33345 17.92528 17.94188 0.99907 -0.00000000017464074631
94100 95.33830 17.92867 17.94125 0.99930 -0.00000000008212808211
94200 95.34318 17.93287 17.94316 0.99943 -0.00000000001817213047
94300 95.33568 17.92477 17.93752 0.99929 -0.00000000005909939205
94400 95.33859 17.91705 17.92730 0.99943 -0.00000000010712142284
94500 95.34005 17.92306 17.93065 0.99958 -0.00000000013228174112
94600 95.34621 17.93531 17.94347 0.99955 -0.00000000015893064642
94700 95.34047 17.93237 17.93976 0.99959 -0.00000000013859136061
94800 95.32480 17.91630 17.92349 0.99960 -0.00000000014511414292
94900 95.32903 17.90574 17.91196 0.99965 -0.00000000014173195950
95000 95.32238 17.89483 17.90331 0.99953 -0.00000000013941203747
95100 95.31504 17.88053 17.88881 0.99954 -0.00000000004115463526
95200 95.30066 17.86426 17.87252 0.99954 -0.00000000003108979740
95300 95.28892 17.84794 17.85730 0.99948 0.00000000001363531510
95400 95.29154 17.83413 17.84273 0.99952 0.00000000003537081739
95500 95.29223 17.82099 17.82902 0.99955 0.00000000002448885539
95600 95.29623 17.81376 17.81824 0.99975 0.00000000008921219319
95700 95.30212 17.80046 17.80697 0.99963 0.00000000004569855605
95800 95.30370 17.79785 17.80510 0.99959 0.00000000012797940485
95900 95.29700 17.78559 17.79505 0.99947 0.00000000018391332901
96000 95.29574 17.77748 17.78545 0.99955 0.00000000019498358483
96100 95.27901 17.76271 17.77474 0.99932 0.00000000022005508526
96200 95.27193 17.74852 17.75941 0.99939 0.00000000018527046564
96300 95.25369 17.73313 17.74621 0.99926 0.00000000025105606483
96400 95.25152 17.72344 17.73651 0.99926 0.00000000032176572518
96500 95.25702 17.71927 17.73048 0.99937 0.00000000026362556582
96600 95.26058 17.72947 17.74417 0.99917 0.00000000024908430873
96700 95.26484 17.72681 17.73800 0.99937 0.00000000019969093046
96800 95.27149 17.73888 17.74438 0.99969 0.00000000026338398129
96900 95.27497 17.76759 17.77291 0.99970 0.00000000025687185712
97000 95.27915 17.77602 17.78280 0.99962 0.00000000026281909982
97100 95.24330 17.75932 17.76920 0.99944 0.00000000030436098086
97200 95.24092 17.74710 17.75696 0.99944 0.00000000031265301459
97300 95.23120 17.73470 17.74455 0.99945 0.00000000032565594665
97400 95.23521 17.73084 17.73886 0.99955 0.00000000034317082509
97500 95.23470 17.72034 17.72925 0.99950 0.00000000032605385059
97600 95.22842 17.70713 17.71839 0.99936 0.00000000034861358245
97700 95.20822 17.69266 17.70172 0.99949 0.00000000037212899429
97800 95.21409 17.68377 17.69372 0.99944 0.00000000041450576305
97900 95.21536 17.67157 17.68133 0.99945 0.00000000040788350475
98000 95.21107 17.65786 17.66795 0.99943 0.00000000040249403810
98100 95.19150 17.64321 17.65671 0.99924 0.00000000039505820837
98200 95.19540 17.63385 17.64463 0.99939 0.00000000047354831167
98300 95.20043 17.63330 17.64371 0.99941 0.00000000041501735382
98400 95.20202 17.62853 17.63821 0.99945 0.00000000047140247261
98500 95.20778 17.62296 17.63066 0.99956 0.00000000041812953100
98600 95.21307 17.61881 17.62632 0.99957 0.00000000041139358586
98700 95.21613 17.61718 17.62593 0.99950 0.00000000042853187665
98800 95.22061 17.61159 17.62015 0.99951 0.00000000043087666768
98900 95.22589 17.61573 17.62322 0.99958 0.00000000042487258156
99000 95.23022 17.61119 17.61849 0.99959 0.00000000040692427206
99100 95.23515 17.60787 17.61498 0.99960 0.00000000034939162674
99200 95.23967 17.61424 17.62241 0.99954 0.00000000031717561910
99300 95.24555 17.61674 17.62739 0.99940 0.00000000034435032603
99400 95.25053 17.60953 17.62052 0.99938 0.00000000035154101852
99500 95.25037 17.60049 17.61394 0.99924 0.00000000033506353248
99600 95.24909 17.58757 17.60171 0.99920 0.00000000031338132089
99700 95.25242 17.58273 17.59879 0.99909 0.00000000030859226285
99800 95.23361 17.56824 17.58657 0.99896 0.00000000030555824537
99900 95.23600 17.55968 17.57886 0.99891 0.00000000033046632097
100000 95.24073 17.56357 17.58538 0.99876 0.00000000036592595620
