10000
14100
21573
966
20983
15221
1079
22000
27064
11444
23864
16881
18662
3288
3588
23848
2741
14420
14097
25792
23536
15323
14613
25129
23961
15477
19656
29640
6864
9683
18411
3565
5621
4831
13193
18438
12561
9368
6013
2579
30066
15133
7988
11866
32406
17671
31668
27484
3147
6396
9949
6663
19
3458
27631
11309
18893
17168
22861
26421
1938
21611
32641
23774
24880
8575
11632
17648
9900
14894
308
25715
6900
31524
8742
7773
15922
10417
13544
28696
5694
30496
2860
22752
2158
19769
27684
20588
1454
4107
16697
4304
15571
23528
31488
14242
18220
20144
17002
603
858
18259
19003
10753
4706
16017
21693
8707
11009
7428
16821
15973
14144
12897
14486
1308
28743
12795
17141
11964
27766
22664
27453
6736
21426
7976
13220
14473
11773
8099
31069
12828
74
3570
6159
19813
11151
27394
24967
22352
16923
21684
15786
4985
18218
5928
1709
30610
3255
25403
30088
13830
9105
20046
12967
23515
4529
32586
24291
1501
17099
11488
10418
28921
26403
20758
16794
27111
13474
13823
18412
24588
15913
16329
30894
8094
21797
6142
15833
30473
10596
7683
27845
19345
6951
16613
18657
24889
29560
9812
7847
23012
30397
17136
2767
12219
1422
18372
16835
11982
16324
2320
27476
12798
24018
16972
26283
10010
13401
23401
2690
7752
5622
4954
13716
26791
1887
13267
17233
2610
31150
12881
14551
744
32508
25178
15902
13098
11570
7430
14194
24420
8988
446
4903
5871
25535
13380
8072
566
31725
15347
32016
23576
9750
26697
221
6798
24673
24226
7009
2702
10491
13638
5979
25391
21679
16294
17669
5133
13240
28643
25999
21231
30931
29072
27341
11431
5784
25017
24365
7482
1801
18468
2539
29505
12652
13782
9096
655
25174
11481
11896
27156
2569
13629
18459
28929
13567
17245
1518
16173
29383
21348
13059
29880
7952
24079
430
25838
16644
2740
1410
30830
29911
17027
2427
31371
5023
2316
5757
22002
3430
15873
15869
1165
10621
11325
31998
13992
8468
2566
19264
30035
18440
20111
10932
17415
14332
193
19250
1420
12715
5742
10265
10364
8600
14377
23742
11352
25328
30372
24063
9656
26017
28506
2498
6146
2127
3054
21099
24085
25641
17251
19269
5410
23662
31627
21540
10687
18224
7874
10312
15158
4953
14812
21637
18723
4075
13915
22689
24382
14476
1253
30718
13173
11073
19446
32120
27198
11130
28371
30353
29995
22095
191
10700
16318
27657
30832
19542
7808
21220
14276
15083
13389
14099
15281
14840
16882
27653
2170
253
5114
29415
9769
5430
708
19050
14202
14553
27590
17299
26979
13181
6399
31164
19887
12676
24678
6220
26598
1127
31076
13730
32573
30615
24179
3030
10427
16913
18541
15514
13875
28425
25430
15088
9166
12962
8331
25487
8316
4923
19479
1321
10804
6337
2242
18360
22555
4239
30213
30236
3485
17464
7106
2822
25533
3456
15923
1302
15529
27563
11809
17984
13714
32251
26966
628
27322
1908
8020
382
16847
24546
28231
14379
11895
30237
27705
31917
9516
18316
20613
23104
12362
28904
20878
18446
23398
15426
2736
18256
26850
20552
32375
11447
1470
25796
2319
6410
28593
8293
22268
25872
16761
962
13323
1200
22895
1436
18057
9559
3678
17507
2738
2970
9877
28924
8812
29725
17723
22210
19766
31667
16867
9419
7259
21190
7776
23660
14187
16378
3803
2303
17643
13837
18467
9443
19276
258
2115
20421
7706
20094
3418
14878
11126
5490
28327
27133
15814
8442
3044
15623
1451
17029
1749
19388
52
28471
31520
4604
3409
19595
26719
201
19082
28733
23886
1520
22375
23580
4384
23892
22762
8136
23992
5903
19112
13683
14083
13422
7688
17177
22521
20495
15071
23460
1641
3280
7077
9851
18344
10246
31563
11583
25447
8469
15114
23009
17960
14882
14902
21152
31074
18254
8286
28768
17338
16575
24804
1419
26689
28239
12545
3078
27801
9514
7945
28516
2650
920
12017
18266
20403
7959
8206
5747
13141
22701
16415
24837
8076
19324
28558
12388
14511
2455
15091
22101
25275
6932
11738
1222
29539
17094
3516
29803
20702
5238
24460
6812
15008
13414
4430
21722
4251
19097
5007
22477
25061
25238
22854
18909
32083
2481
3337
29593
28745
8843
9857
20314
26576
4572
29724
15395
10217
10352
27905
22476
3362
28272
24393
17504
19558
13283
20076
23747
25881
2676
5625
7320
31077
3190
9355
16225
206
5413
25336
23272
2317
20015
7115
30943
31003
13939
30453
29635
2700
1544
23999
6918
27934
4993
23299
25196
18578
7791
19356
8374
4282
9000
29467
8574
24532
7111
18619
3682
19222
21108
4248
29540
25994
10470
5403
25233
25884
31013
5305
31457
7666
29589
14301
22111
18427
7728
8994
9097
22803
31174
28154
19366
3132
25692
23110
23002
25234
28608
22822
5458
13861
22608
5589
7017
4536
5465
9145
1532
27517
14544
12102
26819
32031
30531
13856
14561
23813
27662
2687
21177
15574
28114
9688
4612
28984
1827
3770
12320
9950
26497
22006
23723
26817
24714
28418
17489
23469
17261
26527
31202
21248
17082
30120
8879
15321
31376
7927
21129
20016
28182
5125
5824
24744
15768
9212
12709
23770
23200
12110
8883
8678
20249
25161
18127
13229
32692
32235
19918
27200
28043
8951
10552
13719
15109
21320
22603
18823
30713
7526
13635
17902
30998
9815
10201
12081
16002
1464
24842
19176
11713
10252
1049
13527
8921
11091
24791
16417
7347
27103
30904
2245
10083
7084
22808
29166
5197
1534
2101
5793
6997
28604
13233
10822
11606
23123
17885
32605
18159
6837
19429
28416
27929
23100
17276
242
31586
22605
28359
11732
2737
8340
29005
6283
5438
20316
1997
971
21201
17389
8314
23522
21615
20651
14266
1783
1267
7446
24284
31145
19667
23765
29626
28669
14155
28749
3831
12955
29368
29554
10116
15419
12354
11997
3945
21338
9917
7968
11714
27697
15569
1622
26343
7769
15358
31889
32262
16650
12041
22618
31020
7253
20017
8709
30723
6286
19085
18462
26994
31053
26722
4258
789
18197
21053
28610
19691
31795
8766
15332
5455
30953
5559
25323
24874
716
7926
1208
11366
21355
18782
5872
3750
31281
9149
30208
6196
5517
9433
31546
10063
15948
20755
21814
2134
4498
10871
11432
16232
31585
27195
30477
26936
13740
15121
20624
11579
8961
10590
17470
12839
4991
31280
16928
25013
6777
28815
24899
19036
30087
10967
26592
21892
11084
26375
28945
32248
28196
20783
25808
11604
23680
15363
212
18694
10860
7798
26387
5821
17450
15313
30086
17695
1050
4610
19244
27835
32734
567
7761
7486
12474
26540
18448
19177
31553
4289
10519
23086
20048
19370
30730
12432
3389
26347
17264
1834
11855
10072
24708
14617
4158
24725
17646
21431
13
3180
8416
11712
921
15122
7753
31155
12915
22699
8268
22395
4331
27665
10575
8557
13009
15129
12247
8209
15991
18103
12688
7277
30476
32061
12657
26030
9948
6229
30927
31975
29565
27857
30846
424
26636
23525
17721
29882
25748
13123
11691
1927
26985
21839
32046
8782
32359
25246
31653
21314
18535
11385
11063
3536
27259
9288
12260
10426
22313
32056
16999
29279
25995
2505
18555
23571
31860
27460
19115
5601
28969
32002
17173
11254
6202
5672
28126
25900
27425
8211
19835
15990
9754
3297
22308
13695
30773
5940
17286
9870
12082
22457
16813
23659
14545
14961
23306
2815
32593
10616
6813
10639
522
9052
20235
11578
22885
26571
32174
23347
32201
23175
21753
16931
30661
20892
11348
6690
29382
28385
25575
5758
8366
22383
16810
13030
17948
26602
31715
28863
26882
37
28070
13400
31445
16148
13539
11969
1652
27112
4244
14176
2237
16597
23476
10900
25766
29389
16884
7065
23945
32398
11440
23980
3008
9438
31777
10351
32626
20501
24788
23438
1452
5341
26971
9635
17332
12342
6210
4695
7322
5701
17354
5391
26925
21695
23350
10618
21711
19017
4397
1078
23277
29317
5877
27819
21612
3242
22236
6963
12883
6581
4537
16565
7637
16233
32469
6984
8247
834
17037
20887
27429
557
10993
23618
9703
20191
9775
15816
8654
11000
18663
117
9270
9127
18283
3911
4584
24663
837
31809
1702
30550
26076
18425
2624
29827
8616
6368
12276
19057
6652
21444
23780
20238
32035
7577
21191
27522
17583
10872
21214
4110
32232
27945
22246
3422
93
20444
25823
25730
3582
11021
3917
22646
25259
31919
1960
1855
22723
17982
19943
9234
461
4308
20551
25989
21648
28581
6452
20944
22295
3361
24533
30190
754
16427
9510
1013
21302
9111
13431
1662
8804
30963
5618
16030
24718
5656
5596
7704
29883
20735
20760
12752
19853
24022
27373
4227
25889
21331
20489
8630
15415
18761
10949
20716
4243
17785
27818
284
21155
27306
4404
21602
7777
7676
32215
7157
15227
5753
9024
1113
26801
2797
17373
20950
30335
29175
927
16680
29949
2145
9471
24696
30979
4525
5951
29835
15504
1776
14834
15930
7789
10212
31166
13346
17677
8760
10849
1180
26808
17194
29680
2281
26456
22889
27333
4340
7379
5730
18652
12267
25118
20478
26563
30582
4555
15155
6067
29241
25605
22069
3436
30620
10532
11312
25680
8088
3195
19597
3924
14458
14659
4136
21993
25285
10631
13874
12946
18109
23815
5557
23866
17775
22064
30399
20427
15089
25420
1730
30972
13803
2039
27707
4459
18518
6866
15762
18155
27515
24385
12831
353
1212
3385
19016
9464
24322
19291
5905
31265
16983
249
31991
10302
13269
26426
3902
17030
4320
28333
13926
18639
28168
23925
21651
14074
12466
14382
32130
11550
9906
19246
27329
25315
15388
22794
32
27179
17238
4700
29795
1272
882
15044
4746
187
7981
17778
22471
13198
16722
26732
9952
8556
1486
10802
3148
10141
17017
22122
11318
30825
25532
18413
9997
11268
9671
3959
15021
30897
22115
12801
3289
2016
24553
22438
8019
28750
10061
24238
21730
18672
9655
28094
7935
16877
32000
18531
30681
24137
3950
17874
8091
19476
18208
2757
16109
27820
5509
4797
634
20742
1343
13266
20132
7614
22578
24123
26079
5095
17510
9945
30877
22823
12923
87
22428
28907
6360
8306
15023
2891
25649
16196
27369
9933
5717
32531
31753
2058
8720
1485
16723
9726
4089
12546
31786
28244
16802
7239
22753
7908
29969
26328
11727
22651
7284
31873
12449
20186
24080
26046
5620
14849
20603
25377
20260
27821
18187
22516
23134
13343
17038
18464
22781
25887
23099
27981
24595
14913
12521
10059
14149
26471
19071
19376
31197
1671
21932
6339
19994
16814
15832
20377
9930
24133
6490
14718
17179
3476
7319
24751
9860
21850
25541
21486
11433
29826
32203
31392
18559
9850
14260
15547
5364
25099
5743
3961
26151
20327
29629
11950
28016
27671
25165
89
24224
11062
7460
22137
31370
26077
1603
802
8898
12254
30852
29391
23204
25781
28870
16634
22936
21065
31466
4757
19035
1229
21732
4365
5941
21766
27175
16567
31176
21913
22135
15580
7396
6295
4553
25153
31199
8288
2945
31271
31304
16665
21692
26756
27720
25108
534
20436
1915
16209
30493
32446
13310
25669
1542
24820
18378
17371
14239
30555
11840
20357
7020
11780
16580
24727
4570
16655
19174
1450
12404
13056
9743
4735
6990
2681
20722
23835
31765
28209
7795
24286
15159
22995
32186
706
4513
31380
28855
26181
31976
5510
11976
3996
9603
16408
2863
2643
6362
476
8131
14133
27040
17294
4069
10851
12113
30646
31464
30305
26171
23432
10756
31902
12052
11154
614
16691
12263
22312
6026
28841
17462
8966
28281
21751
1383
22731
16179
32304
28367
18334
25304
28453
895
24867
25804
32257
6151
25209
7490
13175
7771
9972
14762
26921
17207
23831
12874
14698
589
30094
14336
19000
15446
2910
3853
5947
11618
18734
5942
21576
17728
24770
25720
27291
3886
1710
4595
30346
25217
2711
25301
27465
22100
8235
6449
1071
29685
14740
29782
480
15812
17086
5968
1732
27100
361
14514
6072
12278
15229
32659
5379
11915
6045
12759
16267
11065
27646
6064
12904
28538
14435
22522
23085
224
21584
21783
11375
30863
16429
15880
31816
14403
1426
10645
10925
27950
27834
3997
7762
14411
21384
21514
29384
12527
30152
32260
8936
30113
2744
28517
12917
16171
23494
12397
6909
10737
14492
9144
10626
27738
13932
28245
23149
6178
24759
10952
9814
5850
21512
28232
20013
10301
23489
12109
4307
9326
6917
21820
30227
26824
12243
19078
7180
17036
15877
32285
26616
9970
17301
13157
23414
25266
15636
22389
1288
20123
25012
25825
16925
24972
23428
11197
27616
6017
5425
3158
16506
22730
11608
25633
15257
13865
9790
20129
20700
15808
498
983
397
31785
30545
12882
29586
12796
9580
24451
21174
14501
7282
29613
23496
14598
975
21081
5813
17316
28928
9699
1023
6223
8358
1081
15978
4358
17881
20704
25849
13333
25534
56
24856
12672
25948
8192
20388
26539
18716
32487
2844
27118
24214
15087
28130
22595
15844
21347
25014
9337
17513
22435
452
24865
20030
14330
12161
4840
4657
16777
28374
11300
32526
5761
19840
26284
32286
30358
22967
28653
16110
27568
27661
6970
28753
12003
18586
3684
2728
22945
23382
7307
3937
14126
5062
17203
25022
19029
9179
32154
7384
23386
9751
25162
2787
8751
28401
16106
8627
24810
3451
9817
10367
631
16194
9470
27366
4490
23413
3929
7471
7128
31050
7902
21973
21895
21918
20740
16451
4323
15324
15513
27868
24146
30239
20824
25150
26762
2203
13757
21448
24833
15417
14104
8538
4261
15489
32737
1115
24782
19645
2123
3585
28785
22619
29979
23244
2454
25236
22715
2828
6475
2698
29253
6747
3896
2167
30632
12794
24901
5838
20836
24514
19256
4689
30980
18339
28563
10379
26298
16022
22200
27233
10660
4562
26961
27882
20035
27119
27777
26746
7224
12785
9752
4380
860
13736
23247
29096
10983
5049
12741
19343
27157
13250
27693
13062
15576
14400
8101
12299
28873
18352
27332
28834
7781
28916
22514
28773
17014
12025
25213
14651
3023
20375
20969
8552
12604
16824
24455
10950
25529
3773
23113
26449
12514
797
15572
1769
27051
19023
27095
29268
24913
491
667
6019
6289
2060
3036
2296
21720
25378
1337
4099
21669
28465
24549
8112
29127
12682
20696
5402
26626
15795
2321
23186
16493
24629
11142
11658
4040
13215
7701
31666
28431
1741
26301
7008
25167
30826
26894
25397
8633
27572
6110
25854
30965
14975
28478
20440
12473
18557
19117
13977
23484
27531
28521
30497
24176
17360
15799
7713
28147
16204
12616
27577
14580
32618
3395
15608
14119
5199
3457
14171
26231
32642
26150
3486
29438
9654
17013
30006
2794
9495
21796
22512
10911
9609
26609
27395
3693
25793
3258
3551
29043
23325
17567
10633
6063
13054
14970
14272
25840
3532
25504
3031
1357
13581
14868
29718
6400
26340
26363
2653
21112
19416
29008
15017
31191
17625
12573
4007
10363
9562
27290
31372
25096
20527
20756
197
23872
15639
21994
23003
15481
31806
11584
5051
21624
21414
30752
12819
9667
24329
19307
32277
32087
32192
30249
888
22499
541
24255
5019
16050
8860
16573
23655
27699
1440
19289
16098
26141
23970
2037
9859
5303
17712
30839
11965
266
14964
3639
8217
23394
19821
26504
29872
30273
1062
14749
30456
29717
12773
6894
29336
1210
20133
19677
26490
7233
25286
29474
23300
4932
25663
32393
22694
7505
11392
9424
12591
9385
1863
5882
13611
4156
3674
17555
17247
2309
16032
25623
21260
4491
21877
27851
12549
12374
20054
24752
25606
27781
5746
7580
19386
16192
20731
25873
15669
30009
28996
22860
29542
14962
16756
880
13858
31500
123
29208
23604
21237
14755
9782
14938
32067
20410
31534
29433
13592
27241
11994
28174
7625
19905
10961
3432
30271
20503
29417
28949
7069
25106
23802
24602
7970
23810
30181
10599
29522
2931
14293
4361
29776
8195
30149
7586
20367
3696
8259
23062
3753
31477
18291
24456
18831
13271
32342
15237
17379
26939
844
31138
5946
20952
15996
24326
22071
420
14863
22443
1392
5829
18311
10480
980
10047
19559
27552
27413
31180
30999
16594
473
25817
19981
21253
23762
17584
12324
13471
30865
29925
11119
21493
18917
23996
13492
24067
26208
21402
32622
19991
9629
26303
21933
5523
1215
27600
5457
18275
1369
28457
9749
17899
29579
29300
4300
22382
10362
7146
28048
5554
9018
4421
18926
902
10296
4381
12076
29112
7960
5722
22303
29470
20075
4118
25140
23241
13403
8290
27142
15392
28718
28324
5713
7499
6348
5545
12005
23015
16947
9480
24292
11725
946
3304
27505
24573
21779
13329
30985
28220
17538
22914
24391
17961
19569
20643
25227
4140
28398
9894
10074
18346
20956
20497
9348
2474
938
26244
9172
28923
5681
27832
4636
29881
11125
11835
18367
22185
10490
16523
27456
24
1820
21529
28406
24849
10776
31408
10452
5588
8959
4008
6941
6816
13284
26718
13073
8137
9115
26849
23243
25611
32449
20718
25194
2334
27132
21791
1135
5770
27012
22623
2406
7869
20169
14939
22009
27090
13601
19925
9794
15883
14702
19773
21852
12812
15817
29273
21955
20198
17736
6390
9440
10743
10018
13694
14146
12315
32019
6605
31275
12577
20738
3662
16252
19938
29968
8151
14395
30678
32684
1852
12184
32656
25074
31644
1307
23131
26068
16497
7535
21536
19900
12262
30065
26009
24181
31258
11764
29113
27996
14027
21778
7689
7129
1978
1493
12602
15641
12740
929
21603
19776
9904
32246
32335
6135
13140
16108
32521
25138
10665
11813
18173
9405
275
10587
19433
25871
7612
12420
9777
19916
17672
15710
427
5767
30380
29458
12195
21142
25758
5634
12973
12119
20941
12222
23006
5075
28771
24858
19121
11755
27311
28088
12942
19567
3857
31244
13674
3988
6329
16656
7334
27718
30129
21049
27955
31167
11806
27562
15705
20675
17577
26784
2246
23631
29110
15788
8323
11592
3502
30414
297
8918
1480
9844
17302
7085
15906
27397
10823
21162
16186
16341
17619
21592
29051
369
31775
10840
11026
5159
11985
22022
20477
29191
24153
14436
12460
29963
20781
7671
28859
30458
10955
13595
30870
19407
27222
12958
26842
26845
20705
12318
7742
31564
19720
16274
2408
32118
19144
19410
7523
15249
590
2959
24740
19018
24657
18833
3250
22230
32708
26911
21005
21782
1625
14603
16431
13575
16356
2708
12896
1623
16269
8175
7453
19492
2253
32072
18790
11661
6148
652
14623
5908
2182
12597
3073
9095
12770
25082
29292
2130
13465
18515
31700
22448
24816
12010
31010
11715
16434
19039
22548
25293
20511
24422
27853
4113
3150
19497
31442
16475
26275
5675
29094
30463
25671
5733
31836
22259
23916
5173
10859
11394
27231
17564
21032
3692
15830
2593
16411
3667
20773
18028
30887
31048
2753
7309
14448
17698
16750
23317
6055
20385
13421
27085
16533
12535
13653
19614
27338
12444
22738
8989
11170
2902
7295
29381
29441
32534
12969
8690
3440
18777
4836
5408
4624
30209
7492
10742
19644
31994
31935
32102
10043
2968
8618
1348
12531
4771
18129
18489
11541
14967
14565
26411
25200
22574
18748
9324
22591
15179
27276
6094
21094
16692
10230
28000
13957
15261
17587
29315
5961
16904
19336
21244
19765
30593
3494
11335
3234
22668
2256
27438
9564
30907
10139
5488
15429
6074
29355
16987
30836
21147
19203
6309
26846
29643
11111
22998
29558
2497
26505
19879
14499
3226
19230
13508
19185
1793
12087
22736
3847
18002
31183
23977
22489
22015
15264
14318
4894
18994
24636
27839
6661
7604
9304
32452
31267
18027
11377
19120
26861
9592
25480
25076
16842
16935
16075
22043
7011
5605
30080
27997
23147
2884
28387
1780
17825
17900
23879
9971
22432
8309
11981
5869
31746
12179
31455
21245
31224
4084
14563
6752
19007
16910
30474
24474
21012
15311
12649
29351
22906
13137
4364
24758
7669
29824
13307
24615
16385
18119
1315
16628
7176
17831
9449
3257
14003
32244
23640
22947
14733
28378
31363
5322
3677
2010
27255
4185
17588
18447
25966
15599
30146
25270
5445
4677
6765
3309
15152
27408
1957
11949
22569
1265
16721
18614
12011
12622
19599
3899
10810
26058
13519
6800
10508
21965
16546
32715
2694
31773
29359
29869
11650
14390
4468
3800
23490
17517
8
27312
8563
14314
10103
22117
19845
17268
3790
14452
32084
31341
11367
13654
11749
31310
25157
13436
2669
8714
20826
22949
21502
26998
8437
17009
14085
31582
136
4377
31532
13779
30382
3932
27262
1218
32189
13260
19147
19383
19536
19535
31799
28545
5265
20683
24907
18927
17542
28261
15949
25342
13253
15895
20703
19520
9254
20166
18075
14765
27326
20050
3631
25081
29422
1989
27660
32341
15753
22299
17092
15030
26715
32556
31462
10467
22112
5826
28031
2641
22192
14145
31217
9318
11884
4441
19972
28253
8255
22589
21827
18501
20337
32263
14305
17325
5549
6964
17660
20927
8598
21086
5901
23577
19231
1607
15734
30934
16858
23443
15754
8687
20178
3870
14795
30150
20930
560
1840
1539
28543
22250
21523
1161
29897
29397
20794
7581
28211
21986
25197
16953
25085
5865
1650
27676
16572
2885
3171
26090
21091
12987
11678
417
11838
2661
26765
31415
16287
27862
20841
22838
29360
24405
7113
12837
18600
24644
4149
17288
22843
15210
3144
28089
14680
17434
25256
29549
16641
18705
19757
11986
16457
5827
8615
2355
24666
32307
5293
13149
23146
8090
5616
17003
10996
4634
31321
10420
26568
3535
27875
11097
12115
11781
22042
7457
9128
15921
24942
26528
27643
9730
16082
2855
24461
32026
11626
22181
2213
27392
5774
10488
19373
18982
32159
28278
15046
7899
19892
14096
1103
3291
23122
10759
2633
21582
27405
26840
2065
21714
22086
28884
9050
10347
6589
225
9242
21175
22393
19224
3965
13749
13637
15006
20065
22494
7305
23766
7156
7608
23939
1933
25369
16808
6101
12149
2830
3136
725
30539
7545
15279
7294
16045
25978
30583
25345
24019
3898
18141
26655
26825
17067
23681
32739
18392
24857
3052
25208
4937
5161
1408
3011
20499
32388
17760
8624
18800
18793
22645
3420
23478
8754
14490
16343
21556
15501
26658
23215
15556
13558
20607
4925
26084
19577
12173
27274
21208
15436
3654
19723
5010
5291
15297
3595
11391
380
16031
25006
13382
26529
28893
27190
3719
15177
21713
8708
16764
4240
4812
5599
9922
16249
1572
26338
12503
12056
32233
23274
13561
11077
29671
11429
19178
21836
2693
8684
23025
3302
8685
23635
25960
30941
31547
2589
19638
25500
15756
25539
25915
5098
68
23795
220
18864
29510
30900
5032
4606
30362
611
13278
17346
15567
9521
18527
1284
27380
31293
2826
22231
2623
30544
19190
6481
1291
25968
8628
15360
2440
28315
11663
24734
2139
23637
5383
19070
21278
10014
26289
9653
7716
18514
13191
2078
3431
25422
9090
3522
2516
14443
11700
8113
13038
28277
8604
19952
14090
13100
21346
17442
4139
23008
6464
21462
3936
23183
144
13586
15273
13795
3558
28530
5376
13744
25185
7571
21087
16964
17253
6791
24259
27031
25906
30223
28823
4371
31000
14225
24510
9951
4914
18180
18267
8289
16097
32669
24038
16897
14200
21930
4992
5168
6457
5054
27267
7809
29454
15966
6903
15679
4891
27808
23352
14506
5202
18976
31540
23407
24458
10049
19641
15465
2877
19081
14589
6539
8533
17932
14933
12830
6403
21763
31908
10703
20823
15381
19593
6670
32470
1751
18613
16043
3726
7238
746
18377
22075
32104
4934
26287
18393
734
9271
16165
20192
9675
22434
19471
16589
5911
32360
12187
13693
10903
32124
23267
1815
10472
3861
3740
12576
10092
6881
7587
7531
26524
18268
23636
29487
5639
32053
1722
25199
1587
22316
19618
7058
10108
17791
25186
12902
27654
10510
16236
12900
7158
10685
11042
18486
19482
9334
21893
11400
31673
17848
29691
27554
18380
19102
6700
2469
11837
32542
18799
12317
2198
22524
21388
1797
4045
2763
7421
21335
17962
22012
32710
19236
31861
8051
32281
1530
21197
3874
16683
18340
10601
961
6199
18697
8676
29581
20306
22898
29620
2105
14649
20799
18238
1613
7385
29948
5235
3292
4063
17117
26274
4293
12022
10184
1936
31793
19025
25622
12748
16712
22488
27384
7602
3877
29723
22199
537
12099
24324
30431
10614
7712
11847
14608
5609
15093
9109
31791
5597
2002
14507
1765
23316
15971
24468
6803
19983
1441
10892
21460
24335
31384
14591
12471
16119
18803
2553
26980
25946
27458
15577
28922
11867
12249
27052
32701
14236
5044
24190
25180
26048
15242
13182
21531
16733
29619
26804
8025
19809
21647
13726
10593
3016
8334
9724
9055
14179
30527
8868
891
3090
13423
27299
6422
15807
5674
30309
9014
22121
26954
24298
6188
28463
11839
32634
4213
32682
24469
22751
14208
16018
31018
28652
5686
29307
15852
1945
15269
30834
21164
32718
15334
6231
32584
2646
19325
15173
932
3859
4174
26199
32462
11684
8349
20657
20266
27284
19210
27645
29398
20257
7659
9219
8711
2
812
29393
1830
29771
29346
6587
9157
5778
7836
27553
472
336
20155
3184
1314
23179
23812
18923
28909
4786
2356
29100
30206
2761
5715
18533
23752
26053
26252
1644
8160
2362
2364
32119
4403
28489
19364
12401
15201
14773
16316
20308
3449
22131
21176
29695
15063
24441
23172
28991
28694
23044
32763
21957
25734
4693
7015
9891
14677
28027
24428
29599
24484
26384
20637
5835
5153
18736
3262
7188
6531
14401
19881
4076
31169
15624
31698
17609
15442
30491
22658
31173
29632
26591
12924
13859
14181
10988
22175
8068
4236
9989
13657
10710
28648
27975
6106
15299
528
574
3299
32284
7909
10077
13548
8460
16694
2628
27878
7244
5673
9875
30916
16279
7133
31228
14138
10078
4941
16029
27068
18808
9195
4012
31679
7091
11898
2782
13753
13687
30014
30994
25483
17393
32314
19489
32408
7010
26491
488
2220
16967
13361
10485
9138
17506
23975
31111
5215
32028
18698
32001
23369
19871
7169
6621
6579
20645
24670
19378
20905
24990
7974
32752
26821
17394
30616
14992
3995
20373
18308
6288
6548
7679
18177
13584
17250
29215
27352
21105
26
11954
3426
15961
24334
27110
16203
23035
9282
30106
3492
12948
9069
24984
9696
2524
992
15010
9185
3012
30204
1264
2684
20750
27750
12064
17121
25925
20691
4841
1942
23860
4115
8790
24699
12528
8661
4020
13331
5695
30740
5881
5319
21717
19830
18855
12679
30845
11281
11106
1268
16539
26385
7546
26307
3788
28338
23534
28320
25547
1842
13367
18345
3685
16425
19063
16176
3789
7306
11203
2621
27153
14780
6779
29040
1962
1044
23861
23520
10409
29475
8103
23285
15399
15886
11424
12552
27817
29606
13245
11330
12424
20899
15938
15236
8590
8305
29045
13134
26176
18012
17884
15634
14016
10869
28933
11384
12329
6312
867
18815
15994
31924
11445
22036
387
28633
25166
14845
14234
19882
12399
25647
5109
17921
17521
72
2059
32382
17764
2337
27471
6274
32052
11025
3260
29801
27656
15141
9748
2117
158
10839
14666
29485
15240
21855
30932
7794
5333
30312
21547
31855
16548
23449
31978
1944
3098
32672
5593
21910
28524
3579
8519
16622
6637
4233
32716
11690
4684
16414
16797
7929
24778
11308
20745
576
21781
4699
28264
7127
209
14960
6174
31033
11880
28807
916
735
19860
32231
15625
19202
19436
25055
29829
25364
18582
23538
4071
15583
25247
5591
20341
9911
23245
32358
19390
5184
13813
13624
27361
23527
18561
8866
17638
5368
19371
26220
28877
5945
7048
10087
26969
8967
14948
19865
27097
5617
18390
9616
12373
27037
8364
17337
28437
10215
9070
31440
8955
15098
12078
5359
30660
16745
17083
17911
13242
7191
7473
29825
805
27691
14901
7411
5529
29370
18699
29739
17152
5780
2449
19980
26140
24722
23906
4963
17246
8998
17304
13842
27047
23182
7895
7983
16380
8900
32736
3775
14907
3952
10498
28713
207
30589
18622
26510
31767
12675
9821
32226
13509
20573
1917
184
28868
15955
228
15284
25127
3802
11328
6713
894
32733
27902
30418
15837
29334
20621
13623
29369
546
7366
20525
21037
17664
22977
3264
13609
30768
23704
29636
19514
16027
13085
30163
881
30216
13791
12730
2041
19508
19463
17372
21027
22060
19688
29147
29312
16709
17733
267
27737
11451
2597
26087
18321
4335
15614
15563
22795
11458
1512
21641
5526
23054
2686
405
15686
14532
17995
15009
28693
7365
25149
22314
28822
8999
6304
13218
18314
5453
24781
17839
9759
10511
20391
24898
30395
6689
4134
9861
10918
24715
24355
31907
3387
16734
20384
20361
4016
4036
23727
4949
10741
23634
12464
18084
2897
10904
16908
9291
10864
23881
20753
31789
9518
7850
23902
6375
12626
12594
11753
23371
23430
30504
22909
14942
6031
31284
13964
1874
29545
25008
1382
31759
10853
350
24431
27328
22821
28959
801
29943
18134
15947
31656
6887
18658
13627
261
20505
23732
21963
10371
26201
31499
16838
20690
25828
25659
2578
18351
24442
11169
15428
23558
13554
14851
20595
3605
17822
31587
31713
12337
24664
23891
8193
17732
32516
16607
10989
10001
26666
5888
15372
24691
11
25736
28725
22770
5600
27224
14615
24212
5731
7636
17368
501
18320
1428
13052
30874
29101
20060
12169
31107
6536
11343
5480
18431
12288
23647
16143
24773
23238
23048
13405
32063
14949
16581
24873
20864
29860
13487
9819
29019
31459
20382
3817
17544
1367
10581
10186
21524
25450
15108
9188
30396
30519
26222
29638
29687
3879
27908
32021
26647
1756
10249
18279
3392
24184
26003
30635
17433
11236
19891
23397
7391
3316
670
28619
31501
16346
18493
31523
30642
17500
3791
6867
12122
6140
15266
1913
20810
14022
7354
18972
27026
24001
21272
25886
29017
31856
27672
2464
7414
4501
30278
21817
21306
731
18552
17876
16407
9078
18260
25716
23258
5769
11843
20592
29283
12212
21074
481
28458
23649
15036
7703
26482
9484
875
13876
14809
2525
15401
25776
31113
27045
29841
26644
4658
28535
7027
31043
6437
8236
17425
30244
29024
16391
15564
19772
1252
27509
10355
14231
145
16422
30919
21490
12732
3890
1092
26336
31494
18004
23070
22224
11507
10384
21403
28937
5248
28805
7212
24894
25697
9376
1245
17293
31633
9968
24511
9468
25851
6597
28993
19631
2672
16382
30231
9714
23708
28640
12925
20190
192
31483
11731
32033
12899
22797
16883
8194
27972
31268
13505
25503
1027
4100
31097
1119
32455
11124
18995
22099
13514
7443
29847
10909
18888
15834
3119
24587
22305
3883
19485
28485
7235
9622
12241
22106
10067
24028
6228
32609
13521
17109
3115
3747
20289
2378
11189
18000
22167
5230
8728
10749
4398
12595
28375
124
24909
22498
5217
11266
25528
3335
18549
13840
31677
29865
3003
27150
22994
14638
4559
994
26692
12855
14915
20194
12145
1136
27549
25865
1947
24659
3603
12677
973
20237
32565
28792
9336
4477
64
13110
31367
10791
22523
31717
28994
18250
24963
16857
23950
18797
31083
17681
27632
17359
22768
31599
17344
24244
2972
7050
14333
3423
7870
16639
30290
25735
18688
25038
10709
27167
12563
4594
31142
27001
19208
3763
22620
5206
20663
7223
16403
18133
27903
22242
8449
5244
18680
12654
3647
32096
1715
28741
25951
24677
29535
15425
29274
6974
1720
31434
31539
5889
20916
7032
9217
7829
24892
30032
2927
24240
15876
1779
24787
14555
13496
22126
3543
15531
28914
4615
13437
15787
2907
30157
1431
17172
12148
30411
26196
13408
13050
11858
15872
13641
6691
4709
24669
4269
13761
28403
30530
25667
22630
9151
32475
24940
17114
32193
15620
13084
25822
3904
5367
27247
5790
11003
1818
15175
22765
20231
20822
2004
30220
22652
17236
16384
23190
8588
20853
20881
24505
7511
11115
28372
21590
4593
25381
18687
15356
8857
26743
16491
8182
22500
3746
27121
8016
23987
8503
19474
22267
7452
25845
545
13547
6192
32356
21227
9646
3263
29348
19740
16624
9387
8453
17865
6322
28747
20807
3029
583
32721
11014
8743
3203
22556
20857
5650
8174
6995
15974
13530
18738
8300
10785
17828
30340
6090
11339
28124
13851
15672
26154
5828
20419
11087
4161
6429
23265
29616
5708
5205
8660
30455
347
31928
28007
8070
14855
32533
15533
10243
1338
11319
4873
17446
21829
29942
7012
29952
32354
30349
20483
16621
14485
6945
25759
2161
24839
31829
10153
10402
27852
6971
28312
10805
8492
7694
9351
29298
6818
26475
23296
29058
26473
29153
1184
4574
21034
16924
8958
4723
12153
22560
22834
13914
18804
27999
4902
12719
6445
343
29978
15479
18461
25321
28800
10295
12365
22601
6767
15562
19880
20580
11860
22288
31081
20514
6230
2447
2971
10946
10779
28567
1725
13289
6206
7333
21137
14946
9249
17278
20236
12580
30597
11667
16965
10318
15084
2634
2381
1504
8321
26631
12774
32484
10836
804
3830
5101
2611
23701
14275
6505
7250
22454
26145
4690
31704
4849
27917
4702
27466
20590
8506
28380
17364
20873
28676
23409
15300
17491
12579
7985
1736
28970
6427
14670
19792
15724
2783
8863
3779
21786
13053
21259
8303
24465
23663
26229
30771
10142
31838
2886
13634
30886
23075
9125
27234
9423
8263
27029
26300
32645
29213
23153
15438
29851
26292
24922
22727
28120
26703
2266
152
12722
10261
28615
77
31242
1386
27639
11582
26049
17718
13381
18370
32004
30721
15255
8851
2324
25262
11427
30506
22612
1224
13121
13479
329
9557
26119
32092
19279
1299
10326
26435
14543
26286
27327
9408
22094
29816
48
21098
29178
11846
13666
1517
12568
11044
5258
8138
32568
28541
13340
21417
8673
9098
16592
3245
24245
9650
16304
29254
12414
11482
10220
26293
31211
25564
25538
5005
8595
22785
13968
4534
16212
3318
9611
2191
1457
22124
13661
15142
17329
26445
25582
6682
3100
28279
22741
102
9317
13701
25411
12536
11413
5855
20467
22632
24320
11105
2548
13450
28042
13617
28531
4474
27567
17444
19897
24463
10233
30697
18333
13952
10374
11414
3955
24928
29504
11688
32106
27966
19096
30490
4822
20234
21161
11209
3819
32211
25380
20998
18958
28767
31965
6404
32729
22766
9889
28068
6012
11849
677
25545
31529
17492
15327
6469
15726
17045
10794
27263
28596
19241
32380
11852
21420
14417
13892
31287
28844
4944
29320
13288
30046
30763
21092
13130
15248
29895
6716
10207
14769
29950
15914
2656
15900
23111
5970
9299
28122
22016
6566
31934
15627
8605
9371
4961
28332
1712
7675
15275
30261
18935
18938
1994
17858
21200
17895
16743
31609
15667
16715
12893
26677
22202
13063
15866
28781
1886
32539
19432
19556
19829
23847
26131
4407
13379
30541
10917
17490
27359
12395
14430
14549
6831
16084
17334
3880
9303
25065
18113
22756
26905
19615
29472
22894
2110
1920
20329
7228
32136
8713
15435
29541
4758
28369
9869
9604
21453
31143
9552
24145
4427
26775
13176
4787
11031
28866
11051
29158
13120
2112
66
25691
917
10635
14890
6263
17922
14647
11401
27252
11521
25755
9079
19352
9227
27485
6615
24009
19902
3247
7389
22784
14444
2254
25850
775
15153
9059
6131
21825
9482
21633
2008
10832
22971
19524
993
22213
20273
19987
9895
13360
16630
18902
10521
30605
4900
30809
30966
26276
22332
24537
5340
20118
22007
15606
26314
2636
17530
20670
16563
11235
18167
9057
2786
3345
13244
10842
20112
27023
25818
28501
30528
21532
24475
5912
25125
28193
32182
905
31241
13276
30687
6227
3305
13576
16420
12436
16946
28917
12408
3322
27400
26643
5506
8431
32551
28659
5219
14092
470
8472
15520
21899
497
10807
12333
11815
25498
31038
31078
12738
25490
31568
29873
2608
14973
13862
16559
32506
26388
20425
25009
6870
29961
9912
29067
31973
29308
23346
31401
5186
25068
25147
15193
26402
8694
11233
14267
332
6447
32757
1453
18154
8555
26028
579
27410
30686
10115
21350
30370
6344
26451
24010
25426
29423
15851
11817
16104
17229
16235
11188
5020
10632
17161
22565
22952
8586
30676
29081
15119
6636
15999
13334
32336
30489
18565
28298
19917
7039
4515
27771
21341
27368
26721
27034
26415
24613
32726
8697
5407
1003
4133
16737
4184
11537
1864
5071
9991
1179
22254
14790
19443
23699
7211
12907
180
10091
8004
20908
4810
5089
6901
8095
22128
8098
1228
18239
19839
10147
28235
16193
13039
3616
23564
3386
27374
23533
9292
21194
20045
22077
24756
25964
2587
26108
3388
5925
10430
8582
31655
30786
6183
32178
9862
16755
1888
26125
21209
1699
3940
2626
30513
250
30284
4352
30937
24995
11707
16317
18884
19748
24241
9626
29793
6904
13849
8440
12491
740
7003
22164
9135
7508
21385
30835
31613
25891
7231
30518
4127
2022
31407
14268
16826
14186
19885
29678
11067
28858
26232
22847
22158
11120
14399
30307
14707
13883
22281
1829
8315
21286
3082
18401
5444
19729
7610
31680
2336
25687
7068
25155
13143
20915
24623
11373
14117
30619
21995
30882
28515
3339
18450
15919
31918
23388
15045
3168
24952
30758
22319
22335
11293
5080
6423
17847
30124
16399
27313
1934
24606
31063
17814
8820
29288
12383
21498
1940
27667
16262
26061
30051
17882
29421
8719
28715
24219
32688
23092
18574
7747
11144
18047
9075
24702
21849
15296
7893
17195
29530
11160
25334
21299
18973
21746
21096
31252
29972
30587
27475
11921
1258
7599
25442
436
14889
6305
13447
20991
6021
8854
3622
1563
2941
7175
3845
29741
18048
21907
13287
15316
8592
21303
8156
13969
22583
28990
15161
17445
7786
16651
30666
4648
24434
8183
19309
3949
2038
18863
18580
23495
25779
27619
31325
1975
20429
8299
1951
3021
17170
15939
25698
31452
27931
17606
1084
15721
2663
23628
5298
5936
10962
1035
19375
3013
5039
15328
31282
30331
2070
31565
14147
22917
27519
6590
14123
10331
29328
3088
8932
4448
22068
15597
6053
9888
21318
8368
9565
1595
26021
4999
5613
22855
9094
27669
12271
4479
18479
7638
31181
26864
25311
8397
230
8677
5699
13102
11191
29087
16516
11958
15550
2176
1175
28522
23067
32571
27701
11371
16843
32079
7876
10643
14865
14986
5427
23339
2268
30613
24208
32271
24515
24073
12992
22773
125
26078
25218
25648
16004
32482
18280
10723
896
5105
30798
29121
22249
10396
3826
27859
30454
10728
9973
4179
3091
9465
2306
23501
12553
1048
23370
5697
20131
10459
4747
9511
5180
20591
23514
10960
28656
759
31072
17305
26814
2383
25932
3891
13080
20206
12285
30005
19655
11202
26350
20862
4159
8345
29160
32345
411
16649
3630
12265
701
28839
6371
7648
16907
10569
24016
24970
30725
25874
28832
24395
762
31985
19756
24083
1672
7132
3900
15540
30831
10248
9040
15344
21723
7419
9856
692
10985
12879
29209
3705
8528
21235
22421
20219
8980
22875
14972
4190
28829
30875
18941
13174
20765
20775
20600
29924
32374
9076
15565
12155
21555
5755
29235
17213
24467
30673
1031
19073
14322
26224
2612
5665
15835
4252
30012
718
24228
30151
15194
26839
2925
5077
25189
25797
10360
25690
26002
31232
4196
15967
22551
19834
29698
30657
2156
15586
32143
11530
26370
18706
30575
8545
11357
14620
28983
15216
27635
18877
15822
1249
11975
14567
13186
10093
21606
22394
949
16762
24622
2061
3460
17291
486
28176
19711
8797
30321
7726
6592
20667
29833
25959
26334
3127
27938
11501
13415
15038
30674
8779
556
26747
24932
20694
12944
24982
27152
2992
17044
9163
8944
21017
25670
15661
29250
23259
29688
12438
8393
25661
31279
6817
26121
24074
1550
1823
23857
6854
7323
32210
8887
9306
12458
4054
16048
7081
4924
7375
5518
5213
7992
18428
19125
9618
7057
22205
31469
17843
22032
20188
13048
30356
2466
28101
1189
25756
25512
20080
26398
32175
5406
1694
28452
8207
15497
10195
7598
30221
11415
15655
18086
29187
32148
16980
19562
14618
22114
31903
20833
3611
31718
17731
23696
8115
9652
25044
9216
18233
26947
4439
20883
23011
20125
19812
31828
2490
7029
12931
17497
17923
28688
14304
549
23719
1503
29171
177
27205
10463
30792
24768
5249
18932
12004
20068
26519
29277
12185
32041
27358
11264
24964
20268
12490
13763
2148
23171
27024
16861
10123
28141
10999
8185
26239
25723
28488
5198
6633
7240
18441
9946
28480
30059
14758
16747
25263
29533
18772
16159
15785
1368
26514
28930
28811
29679
15018
8856
1243
29617
13720
29667
2072
6814
14776
28078
6195
11833
13894
4217
30910
12673
28662
523
3164
10538
15704
30158
8069
13649
19160
21040
15951
9645
5584
5729
28885
28047
16576
27391
16637
16455
75
391
2342
8899
3373
3614
9456
15154
20381
4221
10194
12159
6243
32574
4472
19229
16162
27237
21528
4155
32007
29285
11223
21406
30594
16732
28071
8537
24906
8058
17363
28469
7785
10267
27889
31630
7559
8514
5579
17138
15717
8644
11564
1624
23004
3751
15603
31740
4420
2477
10592
23150
22019
14713
17699
5615
18014
4618
3358
13967
1667
2181
26836
8471
2093
4348
13132
29013
30398
23715
27271
4590
15346
23517
29932
1850
8205
28113
25979
7825
23746
18929
28946
20434
7402
18950
21559
21767
14493
20282
11513
15846
8144
11787
10920
2276
31590
4883
22686
10127
9905
17750
13690
24649
4053
25922
25097
15502
100
10464
18744
2673
30282
20606
20890
1056
10411
4639
26862
31852
19487
2225
14226
14856
28073
2098
23839
32670
12843
2006
11280
27912
28177
11081
9942
6657
4863
25783
23784
505
10445
689
7727
27570
9576
19189
30187
10020
11865
25930
21595
747
36
16562
5053
11704
16822
12188
14650
28573
11058
10323
28316
23242
15067
23623
19898
31274
11441
32522
1186
18361
5345
7378
24242
21541
10755
3957
8789
13091
24132
21042
30707
2963
1767
27399
28738
5691
30984
6040
30263
10615
28723
30898
30303
29141
14874
13857
4576
861
14771
30400
22072
13511
31056
22371
30547
29052
7109
7827
27995
9943
18074
2465
1225
1289
17815
22261
6730
14063
1604
23789
11687
5448
2343
17596
17939
30903
1026
25322
17545
25239
4411
1866
28422
649
15120
28551
15219
20840
16714
28998
21283
4798
1668
11483
23473
25092
3062
11585
15821
29007
8199
3607
4971
6742
28813
24051
29396
21863
24765
793
19290
28614
18730
20963
21658
4259
365
11275
12850
10154
2921
26136
23947
26481
23402
17827
17279
20769
20994
6678
18148
16844
425
14524
19665
2648
13151
26281
24180
9538
17820
20402
21424
1514
11871
15178
13983
17358
108
14596
13078
19395
16793
3782
10914
27793
9011
32018
24406
9494
6562
2122
15963
8508
2878
28030
2838
1714
16558
23273
4440
24919
20324
852
25774
8911
29901
226
8419
6955
4067
9507
17516
12803
4685
24783
25368
22275
17933
3839
20137
27160
19130
2422
32525
19924
17422
9758
11362
25644
11580
20532
14566
27985
11059
14078
24951
24044
1182
19785
18996
26400
19459
18008
2192
27055
23722
22431
26177
2632
11222
29231
12037
5268
29571
30264
6833
3947
4864
26477
11926
9555
20442
2868
26051
14316
17635
23735
122
31549
15617
6698
6018
29469
17000
29154
90
24429
16174
5034
15080
5959
2896
21881
32552
14541
14904
29591
29831
30911
27762
4083
27279
2196
28015
26832
1221
8905
24194
26555
12665
4911
7360
26082
17198
16887
29321
25271
9325
8378
16117
25740
29388
25537
10857
1996
8639
413
32660
13691
9422
621
25232
19530
31738
21195
32222
10943
23560
8902
13167
30647
6470
13776
14143
24000
1376
5263
7100
16944
16498
477
20086
9680
22844
16990
11961
2270
10496
2236
13109
23586
5823
31591
12768
15187
18898
1515
10117
9386
19626
29123
12953
2411
31720
14020
10661
5971
10562
6336
30683
14710
19330
14759
20223
9919
4284
25786
12966
20059
23841
17679
25272
4818
2804
24108
29402
8799
10995
6824
2829
27196
7542
5008
16625
12848
30584
24301
31239
32638
18745
595
26130
3277
27320
18371
17773
25214
1635
2906
21905
1354
15856
9150
19844
24402
23162
9363
717
19507
1921
19912
5712
7883
660
16941
359
29106
9327
15051
32690
7672
11623
27847
16578
15998
14178
20480
20356
32509
23668
11766
3620
21452
18722
25313
23313
3688
7194
18830
5256
29900
7900
21699
6327
1226
20498
31984
851
4055
12991
22559
18281
32311
13733
438
18792
16340
10446
15004
19888
28397
8721
8653
32606
17298
18097
23249
32363
753
22760
24923
18991
26012
32107
27330
6933
1254
29654
13392
19643
20250
5166
9848
21365
18335
17836
6170
26242
8208
13096
26410
32500
28493
17209
13963
26438
27954
10882
12029
23994
43
3468
17717
16026
12835
4756
16184
28181
10005
16254
27054
15262
10019
22282
27807
1523
3567
4997
2674
11522
16779
32560
17589
26680
4909
15555
16334
31157
15618
25010
3833
11595
23914
17018
25290
6433
3479
31295
17566
10544
119
7447
32196
7296
4270
32755
31995
642
15675
6728
2872
610
7274
30574
13304
31428
16789
21158
11004
3104
31021
21447
31250
6672
12344
21702
5565
23526
28526
15196
9296
12694
32677
26752
15656
1012
18937
11934
2751
3489
24287
17192
28336
11681
31892
28838
31971
15677
12716
16139
21435
28817
13900
18838
30393
28739
16328
19401
20248
31229
8818
15127
4766
15698
12039
28331
21736
31307
1640
4737
648
28404
18396
22659
29946
22180
6627
12221
6749
13604
21003
5149
29986
16852
7213
14671
24888
30334
20517
10969
29046
13946
10757
4781
20684
15736
16120
13314
11810
9914
28664
865
9003
32617
6858
20355
24380
30662
12920
13025
10204
19298
8875
23377
26830
11643
7605
11589
3020
25117
31603
8143
27797
29982
31140
4514
6434
5033
12982
12547
4933
1733
25666
8448
13200
7504
20182
5896
28433
16452
16182
12147
2417
25991
5250
31119
348
24136
24317
28116
16014
5987
1037
5323
18474
15860
16309
28111
23845
22097
5505
8230
22096
29938
19288
4150
3231
3274
18779
27706
3864
14274
12006
18241
20809
5275
7757
20067
22479
6515
31236
27206
31283
13796
3881
13962
121
31192
3822
29567
28944
11068
1546
8473
8434
10664
25993
8055
26376
19633
28011
22800
9173
29913
5991
20172
23531
9112
27032
4370
3014
20619
27010
6668
7313
1350
9614
17417
26950
14177
19303
6739
11848
19245
6503
29290
17659
31343
16593
11998
203
22456
18946
13925
28197
15382
28384
12606
12858
26989
29652
7382
27518
7241
24071
17655
30590
529
13139
17996
3089
9698
8577
29729
2484
18128
25454
26990
31954
26541
14459
20640
4497
27790
3933
3787
3938
11694
23683
13573
13809
10121
31387
15110
31060
31340
21258
1976
1377
19462
22637
29863
29789
28155
29965
10630
32443
30765
16226
27113
10400
7621
9708
9314
15157
25621
15343
14786
18770
26807
9397
16332
24430
1072
29206
16906
6960
12845
19866
17171
4250
20128
20330
20584
26507
10040
7841
1032
25628
31099
9530
30804
28212
10369
10625
19384
5792
32179
26323
28222
16468
21821
32181
29866
3296
18477
7615
6036
617
10109
16991
32024
31026
12807
10825
6830
14766
24294
31358
18453
25805
5528
26639
5394
26625
19389
2976
18595
8645
4938
32686
20658
6215
18608
30470
11460
9733
21311
12062
28459
18153
9599
20785
23724
8116
12964
111
29484
30409
18403
12916
17430
6750
29760
13704
12468
27086
10833
23998
31558
30516
12564
18232
6116
11287
20877
7405
8634
20474
31474
31536
8451
20122
30465
12731
3986
14996
4561
29693
960
10193
7939
14059
16299
14259
6968
9247
8822
8907
17546
20159
7268
5417
26074
22402
5222
29734
14364
31528
8141
28618
11072
21308
9600
19358
30143
25329
19693
20161
31019
7312
25620
25807
24275
10345
29621
4291
12560
9513
6559
14995
11674
27266
14103
22450
1047
18573
29117
4451
9213
3584
3046
8130
28346
32587
24377
162
10428
23453
4322
22792
5027
2521
22422
13812
11869
29964
13836
2810
29600
373
7506
17657
4931
25618
4942
22541
7995
7812
32545
27409
16989
3925
14198
11214
4353
5412
15925
28802
10060
22350
27488
18550
9409
9197
24116
27692
8009
29842
22475
14359
8126
7125
26711
29358
11655
13075
6222
28460
18060
22865
6147
29145
29130
7185
3017
6408
8102
14278
8706
28325
5990
16998
19488
11167
821
10705
20848
2479
3921
62
16681
2717
1547
12273
22168
29195
10075
6884
18063
11944
29791
23686
20919
30444
22436
26723
29088
18870
14402
19974
20439
13256
28156
14885
11238
24850
26040
7721
25782
19629
29733
21368
4073
18826
5439
14343
12007
6603
25350
16466
14691
10113
27813
18039
14188
1458
27681
26372
17913
24182
25816
25940
29692
15385
4475
13831
20855
15965
14930
7438
22639
6194
10337
23000
28184
2909
27058
28779
22018
11543
9852
30796
23312
13209
25346
20633
13035
27295
18357
848
31129
4178
17427
19657
3244
11554
8404
5552
2652
539
27867
535
8096
20460
26815
12625
28777
13033
19838
29492
3743
4072
6454
22377
27736
5982
27139
7681
14782
10649
9781
14502
32183
8839
5475
27043
10225
4189
4691
4402
22315
15462
15630
22324
6705
7202
26735
17759
31412
12313
26318
355
9823
10242
4350
7346
8461
27461
23986
20062
13046
23619
21886
30554
29898
2831
4485
28305
5191
16446
17910
12154
5016
4910
9931
12866
1187
17142
28724
5300
28550
19586
31030
3733
2228
16268
26977
11237
16800
14875
20057
22655
26007
1456
16231
7289
18715
2102
8413
23665
20569
13444
5196
11336
27081
19458
7549
11002
29059
19064
1757
21776
5314
31105
28665
293
17823
16067
27873
7187
3913
27385
20708
10591
24997
22416
5662
11190
17387
31106
23239
31436
12659
25288
17052
11411
25478
25187
15864
25710
13534
27083
17208
11634
21832
3823
5251
7135
28276
2851
31302
15498
7337
8729
3552
19193
29774
7038
20267
15464
28947
20894
31691
14462
21187
11544
31441
22764
4215
15662
8755
16919
1088
27703
11561
27618
12345
27571
26168
23677
2592
4317
15910
11745
7928
10956
17101
13895
24297
19197
18245
31126
29464
864
4493
18858
23129
6761
27724
18205
28971
14736
22700
27105
18195
25018
3329
14269
20253
15096
9833
1404
6380
25810
26092
12325
17110
31249
20549
27742
20618
289
8426
8467
25985
24360
7243
10701
4376
26324
29609
19574
4801
14910
15676
15397
9402
22301
3632
22252
26828
3367
30612
16180
7767
26427
28159
16668
7997
5470
31900
14447
1279
24871
340
21581
3220
11545
6320
13031
28033
29859
7329
29028
16958
14862
13805
22871
20506
14654
1086
999
18202
19048
24446
29229
30585
15319
24570
27663
6340
42
3564
32456
21382
23626
26345
15522
6533
32473
23191
25882
27018
7207
2743
27092
29951
29578
5684
6152
25131
15139
31958
27922
6191
14262
10874
17467
4943
29702
25700
10156
26739
18648
25456
13440
11301
29726
3575
16786
25349
24910
10667
15000
28341
28389
30851
6550
18521
26237
14264
69
29780
26548
13532
21944
11323
14453
27305
18386
12483
14427
22992
21667
15894
21709
29092
10646
13503
29086
24694
21981
15427
208
30107
4815
16296
1584
31755
27666
23911
12035
2665
18989
19909
27940
9310
26248
32749
4387
31124
15605
8291
16984
14574
15421
17581
3987
18845
27898
26982
28620
7179
423
12034
19831
21459
6081
3491
2662
6494
10770
26128
13051
10234
23143
16070
13007
18570
7878
20221
9764
18992
7879
30848
22468
23513
29804
23792
27289
4660
30485
13899
3664
2913
4388
31334
27514
26467
17709
14955
25938
24724
2785
20012
20839
25937
20319
14300
7177
28758
3635
4854
27513
21154
5658
24161
30280
7466
5164
3455
7737
31743
1147
4157
320
11150
17941
13794
25590
9674
14646
7206
25579
8787
12198
20729
26699
27362
6697
16375
18856
13755
16128
16354
6042
12301
15719
7541
5243
22732
736
1535
1342
17808
5347
482
19248
21499
28737
3269
26389
30815
14569
30301
11737
3408
25970
25414
27459
30095
15317
11620
29237
7782
17112
3174
13628
27560
29304
20937
32766
13204
3764
19020
28845
3648
28112
9974
12784
29681
12952
8275
29437
7325
6996
19223
7173
17237
8570
31015
13878
12146
31857
29207
587
21992
23254
3490
12073
14642
14891
22831
22729
15545
16035
28134
18055
18262
29199
14376
24381
22863
3562
6366
27129
5494
6272
6416
27592
25114
12451
31158
25827
25309
12892
4043
23338
14257
26913
14071
16760
13976
1856
31584
18981
11393
5571
17104
4062
16390
28099
23899
18906
8567
2614
9035
30044
31084
12356
4298
9051
2988
32095
18498
26585
10178
28080
9686
21093
13564
9
8674
5450
11756
14183
23809
465
3687
31544
7030
27481
31693
21578
20149
18951
29267
3855
27761
12534
10008
27161
26768
22588
1484
31308
14753
11206
6915
5165
22080
25608
26779
4946
25421
22184
6049
27027
24866
18571
30781
1744
21455
19872
7410
6939
13556
24667
4482
20284
17936
24927
1125
17475
5685
14393
10012
26560
9259
23728
16564
32705
27109
11607
1982
27973
11251
27480
31139
21517
22814
28170
17312
19563
31128
11990
24187
4191
27499
11922
13545
1510
11397
19310
28876
7667
9233
7315
31437
970
19719
5930
4064
1611
3985
17307
14233
27710
14247
10160
6149
28139
24832
1522
32005
30579
23195
11834
7875
8937
16525
2277
7722
2887
14070
22725
23294
28358
26907
7920
21883
26478
6446
22289
17968
22509
30548
26767
23957
32527
4242
31052
12780
27346
671
6471
4734
11219
15896
11819
21800
18681
17654
24036
8475
14047
2990
24572
22628
21054
6872
6604
28518
28266
19540
21097
9406
8064
24488
5848
31562
2790
5094
19549
14212
5395
32457
16801
17320
25777
19819
4024
17803
8962
27962
2155
9274
14295
31316
25493
23446
18035
688
14124
21652
29927
11924
18304
4597
20627
25011
4762
25742
28161
13363
7024
21488
29858
6784
25519
7063
27059
21846
5181
19424
30144
6522
11596
24502
21178
10982
1811
3010
26854
31189
20519
21358
15168
6364
6956
21185
160
2205
19850
17682
17118
22384
30743
15585
8243
13313
18787
26940
5660
23088
12368
21262
15149
10271
32010
18419
19447
20676
9647
26586
389
27441
17561
1482
26599
26291
30813
24803
14255
1885
17850
3723
282
32372
1772
15632
12204
13136
8153
11438
20179
3756
7094
4234
6440
22832
7650
18971
31854
3758
2430
28285
3629
16054
29264
2164
13560
3717
26946
21710
18701
2332
7138
10423
30394
17282
26163
17466
32055
30438
17747
29411
21323
2814
23702
13161
27406
29427
25914
742
6967
24396
24482
30426
3963
22528
29286
8362
10478
15728
14959
3213
4303
21100
10203
2150
30000
12486
12442
12300
12507
1893
18656
6907
16482
2434
6931
1703
21192
19194
5218
4724
12681
27626
13728
13825
8061
4664
10624
4544
17369
5798
26093
8389
7139
30341
21983
9001
15723
27208
10896
19979
11720
20181
19592
4367
3370
31506
9174
23923
21057
4793
15339
18072
15306
18548
6628
19135
26202
28658
18719
31273
5640
11903
10494
1513
14053
1882
14906
10145
25101
14284
8239
2773
29784
5381
13407
304
24076
29114
7002
1581
3467
25373
5592
16392
9283
30219
6071
2204
27961
13818
4070
1471
9546
3671
20492
24762
15212
27285
12043
31946
15543
18968
7327
32069
9411
16530
15076
21113
10476
1406
26187
26759
8186
6361
14721
22310
20597
11326
27317
32529
17191
25105
14270
934
19604
29064
10612
1803
28079
31502
28246
21206
14331
30794
18554
26493
11823
14235
26820
13994
19761
31827
24376
779
7491
11487
10797
1246
30672
20107
15637
28613
19439
8558
18979
23268
10481
7873
32523
24363
10565
825
9608
25416
23664
29179
29876
7474
10054
8591
16282
31602
4078
7330
29055
13741
17860
20682
19022
26795
7364
798
30607
21867
26822
22433
2304
5143
23362
11502
21610
5106
3731
8565
5423
22225
5546
32596
19619
31051
13839
8125
32268
19406
23995
4295
28118
22950
21425
27228
11387
32648
6916
20184
5113
2157
28282
27785
16704
16796
13565
8311
8307
2742
512
28199
26737
24300
29332
6211
29555
8897
10213
18784
5384
27613
4901
18726
28361
4912
5478
215
18248
14419
4106
8059
27381
21520
151
6655
20157
21463
10235
30469
8071
29342
279
27298
29305
19005
30795
1154
14701
30693
9981
29573
26440
799
30377
396
30224
3636
12192
12223
26705
18040
12519
30137
27604
2301
11436
14041
14929
18512
11273
13942
22495
20907
1116
19010
14708
6175
301
30
20960
20134
15521
22140
6910
15970
1564
558
3312
12918
30962
23188
15568
29668
7108
18818
27166
31988
20448
14469
18737
22640
29749
17550
10231
527
8640
18414
22543
10334
23375
9490
30069
15097
18265
18592
23047
3284
2901
10052
14475
4908
24283
5195
26868
4285
23046
18913
310
796
24299
23399
24433
1755
30480
27848
2952
5773
7804
15452
28454
23710
21193
2494
24774
32550
2162
12623
1678
3626
6769
7813
16169
18013
21577
23199
10044
4795
8241
3968
31296
31089
19402
15491
14463
30533
14348
4653
17688
25693
10926
18122
21240
19480
4379
7584
30374
24962
17084
21117
20727
4445
14038
8242
16880
13722
3442
19968
1328
21128
14716
24726
15506
17713
25673
5543
32128
25084
12131
22819
23575
6729
26584
13037
8477
26995
5171
4955
14238
17877
18844
5299
20468
25576
12872
14674
30169
26755
54
28857
13911
1359
32077
21398
25388
25030
28628
12869
18071
21095
403
13672
27210
5728
26454
9364
8264
698
16583
28201
10325
2055
32450
22480
22742
9574
13375
5788
24830
8039
17710
11989
26333
4683
10293
2791
23309
24811
11076
27382
32637
28256
28013
113
27080
22153
26469
18914
11878
232
16047
22598
11772
23703
11450
31635
570
9829
14484
17890
25924
9123
6308
22579
28927
18087
12860
1166
19334
24119
25466
5495
12245
32216
13563
19075
11139
27749
25613
23642
4496
28393
20239
20984
21543
13948
30379
5641
23777
2928
16257
17145
22003
7977
14622
31601
2081
22329
13546
31645
1569
4337
8635
11305
18670
24295
14034
1401
27264
11217
7826
18966
1734
3482
25764
30304
23043
10132
11096
13655
1896
28987
17186
20730
18359
16862
15039
6293
7076
23184
13621
27814
30788
23596
24389
15035
1216
8022
6740
27402
3590
5931
20774
24548
15665
27496
18131
8796
10245
21387
20051
9778
32562
23741
24800
22734
9691
30862
18752
4986
1616
26099
22663
24193
15592
29794
10963
6407
15287
11406
14205
29011
412
18901
11938
3520
13828
25037
20582
20399
19910
2082
1612
8294
10004
7273
18312
9100
24280
23485
30369
3308
536
29597
96
11061
30669
31815
32745
10499
7205
519
20736
2918
15854
14873
198
30024
23058
2095
15899
6781
3602
20370
3939
18269
16635
22925
26823
27388
25761
1808
283
161
21243
32003
2510
22714
30983
16544
16710
15185
16023
31411
16244
5867
1352
32025
1819
9765
7562
22212
13835
31681
12970
7620
29991
3159
4780
3133
32735
7095
9572
7805
22376
10746
513
12009
23720
23358
21644
32256
12142
18106
8001
22338
24679
26113
12680
15268
4649
16189
28935
23842
7941
11744
25358
20323
23
16658
4142
11699
14664
7181
10278
19347
17453
2640
24646
31926
17950
24750
31813
7664
17914
11497
2149
31938
9255
5558
27201
4010
6725
7710
11015
13371
6706
7743
19259
29928
9808
17519
18643
19784
28319
28137
14280
28131
4001
8365
869
28565
483
21168
26559
6016
2189
23588
23372
20981
6734
128
19478
6300
12054
21642
3599
23627
120
3695
27057
31561
9561
28626
18138
19541
7204
19473
1041
19988
3064
18778
2558
19031
2436
1580
1664
1100
10619
19815
6567
9677
30562
4390
14335
18424
19639
19196
12890
24878
17310
13944
22143
20117
10111
5365
10769
2933
29172
21238
15472
435
30538
1018
3755
6200
22901
15743
26223
24738
30323
15731
11948
19448
4919
2564
13317
23555
29242
13147
20967
2957
28784
18363
15725
32754
6869
18349
27071
15447
4310
2677
25714
15714
2956
11538
4355
13922
7070
371
12058
4144
23125
28793
12450
7695
16612
17668
2143
31454
11040
2766
17234
20049
15396
30421
21457
469
673
1577
13950
15598
31784
18079
15703
29514
19790
18763
30234
30759
13079
19906
22877
9963
6354
16216
29513
19546
24618
3739
12501
16368
30195
15469
9534
23001
19527
6132
7501
19538
22919
9519
12084
19848
28167
31683
2339
4526
19398
19359
27765
10670
1763
15146
7734
26258
13330
27886
25875
23271
23557
9370
23366
24776
15891
8748
204
3617
16361
22503
5150
28248
8377
15700
22407
12425
3092
8177
8785
13456
4171
10767
10389
4481
1724
32270
5278
29664
6962
3109
3573
14696
29570
7359
30272
25190
25721
17565
13188
471
575
5610
6626
8877
2033
854
15117
6080
15373
3621
20563
16412
28342
17974
15928
8541
609
15409
17308
27768
23420
7383
3079
17020
3546
26930
14978
2431
19698
13615
13679
7593
11498
11085
3002
30241
19717
16126
6743
24061
15434
2326
3851
3534
7821
18538
27890
8823
2393
3554
126
16011
28468
22397
13217
24914
20036
30447
20534
20599
7576
8328
9715
17265
6253
11526
8386
11364
8872
19283
27171
20912
21847
17258
16927
30433
25316
26931
1691
18073
28579
20695
20999
1952
9998
9491
11333
4188
16061
3227
11597
991
14767
12308
14120
15048
29189
8163
3508
18287
8977
2255
4969
29443
14441
15689
16155
9089
29323
23257
24924
4225
30777
27146
16473
1558
14098
18674
25223
12057
10401
6885
15840
13658
10586
2817
1614
17407
19777
1964
26019
23990
23140
3656
31495
18677
23133
25903
1190
10747
17157
24631
1373
16042
31671
8231
7362
11669
7913
7331
4936
7932
23063
1555
7540
26479
17429
32145
9539
10858
31792
8544
26552
30945
3658
15941
31109
2903
12689
8573
27145
3093
1411
26396
27473
27551
11722
2290
13949
3206
30861
22529
17727
14378
22309
23532
11108
7114
741
19037
4727
17981
28119
2223
10699
11770
30103
16954
21010
24757
23541
25909
24706
19019
12116
14525
21480
3169
20422
24157
7732
21538
13951
19859
12384
2067
13391
15291
3727
11360
24921
8062
29899
6189
13885
11350
21023
17528
12863
1753
25080
32557
7171
17024
13341
29930
29220
3908
15982
3712
29193
18147
6635
31807
4716
27163
24410
27108
4021
5815
6796
10733
15065
23511
2762
24735
11719
30967
22459
21704
10375
23907
14916
28455
16219
19923
28476
20043
29330
31179
9543
17746
605
26107
16657
23405
4399
2649
5308
1118
12079
32176
8974
12103
26619
5072
20055
5854
32357
18473
24260
12152
27098
727
8482
1388
22812
9488
32612
21433
1853
6024
1502
29672
12938
20502
10527
24876
23616
13077
6093
14013
32762
7898
9193
29893
16585
21583
5709
8491
30207
6301
22372
18776
16916
8134
21489
8408
19034
8479
16419
16952
20553
5148
25580
20939
9745
7018
9587
3197
7838
20081
6279
30969
7101
30410
18952
22478
14829
19308
8392
4926
12498
19826
22552
11052
12048
21506
259
2493
27107
15488
2185
26637
11670
23567
1412
27033
9584
23900
5917
11792
19746
8398
28065
12950
11759
9002
31701
15518
10227
2373
30604
826
1631
22473
17135
24338
7719
11957
3287
19201
25812
22625
20251
1178
27403
1028
26669
1579
1459
4033
2629
24977
22125
10066
23714
24933
20215
5343
20665
2089
9682
12825
